# 
# Output from EIGENRAD program.
# 
# Eigenfunction for specific electronic state.
# The first column contains radius $r$ in bohr units.
# The second column holds value of eginefunction.
# 
# Use this file with gnuplot to create the plot.
#
0.000000e+00 0.000000e+00 -2.712090e-01
1.388889e-02 -3.766571e-03 -2.711931e-01
2.777778e-02 -7.531822e-03 -2.711456e-01
4.166667e-02 -1.129444e-02 -2.710665e-01
5.555556e-02 -1.505310e-02 -2.709559e-01
6.944444e-02 -1.880651e-02 -2.708138e-01
8.333333e-02 -2.255335e-02 -2.706402e-01
9.722222e-02 -2.629233e-02 -2.704354e-01
1.111111e-01 -3.002215e-02 -2.701994e-01
1.250000e-01 -3.374154e-02 -2.699323e-01
1.388889e-01 -3.744922e-02 -2.696344e-01
1.527778e-01 -4.114392e-02 -2.693057e-01
1.666667e-01 -4.482441e-02 -2.689464e-01
1.805556e-01 -4.848944e-02 -2.685569e-01
1.944444e-01 -5.213779e-02 -2.681372e-01
2.083333e-01 -5.576827e-02 -2.676877e-01
2.222222e-01 -5.937968e-02 -2.672086e-01
2.361111e-01 -6.297085e-02 -2.667001e-01
2.500000e-01 -6.654063e-02 -2.661625e-01
2.638889e-01 -7.008789e-02 -2.655962e-01
2.777778e-01 -7.361151e-02 -2.650014e-01
2.916667e-01 -7.711040e-02 -2.643785e-01
3.055556e-01 -8.058349e-02 -2.637278e-01
3.194444e-01 -8.402973e-02 -2.630496e-01
3.333333e-01 -8.744809e-02 -2.623443e-01
3.472222e-01 -9.083758e-02 -2.616122e-01
3.611111e-01 -9.419721e-02 -2.608538e-01
3.750000e-01 -9.752603e-02 -2.600694e-01
3.888889e-01 -1.008231e-01 -2.592594e-01
4.027778e-01 -1.040875e-01 -2.584242e-01
4.166667e-01 -1.073184e-01 -2.575643e-01
4.305556e-01 -1.105150e-01 -2.566799e-01
4.444444e-01 -1.136763e-01 -2.557717e-01
4.583333e-01 -1.168016e-01 -2.548399e-01
4.722222e-01 -1.198901e-01 -2.538850e-01
4.861111e-01 -1.229411e-01 -2.529075e-01
5.000000e-01 -1.259539e-01 -2.519077e-01
5.138889e-01 -1.289276e-01 -2.508862e-01
5.277778e-01 -1.318618e-01 -2.498433e-01
5.416667e-01 -1.347556e-01 -2.487796e-01
5.555556e-01 -1.376086e-01 -2.476955e-01
5.694444e-01 -1.404201e-01 -2.465914e-01
5.833333e-01 -1.431895e-01 -2.454678e-01
5.972222e-01 -1.459164e-01 -2.443251e-01
6.111111e-01 -1.486001e-01 -2.431638e-01
6.250000e-01 -1.512402e-01 -2.419844e-01
6.388889e-01 -1.538363e-01 -2.407872e-01
6.527778e-01 -1.563878e-01 -2.395728e-01
6.666667e-01 -1.588944e-01 -2.383417e-01
6.805556e-01 -1.613557e-01 -2.370941e-01
6.944444e-01 -1.637713e-01 -2.358307e-01
7.083333e-01 -1.661409e-01 -2.345518e-01
7.222222e-01 -1.684641e-01 -2.332580e-01
7.361111e-01 -1.707406e-01 -2.319495e-01
7.500000e-01 -1.729702e-01 -2.306269e-01
7.638889e-01 -1.751526e-01 -2.292907e-01
7.777778e-01 -1.772875e-01 -2.279411e-01
7.916667e-01 -1.793748e-01 -2.265788e-01
8.055556e-01 -1.814143e-01 -2.252040e-01
8.194444e-01 -1.834058e-01 -2.238172e-01
8.333333e-01 -1.853490e-01 -2.224188e-01
8.611111e-01 -1.890906e-01 -2.195890e-01
8.888889e-01 -1.926380e-01 -2.167178e-01
9.166667e-01 -1.959909e-01 -2.138082e-01
9.444444e-01 -1.991488e-01 -2.108635e-01
9.722222e-01 -2.021118e-01 -2.078865e-01
1.000000e+00 -2.048802e-01 -2.048802e-01
1.027778e+00 -2.074542e-01 -2.018473e-01
1.055556e+00 -2.098347e-01 -1.987908e-01
1.083333e+00 -2.120225e-01 -1.957131e-01
1.111111e+00 -2.140188e-01 -1.926169e-01
1.138889e+00 -2.158247e-01 -1.895046e-01
1.166667e+00 -2.174417e-01 -1.863786e-01
1.194444e+00 -2.188715e-01 -1.832413e-01
1.222222e+00 -2.201158e-01 -1.800947e-01
1.250000e+00 -2.211764e-01 -1.769411e-01
1.277778e+00 -2.220555e-01 -1.737826e-01
1.305556e+00 -2.227552e-01 -1.706210e-01
1.333333e+00 -2.232777e-01 -1.674582e-01
1.361111e+00 -2.236253e-01 -1.642962e-01
1.388889e+00 -2.238007e-01 -1.611365e-01
1.416667e+00 -2.238063e-01 -1.579809e-01
1.444444e+00 -2.236447e-01 -1.548309e-01
1.472222e+00 -2.233186e-01 -1.516881e-01
1.500000e+00 -2.228309e-01 -1.485539e-01
1.527778e+00 -2.221843e-01 -1.454297e-01
1.555556e+00 -2.213817e-01 -1.423168e-01
1.583333e+00 -2.204260e-01 -1.392164e-01
1.611111e+00 -2.193202e-01 -1.361298e-01
1.638889e+00 -2.180672e-01 -1.330580e-01
1.666667e+00 -2.166702e-01 -1.300021e-01
1.722222e+00 -2.134563e-01 -1.239424e-01
1.777778e+00 -2.097026e-01 -1.179577e-01
1.833333e+00 -2.054342e-01 -1.120550e-01
1.888889e+00 -2.006761e-01 -1.062403e-01
1.944444e+00 -1.954533e-01 -1.005189e-01
2.000000e+00 -1.897907e-01 -9.489533e-02
2.055556e+00 -1.837127e-01 -8.937374e-02
2.111111e+00 -1.772437e-01 -8.395754e-02
2.166667e+00 -1.704077e-01 -7.864972e-02
2.222222e+00 -1.632283e-01 -7.345276e-02
2.277778e+00 -1.557288e-01 -6.836873e-02
2.333333e+00 -1.479318e-01 -6.339933e-02
2.388889e+00 -1.398596e-01 -5.854587e-02
2.444444e+00 -1.315339e-01 -5.380934e-02
2.500000e+00 -1.229761e-01 -4.919042e-02
2.555556e+00 -1.142066e-01 -4.468953e-02
2.611111e+00 -1.052455e-01 -4.030679e-02
2.666667e+00 -9.611229e-02 -3.604211e-02
2.722222e+00 -8.682576e-02 -3.189518e-02
2.777778e+00 -7.740410e-02 -2.786548e-02
2.833333e+00 -6.786487e-02 -2.395231e-02
2.888889e+00 -5.822502e-02 -2.015482e-02
2.944444e+00 -4.850086e-02 -1.647199e-02
3.000000e+00 -3.870807e-02 -1.290269e-02
3.055556e+00 -2.886175e-02 -9.445663e-03
3.111111e+00 -1.897639e-02 -6.099553e-03
3.166667e+00 -9.065913e-03 -2.862920e-03
3.222222e+00 8.563024e-04 2.657490e-04
3.277778e+00 1.077741e-02 3.288023e-03
3.333333e+00 2.068504e-02 6.205513e-03
3.388889e+00 3.056804e-02 9.020079e-03
3.444444e+00 4.041519e-02 1.173344e-02
3.500000e+00 5.021595e-02 1.434741e-02
3.555556e+00 5.996032e-02 1.686384e-02
3.611111e+00 6.963882e-02 1.928460e-02
3.666667e+00 7.924247e-02 2.161158e-02
3.722222e+00 8.876279e-02 2.384672e-02
3.777778e+00 9.819176e-02 2.599194e-02
3.833333e+00 1.075219e-01 2.804918e-02
3.888889e+00 1.167460e-01 3.002039e-02
3.944444e+00 1.258574e-01 3.190751e-02
4.000000e+00 1.348500e-01 3.371250e-02
4.055556e+00 1.437179e-01 3.543728e-02
4.111111e+00 1.524556e-01 3.708379e-02
4.166667e+00 1.610582e-01 3.865396e-02
4.222222e+00 1.695209e-01 4.014968e-02
4.277778e+00 1.778394e-01 4.157285e-02
4.333333e+00 1.860099e-01 4.292536e-02
4.388889e+00 1.940286e-01 4.420904e-02
4.444444e+00 2.018922e-01 4.542575e-02
4.500000e+00 2.095978e-01 4.657729e-02
4.555556e+00 2.171427e-01 4.766547e-02
4.611111e+00 2.245244e-01 4.869204e-02
4.666667e+00 2.317409e-01 4.965876e-02
4.722222e+00 2.387902e-01 5.056734e-02
4.777778e+00 2.456708e-01 5.141947e-02
4.833333e+00 2.523813e-01 5.221682e-02
4.888889e+00 2.589205e-01 5.296102e-02
4.944444e+00 2.652877e-01 5.365368e-02
5.000000e+00 2.714819e-01 5.429638e-02
5.055556e+00 2.775029e-01 5.489068e-02
5.111111e+00 2.833502e-01 5.543808e-02
5.166667e+00 2.890238e-01 5.594009e-02
5.222222e+00 2.945237e-01 5.639816e-02
5.277778e+00 2.998503e-01 5.681374e-02
5.333333e+00 3.050038e-01 5.718821e-02
5.388889e+00 3.099848e-01 5.752296e-02
5.444444e+00 3.147941e-01 5.781933e-02
5.500000e+00 3.194325e-01 5.807863e-02
5.555556e+00 3.239009e-01 5.830215e-02
5.611111e+00 3.282003e-01 5.849115e-02
5.666667e+00 3.323322e-01 5.864685e-02
5.722222e+00 3.362976e-01 5.877045e-02
5.777778e+00 3.400981e-01 5.886313e-02
5.833333e+00 3.437351e-01 5.892601e-02
5.888889e+00 3.472102e-01 5.896023e-02
5.944444e+00 3.505252e-01 5.896686e-02
6.000000e+00 3.536818e-01 5.894697e-02
6.055556e+00 3.566818e-01 5.890158e-02
6.111111e+00 3.595271e-01 5.883171e-02
6.166667e+00 3.622198e-01 5.873834e-02
6.222222e+00 3.647617e-01 5.862242e-02
6.277778e+00 3.671551e-01 5.848488e-02
6.333333e+00 3.694020e-01 5.832663e-02
6.388889e+00 3.715045e-01 5.814854e-02
6.444444e+00 3.734650e-01 5.795147e-02
6.500000e+00 3.752857e-01 5.773626e-02
6.555556e+00 3.769688e-01 5.750372e-02
6.611111e+00 3.785167e-01 5.725462e-02
6.666667e+00 3.799317e-01 5.698975e-02
6.777778e+00 3.823725e-01 5.641562e-02
6.888889e+00 3.843101e-01 5.578695e-02
7.000000e+00 3.857640e-01 5.510914e-02
7.111111e+00 3.867536e-01 5.438722e-02
7.222222e+00 3.872985e-01 5.362594e-02
7.333333e+00 3.874181e-01 5.282975e-02
7.444444e+00 3.871319e-01 5.200279e-02
7.555556e+00 3.864590e-01 5.114899e-02
7.666667e+00 3.854184e-01 5.027197e-02
7.777778e+00 3.840289e-01 4.937515e-02
7.888889e+00 3.823090e-01 4.846170e-02
8.000000e+00 3.802767e-01 4.753459e-02
8.111111e+00 3.779500e-01 4.659657e-02
8.222222e+00 3.753462e-01 4.565021e-02
8.333333e+00 3.724824e-01 4.469789e-02
8.444444e+00 3.693751e-01 4.374179e-02
8.555556e+00 3.660405e-01 4.278396e-02
8.666667e+00 3.624944e-01 4.182627e-02
8.777778e+00 3.587518e-01 4.087045e-02
8.888889e+00 3.548275e-01 3.991809e-02
9.000000e+00 3.507357e-01 3.897063e-02
9.111111e+00 3.464901e-01 3.802940e-02
9.222222e+00 3.421040e-01 3.709562e-02
9.333333e+00 3.375901e-01 3.617037e-02
9.444444e+00 3.329607e-01 3.525466e-02
9.555556e+00 3.282274e-01 3.434938e-02
9.666667e+00 3.234017e-01 3.345534e-02
9.777778e+00 3.184942e-01 3.257327e-02
9.888889e+00 3.135155e-01 3.170382e-02
1.000000e+01 3.084756e-01 3.084756e-02
1.011111e+01 3.033835e-01 3.000496e-02
1.022222e+01 2.982484e-01 2.917647e-02
1.033333e+01 2.930787e-01 2.836246e-02
1.044444e+01 2.878827e-01 2.756323e-02
1.055556e+01 2.826679e-01 2.677906e-02
1.066667e+01 2.774417e-01 2.601015e-02
1.077778e+01 2.722109e-01 2.525668e-02
1.088889e+01 2.669820e-01 2.451876e-02
1.100000e+01 2.617612e-01 2.379648e-02
1.111111e+01 2.565543e-01 2.308988e-02
1.122222e+01 2.513666e-01 2.239900e-02
1.133333e+01 2.462031e-01 2.172381e-02
1.144444e+01 2.410688e-01 2.106426e-02
1.155556e+01 2.359679e-01 2.042030e-02
1.166667e+01 2.309047e-01 1.979183e-02
1.177778e+01 2.258830e-01 1.917874e-02
1.188889e+01 2.209062e-01 1.858090e-02
1.200000e+01 2.159779e-01 1.799815e-02
1.211111e+01 2.111008e-01 1.743034e-02
1.222222e+01 2.062779e-01 1.687729e-02
1.233333e+01 2.015117e-01 1.633879e-02
1.244444e+01 1.968045e-01 1.581465e-02
1.255556e+01 1.921585e-01 1.530466e-02
1.266667e+01 1.875754e-01 1.480858e-02
1.277778e+01 1.830571e-01 1.432620e-02
1.288889e+01 1.786049e-01 1.385728e-02
1.300000e+01 1.742204e-01 1.340157e-02
1.311111e+01 1.699046e-01 1.295882e-02
1.322222e+01 1.656585e-01 1.252880e-02
1.333333e+01 1.614831e-01 1.211123e-02
1.344444e+01 1.573790e-01 1.170587e-02
1.355556e+01 1.533467e-01 1.131246e-02
1.366667e+01 1.493868e-01 1.093074e-02
1.377778e+01 1.454996e-01 1.056046e-02
1.388889e+01 1.416853e-01 1.020134e-02
1.400000e+01 1.379439e-01 9.853137e-03
1.411111e+01 1.342755e-01 9.515590e-03
1.422222e+01 1.306801e-01 9.188443e-03
1.433333e+01 1.271573e-01 8.871442e-03
1.444444e+01 1.237071e-01 8.564334e-03
1.455556e+01 1.203289e-01 8.266870e-03
1.466667e+01 1.170224e-01 7.978803e-03
1.477778e+01 1.137872e-01 7.699888e-03
1.488889e+01 1.106227e-01 7.429884e-03
1.500000e+01 1.075283e-01 7.168554e-03
1.511111e+01 1.045033e-01 6.915663e-03
1.522222e+01 1.015471e-01 6.670980e-03
1.533333e+01 9.865895e-02 6.434279e-03
1.544444e+01 9.583799e-02 6.205337e-03
1.555556e+01 9.308344e-02 5.983935e-03
1.566667e+01 9.039445e-02 5.769858e-03
1.577778e+01 8.777014e-02 5.562896e-03
1.588889e+01 8.520959e-02 5.362842e-03
1.600000e+01 8.271189e-02 5.169493e-03
1.611111e+01 8.027606e-02 4.982652e-03
1.622222e+01 7.790115e-02 4.802125e-03
1.633333e+01 7.558615e-02 4.627724e-03
1.644444e+01 7.333008e-02 4.459261e-03
1.655556e+01 7.113190e-02 4.296558e-03
1.666667e+01 6.899061e-02 4.139436e-03
1.677778e+01 6.690516e-02 3.987725e-03
1.688889e+01 6.487454e-02 3.841256e-03
1.700000e+01 6.289769e-02 3.699864e-03
1.711111e+01 6.097358e-02 3.563391e-03
1.722222e+01 5.910116e-02 3.431680e-03
1.733333e+01 5.727940e-02 3.304581e-03
1.744444e+01 5.550726e-02 3.181945e-03
1.755556e+01 5.378370e-02 3.063629e-03
1.766667e+01 5.210770e-02 2.949492e-03
1.777778e+01 5.047822e-02 2.839400e-03
1.788889e+01 4.889427e-02 2.733220e-03
1.800000e+01 4.735482e-02 2.630823e-03
1.811111e+01 4.585888e-02 2.532086e-03
1.822222e+01 4.440546e-02 2.436885e-03
1.833333e+01 4.299358e-02 2.345104e-03
1.844444e+01 4.162227e-02 2.256629e-03
1.855556e+01 4.029056e-02 2.171348e-03
1.866667e+01 3.899752e-02 2.089153e-03
1.877778e+01 3.774222e-02 2.009941e-03
1.888889e+01 3.652372e-02 1.933609e-03
1.900000e+01 3.534113e-02 1.860059e-03
1.911111e+01 3.419355e-02 1.789197e-03
1.922222e+01 3.308010e-02 1.720930e-03
1.933333e+01 3.199992e-02 1.655168e-03
1.944444e+01 3.095215e-02 1.591825e-03
1.955556e+01 2.993596e-02 1.530816e-03
1.966667e+01 2.895054e-02 1.472061e-03
1.977778e+01 2.799506e-02 1.415480e-03
1.988889e+01 2.706874e-02 1.360998e-03
2.000000e+01 2.617080e-02 1.308540e-03
2.022222e+01 2.445702e-02 1.209413e-03
2.044444e+01 2.284786e-02 1.117558e-03
2.066667e+01 2.133761e-02 1.032465e-03
2.088889e+01 1.992085e-02 9.536576e-04
2.111111e+01 1.859236e-02 8.806905e-04
2.133333e+01 1.734717e-02 8.131488e-04
2.155556e+01 1.618057e-02 7.506450e-04
2.177778e+01 1.508803e-02 6.928178e-04
2.200000e+01 1.406527e-02 6.393303e-04
2.222222e+01 1.310819e-02 5.898685e-04
2.244444e+01 1.221292e-02 5.441401e-04
2.266667e+01 1.137578e-02 5.018726e-04
2.288889e+01 1.059326e-02 4.628125e-04
2.311111e+01 9.862068e-03 4.267241e-04
2.333333e+01 9.179054e-03 3.933880e-04
2.355556e+01 8.541255e-03 3.626005e-04
2.377778e+01 7.945868e-03 3.341720e-04
2.400000e+01 7.390247e-03 3.079269e-04
2.422222e+01 6.871892e-03 2.837019e-04
2.444444e+01 6.388448e-03 2.613456e-04
2.466667e+01 5.937698e-03 2.407175e-04
2.488889e+01 5.517553e-03 2.216874e-04
2.511111e+01 5.126045e-03 2.041345e-04
2.533333e+01 4.761326e-03 1.879471e-04
2.555556e+01 4.421657e-03 1.730214e-04
2.577778e+01 4.105402e-03 1.592613e-04
2.600000e+01 3.811023e-03 1.465778e-04
2.622222e+01 3.537071e-03 1.348883e-04
2.644444e+01 3.282182e-03 1.241161e-04
2.666667e+01 3.045071e-03 1.141902e-04
2.688889e+01 2.824588e-03 1.050467e-04
2.711111e+01 2.619594e-03 9.662436e-05
2.733333e+01 2.429046e-03 8.886752e-05
2.755556e+01 2.251966e-03 8.172459e-05
2.777778e+01 2.087441e-03 7.514787e-05
2.800000e+01 1.934611e-03 6.909325e-05
2.822222e+01 1.792676e-03 6.352000e-05
2.844444e+01 1.660884e-03 5.839047e-05
2.866667e+01 1.538536e-03 5.366988e-05
2.888889e+01 1.424977e-03 4.932613e-05
2.911111e+01 1.319595e-03 4.532961e-05
2.933333e+01 1.221820e-03 4.165296e-05
2.955556e+01 1.131120e-03 3.827097e-05
2.977778e+01 1.046998e-03 3.516037e-05
3.000000e+01 9.689906e-04 3.229969e-05
3.022222e+01 8.966674e-04 2.966914e-05
3.044444e+01 8.296259e-04 2.725049e-05
3.066667e+01 7.674912e-04 2.502689e-05
3.088889e+01 7.099142e-04 2.298283e-05
3.111111e+01 6.565693e-04 2.110401e-05
3.133333e+01 6.071536e-04 1.937724e-05
3.155556e+01 5.613847e-04 1.779036e-05
3.177778e+01 5.189997e-04 1.633216e-05
3.200000e+01 4.797541e-04 1.499232e-05
3.222222e+01 4.434202e-04 1.376132e-05
3.244444e+01 4.097866e-04 1.263041e-05
3.266667e+01 3.786572e-04 1.159155e-05
3.288889e+01 3.498501e-04 1.063733e-05
3.311111e+01 3.231974e-04 9.760994e-06
3.333333e+01 2.985444e-04 8.956331e-06
3.355556e+01 2.757388e-04 8.217381e-06
3.377778e+01 2.546457e-04 7.538854e-06
3.400000e+01 2.351398e-04 6.915877e-06
3.422222e+01 2.171043e-04 6.343957e-06
3.444444e+01 2.004308e-04 5.818958e-06
3.466667e+01 1.850183e-04 5.337067e-06
3.488889e+01 1.707734e-04 4.894778e-06
3.511111e+01 1.576090e-04 4.488863e-06
3.533333e+01 1.454445e-04 4.116355e-06
3.555556e+01 1.342054e-04 3.774526e-06
3.577778e+01 1.238223e-04 3.460871e-06
3.600000e+01 1.142311e-04 3.173085e-06
3.622222e+01 1.053724e-04 2.909053e-06
3.644444e+01 9.719120e-05 2.666832e-06
3.666667e+01 8.963661e-05 2.444635e-06
3.688889e+01 8.266147e-05 2.240823e-06
3.711111e+01 7.622210e-05 2.053889e-06
3.733333e+01 7.027807e-05 1.882448e-06
3.755556e+01 6.479190e-05 1.725228e-06
3.777778e+01 5.972888e-05 1.581059e-06
3.800000e+01 5.505686e-05 1.448865e-06
3.822222e+01 5.074602e-05 1.327657e-06
3.844444e+01 4.676876e-05 1.216528e-06
3.866667e+01 4.309952e-05 1.114643e-06
3.888889e+01 3.971466e-05 1.021234e-06
3.911111e+01 3.659235e-05 9.355997e-07
3.933333e+01 3.371247e-05 8.570967e-07
3.955556e+01 3.105658e-05 7.851382e-07
3.977778e+01 2.860782e-05 7.191911e-07
4.000000e+01 2.635092e-05 6.587731e-07
4.044444e+01 2.235567e-05 5.527500e-07
4.088889e+01 1.895475e-05 4.635673e-07
4.133333e+01 1.606414e-05 3.886487e-07
4.177778e+01 1.361028e-05 3.257779e-07
4.222222e+01 1.152907e-05 2.730570e-07
4.266667e+01 9.764991e-06 2.288670e-07
4.311111e+01 8.270141e-06 1.918332e-07
4.355556e+01 7.003445e-06 1.607934e-07
4.400000e+01 5.929848e-06 1.347693e-07
4.444444e+01 5.019585e-06 1.129407e-07
4.488889e+01 4.247502e-06 9.462256e-08
4.533333e+01 3.592421e-06 7.924458e-08
4.577778e+01 3.036568e-06 6.633279e-08
4.622222e+01 2.565042e-06 5.549370e-08
4.666667e+01 2.165348e-06 4.640031e-08
4.711111e+01 1.826972e-06 3.878006e-08
4.755556e+01 1.541012e-06 3.240447e-08
4.800000e+01 1.299867e-06 2.708057e-08
4.844444e+01 1.096966e-06 2.264379e-08
4.888889e+01 9.265599e-07 1.895236e-08
4.933333e+01 7.835613e-07 1.588300e-08
4.977778e+01 6.634366e-07 1.332797e-08
5.022222e+01 5.621510e-07 1.119327e-08
5.066667e+01 4.761648e-07 9.397990e-09
5.111111e+01 4.024835e-07 7.874677e-09
5.155556e+01 3.387583e-07 6.570744e-09
5.200000e+01 2.834403e-07 5.450776e-09
5.244444e+01 2.359860e-07 4.499733e-09
5.288889e+01 1.971153e-07 3.726969e-09
5.333333e+01 1.691218e-07 3.171034e-09
5.422222e+01 1.209503e-07 2.230641e-09
5.511111e+01 8.554406e-08 1.552211e-09
5.600000e+01 5.998102e-08 1.071090e-09
5.688889e+01 4.186499e-08 7.359080e-10
5.777778e+01 2.926073e-08 5.064358e-10
5.866667e+01 2.063317e-08 3.517017e-10
5.955556e+01 1.479061e-08 2.483498e-10
6.044444e+01 1.083212e-08 1.792079e-10
6.133333e+01 8.098913e-09 1.320475e-10
6.222222e+01 6.129891e-09 9.851610e-11
6.311111e+01 4.621223e-09 7.322360e-11
6.400000e+01 3.390031e-09 5.296924e-11
6.488889e+01 2.342156e-09 3.609487e-11
6.577778e+01 1.444003e-09 2.195275e-11
6.666667e+01 6.984802e-10 1.047720e-11
6.755556e+01 1.250171e-10 1.850582e-12
6.844444e+01 -2.563315e-10 -3.745103e-12
6.933333e+01 -4.366961e-10 -6.298502e-12
7.022222e+01 -4.261188e-10 -6.068148e-12
7.111111e+01 -2.571941e-10 -3.616792e-12
7.200000e+01 1.537447e-11 2.135344e-13
7.288889e+01 3.193026e-10 4.380676e-12
7.377778e+01 5.733386e-10 7.771156e-12
7.466667e+01 6.999616e-10 9.374485e-12
7.555556e+01 6.421639e-10 8.499228e-12
7.644444e+01 3.843193e-10 5.027432e-12
7.733333e+01 -2.286499e-11 -2.956680e-13
7.822222e+01 -4.333106e-10 -5.539482e-12
7.911111e+01 -5.724461e-10 -7.235976e-12
8.000000e+01 -3.745475e-24
