# 
# Output from EIGENRAD program.
# 
# Eigenfunction for specific electronic state.
# The first column contains radius $r$ in bohr units.
# The second column holds value of eginefunction.
# 
# Use this file with gnuplot to create the plot.
#
0.000000e+00 0.000000e+00 1.611363e-01
1.388889e-02 2.237866e-03 1.611263e-01
2.777778e-02 4.474906e-03 1.610966e-01
4.166667e-02 6.710300e-03 1.610472e-01
5.555556e-02 8.943225e-03 1.609781e-01
6.944444e-02 1.117286e-02 1.608892e-01
8.333333e-02 1.339840e-02 1.607808e-01
9.722222e-02 1.561901e-02 1.606527e-01
1.111111e-01 1.783391e-02 1.605052e-01
1.250000e-01 2.004228e-02 1.603382e-01
1.388889e-01 2.224333e-02 1.601520e-01
1.527778e-01 2.443627e-02 1.599465e-01
1.666667e-01 2.662032e-02 1.597219e-01
1.805556e-01 2.879471e-02 1.594784e-01
1.944444e-01 3.095867e-02 1.592160e-01
2.083333e-01 3.311146e-02 1.589350e-01
2.222222e-01 3.525231e-02 1.586354e-01
2.361111e-01 3.738052e-02 1.583175e-01
2.500000e-01 3.949534e-02 1.579814e-01
2.638889e-01 4.159607e-02 1.576272e-01
2.777778e-01 4.368202e-02 1.572553e-01
2.916667e-01 4.575250e-02 1.568657e-01
3.055556e-01 4.780684e-02 1.564587e-01
3.194444e-01 4.984438e-02 1.560346e-01
3.333333e-01 5.186447e-02 1.555934e-01
3.472222e-01 5.386650e-02 1.551355e-01
3.611111e-01 5.584984e-02 1.546611e-01
3.750000e-01 5.781389e-02 1.541704e-01
3.888889e-01 5.975808e-02 1.536636e-01
4.027778e-01 6.168183e-02 1.531411e-01
4.166667e-01 6.358459e-02 1.526030e-01
4.305556e-01 6.546582e-02 1.520497e-01
4.444444e-01 6.732501e-02 1.514813e-01
4.583333e-01 6.916164e-02 1.508981e-01
4.722222e-01 7.097523e-02 1.503005e-01
4.861111e-01 7.276531e-02 1.496886e-01
5.000000e-01 7.453142e-02 1.490628e-01
5.138889e-01 7.627311e-02 1.484234e-01
5.277778e-01 7.798998e-02 1.477705e-01
5.416667e-01 7.968161e-02 1.471045e-01
5.555556e-01 8.134760e-02 1.464257e-01
5.694444e-01 8.298759e-02 1.457343e-01
5.833333e-01 8.460121e-02 1.450307e-01
5.972222e-01 8.618813e-02 1.443150e-01
6.111111e-01 8.774802e-02 1.435877e-01
6.250000e-01 8.928055e-02 1.428489e-01
6.388889e-01 9.078545e-02 1.420990e-01
6.527778e-01 9.226243e-02 1.413382e-01
6.666667e-01 9.371122e-02 1.405668e-01
6.805556e-01 9.513157e-02 1.397852e-01
6.944444e-01 9.652326e-02 1.389935e-01
7.083333e-01 9.788605e-02 1.381921e-01
7.222222e-01 9.921974e-02 1.373812e-01
7.361111e-01 1.005241e-01 1.365611e-01
7.500000e-01 1.017991e-01 1.357321e-01
7.638889e-01 1.030444e-01 1.348945e-01
7.777778e-01 1.042599e-01 1.340484e-01
7.916667e-01 1.054455e-01 1.331943e-01
8.055556e-01 1.066011e-01 1.323324e-01
8.194444e-01 1.077265e-01 1.314628e-01
8.333333e-01 1.088216e-01 1.305859e-01
8.611111e-01 1.109208e-01 1.288113e-01
8.888889e-01 1.128981e-01 1.270104e-01
9.166667e-01 1.147531e-01 1.251852e-01
9.444444e-01 1.164856e-01 1.233377e-01
9.722222e-01 1.180957e-01 1.214698e-01
1.000000e+00 1.195833e-01 1.195833e-01
1.027778e+00 1.209489e-01 1.176800e-01
1.055556e+00 1.221928e-01 1.157616e-01
1.083333e+00 1.233157e-01 1.138298e-01
1.111111e+00 1.243181e-01 1.118863e-01
1.138889e+00 1.252009e-01 1.099325e-01
1.166667e+00 1.259650e-01 1.079700e-01
1.194444e+00 1.266115e-01 1.060003e-01
1.222222e+00 1.271414e-01 1.040248e-01
1.250000e+00 1.275561e-01 1.020448e-01
1.277778e+00 1.278567e-01 1.000617e-01
1.305556e+00 1.280447e-01 9.807677e-02
1.333333e+00 1.281215e-01 9.609113e-02
1.361111e+00 1.280887e-01 9.410599e-02
1.388889e+00 1.279479e-01 9.212247e-02
1.416667e+00 1.277007e-01 9.014164e-02
1.444444e+00 1.273488e-01 8.816453e-02
1.472222e+00 1.268939e-01 8.619212e-02
1.500000e+00 1.263380e-01 8.422534e-02
1.527778e+00 1.256828e-01 8.226511e-02
1.555556e+00 1.249302e-01 8.031227e-02
1.583333e+00 1.240821e-01 7.836765e-02
1.611111e+00 1.231405e-01 7.643202e-02
1.638889e+00 1.221073e-01 7.450614e-02
1.666667e+00 1.209845e-01 7.259070e-02
1.722222e+00 1.184784e-01 6.879392e-02
1.777778e+00 1.156382e-01 6.504648e-02
1.833333e+00 1.124804e-01 6.135296e-02
1.888889e+00 1.090218e-01 5.771742e-02
1.944444e+00 1.052790e-01 5.414347e-02
2.000000e+00 1.012685e-01 5.063427e-02
2.055556e+00 9.700703e-02 4.719261e-02
2.111111e+00 9.251079e-02 4.382090e-02
2.166667e+00 8.779605e-02 4.052126e-02
2.222222e+00 8.287881e-02 3.729547e-02
2.277778e+00 7.777484e-02 3.414505e-02
2.333333e+00 7.249966e-02 3.107128e-02
2.388889e+00 6.706848e-02 2.807518e-02
2.444444e+00 6.149622e-02 2.515754e-02
2.500000e+00 5.579745e-02 2.231898e-02
2.555556e+00 4.998641e-02 1.955990e-02
2.611111e+00 4.407695e-02 1.688053e-02
2.666667e+00 3.808255e-02 1.428096e-02
2.722222e+00 3.201631e-02 1.176110e-02
2.777778e+00 2.589092e-02 9.320732e-03
2.833333e+00 1.971866e-02 6.959527e-03
2.888889e+00 1.351141e-02 4.677025e-03
2.944444e+00 7.280625e-03 2.472665e-03
3.000000e+00 1.037379e-03 3.457930e-04
3.055556e+00 -5.207676e-03 -1.704330e-03
3.111111e+00 -1.144428e-02 -3.678519e-03
3.166667e+00 -1.766256e-02 -5.577651e-03
3.222222e+00 -2.385302e-02 -7.402661e-03
3.277778e+00 -3.000651e-02 -9.154530e-03
3.333333e+00 -3.611426e-02 -1.083428e-02
3.388889e+00 -4.216822e-02 -1.244308e-02
3.444444e+00 -4.816039e-02 -1.398205e-02
3.500000e+00 -5.408324e-02 -1.545235e-02
3.555556e+00 -5.992959e-02 -1.685520e-02
3.611111e+00 -6.569263e-02 -1.819180e-02
3.666667e+00 -7.136592e-02 -1.946343e-02
3.722222e+00 -7.694336e-02 -2.067135e-02
3.777778e+00 -8.241921e-02 -2.181685e-02
3.833333e+00 -8.778804e-02 -2.290123e-02
3.888889e+00 -9.304476e-02 -2.392580e-02
3.944444e+00 -9.818460e-02 -2.489187e-02
4.000000e+00 -1.032031e-01 -2.580077e-02
4.055556e+00 -1.080961e-01 -2.665383e-02
4.111111e+00 -1.128597e-01 -2.745236e-02
4.166667e+00 -1.174904e-01 -2.819769e-02
4.222222e+00 -1.219848e-01 -2.889114e-02
4.277778e+00 -1.263400e-01 -2.953403e-02
4.333333e+00 -1.305531e-01 -3.012765e-02
4.388889e+00 -1.346218e-01 -3.067331e-02
4.444444e+00 -1.385436e-01 -3.117231e-02
4.500000e+00 -1.423166e-01 -3.162591e-02
4.555556e+00 -1.459390e-01 -3.203539e-02
4.611111e+00 -1.494093e-01 -3.240201e-02
4.666667e+00 -1.527261e-01 -3.272701e-02
4.722222e+00 -1.558882e-01 -3.301162e-02
4.777778e+00 -1.588948e-01 -3.325705e-02
4.833333e+00 -1.617451e-01 -3.346449e-02
4.888889e+00 -1.644385e-01 -3.363514e-02
4.944444e+00 -1.669747e-01 -3.377016e-02
5.000000e+00 -1.693534e-01 -3.387069e-02
5.055556e+00 -1.715748e-01 -3.393786e-02
5.111111e+00 -1.736388e-01 -3.397280e-02
5.166667e+00 -1.755457e-01 -3.397659e-02
5.222222e+00 -1.772961e-01 -3.395031e-02
5.277778e+00 -1.788904e-01 -3.389502e-02
5.333333e+00 -1.803294e-01 -3.381176e-02
5.388889e+00 -1.816139e-01 -3.370155e-02
5.444444e+00 -1.827449e-01 -3.356538e-02
5.500000e+00 -1.837234e-01 -3.340425e-02
5.555556e+00 -1.845506e-01 -3.321911e-02
5.611111e+00 -1.852278e-01 -3.301090e-02
5.666667e+00 -1.857565e-01 -3.278056e-02
5.722222e+00 -1.861380e-01 -3.252898e-02
5.777778e+00 -1.863741e-01 -3.225705e-02
5.833333e+00 -1.864662e-01 -3.196564e-02
5.888889e+00 -1.864163e-01 -3.165559e-02
5.944444e+00 -1.862260e-01 -3.132774e-02
6.000000e+00 -1.858974e-01 -3.098290e-02
6.055556e+00 -1.854323e-01 -3.062184e-02
6.111111e+00 -1.848328e-01 -3.024536e-02
6.166667e+00 -1.841009e-01 -2.985420e-02
6.222222e+00 -1.832388e-01 -2.944909e-02
6.277778e+00 -1.822487e-01 -2.903077e-02
6.333333e+00 -1.811328e-01 -2.859992e-02
6.388889e+00 -1.798934e-01 -2.815723e-02
6.444444e+00 -1.785328e-01 -2.770336e-02
6.500000e+00 -1.770533e-01 -2.723897e-02
6.555556e+00 -1.754574e-01 -2.676468e-02
6.611111e+00 -1.737474e-01 -2.628112e-02
6.666667e+00 -1.719258e-01 -2.578887e-02
6.777778e+00 -1.679577e-01 -2.478064e-02
6.888889e+00 -1.635728e-01 -2.374444e-02
7.000000e+00 -1.587914e-01 -2.268449e-02
7.111111e+00 -1.536339e-01 -2.160477e-02
7.222222e+00 -1.481208e-01 -2.050904e-02
7.333333e+00 -1.422725e-01 -1.940079e-02
7.444444e+00 -1.361093e-01 -1.828334e-02
7.555556e+00 -1.296516e-01 -1.715977e-02
7.666667e+00 -1.229195e-01 -1.603298e-02
7.777778e+00 -1.159328e-01 -1.490565e-02
7.888889e+00 -1.087113e-01 -1.378031e-02
8.000000e+00 -1.012743e-01 -1.265928e-02
8.111111e+00 -9.364075e-02 -1.154475e-02
8.222222e+00 -8.582945e-02 -1.043872e-02
8.333333e+00 -7.785865e-02 -9.343038e-03
8.444444e+00 -6.974621e-02 -8.259420e-03
8.555556e+00 -6.150956e-02 -7.189430e-03
8.666667e+00 -5.316567e-02 -6.134500e-03
8.777778e+00 -4.473100e-02 -5.095937e-03
8.888889e+00 -3.622155e-02 -4.074924e-03
9.000000e+00 -2.765277e-02 -3.072530e-03
9.111111e+00 -1.903962e-02 -2.089715e-03
9.222222e+00 -1.039653e-02 -1.127334e-03
9.333333e+00 -1.737372e-03 -1.861470e-04
9.444444e+00 6.924479e-03 7.331801e-04
9.555556e+00 1.557619e-02 1.630066e-03
9.666667e+00 2.420545e-02 2.504012e-03
9.777778e+00 3.280046e-02 3.354592e-03
9.888889e+00 4.134991e-02 4.181452e-03
1.000000e+01 4.984300e-02 4.984300e-03
1.011111e+01 5.826973e-02 5.762940e-03
1.022222e+01 6.662037e-02 6.517210e-03
1.033333e+01 7.488573e-02 7.247006e-03
1.044444e+01 8.305713e-02 7.952278e-03
1.055556e+01 9.112639e-02 8.633027e-03
1.066667e+01 9.908583e-02 9.289297e-03
1.077778e+01 1.069282e-01 9.921176e-03
1.088889e+01 1.146468e-01 1.052879e-02
1.100000e+01 1.222354e-01 1.111231e-02
1.111111e+01 1.296880e-01 1.167192e-02
1.122222e+01 1.369993e-01 1.220786e-02
1.133333e+01 1.441643e-01 1.272038e-02
1.144444e+01 1.511783e-01 1.320976e-02
1.155556e+01 1.580373e-01 1.367630e-02
1.166667e+01 1.647373e-01 1.412034e-02
1.177778e+01 1.712751e-01 1.454223e-02
1.188889e+01 1.776475e-01 1.494231e-02
1.200000e+01 1.838518e-01 1.532098e-02
1.211111e+01 1.898856e-01 1.567863e-02
1.222222e+01 1.957469e-01 1.601565e-02
1.233333e+01 2.014339e-01 1.633248e-02
1.244444e+01 2.069453e-01 1.662953e-02
1.255556e+01 2.122798e-01 1.690724e-02
1.266667e+01 2.174367e-01 1.716606e-02
1.277778e+01 2.224153e-01 1.740641e-02
1.288889e+01 2.272152e-01 1.762876e-02
1.300000e+01 2.318364e-01 1.783357e-02
1.311111e+01 2.362789e-01 1.802127e-02
1.322222e+01 2.405432e-01 1.819234e-02
1.333333e+01 2.446297e-01 1.834723e-02
1.344444e+01 2.485393e-01 1.848639e-02
1.355556e+01 2.522728e-01 1.861029e-02
1.366667e+01 2.558315e-01 1.871938e-02
1.377778e+01 2.592165e-01 1.881410e-02
1.388889e+01 2.624294e-01 1.889491e-02
1.400000e+01 2.654717e-01 1.896226e-02
1.411111e+01 2.683451e-01 1.901658e-02
1.422222e+01 2.710516e-01 1.905832e-02
1.433333e+01 2.735932e-01 1.908789e-02
1.444444e+01 2.759718e-01 1.910574e-02
1.455556e+01 2.781899e-01 1.911228e-02
1.466667e+01 2.802496e-01 1.910792e-02
1.477778e+01 2.821533e-01 1.909308e-02
1.488889e+01 2.839037e-01 1.906816e-02
1.500000e+01 2.855031e-01 1.903354e-02
1.511111e+01 2.869543e-01 1.898962e-02
1.522222e+01 2.882600e-01 1.893679e-02
1.533333e+01 2.894228e-01 1.887540e-02
1.544444e+01 2.904457e-01 1.880584e-02
1.555556e+01 2.913314e-01 1.872845e-02
1.566667e+01 2.920829e-01 1.864359e-02
1.577778e+01 2.927030e-01 1.855160e-02
1.588889e+01 2.931947e-01 1.845282e-02
1.600000e+01 2.935611e-01 1.834757e-02
1.611111e+01 2.938050e-01 1.823617e-02
1.622222e+01 2.939295e-01 1.811894e-02
1.633333e+01 2.939376e-01 1.799618e-02
1.644444e+01 2.938323e-01 1.786818e-02
1.655556e+01 2.936167e-01 1.773524e-02
1.666667e+01 2.932937e-01 1.759762e-02
1.677778e+01 2.928665e-01 1.745562e-02
1.688889e+01 2.923379e-01 1.730948e-02
1.700000e+01 2.917111e-01 1.715948e-02
1.711111e+01 2.909889e-01 1.700585e-02
1.722222e+01 2.901744e-01 1.684884e-02
1.733333e+01 2.892705e-01 1.668868e-02
1.744444e+01 2.882801e-01 1.652561e-02
1.755556e+01 2.872061e-01 1.635984e-02
1.766667e+01 2.860514e-01 1.619159e-02
1.777778e+01 2.848189e-01 1.602106e-02
1.788889e+01 2.835112e-01 1.584845e-02
1.800000e+01 2.821314e-01 1.567396e-02
1.811111e+01 2.806819e-01 1.549778e-02
1.822222e+01 2.791657e-01 1.532007e-02
1.833333e+01 2.775853e-01 1.514101e-02
1.844444e+01 2.759433e-01 1.496078e-02
1.855556e+01 2.742425e-01 1.477954e-02
1.866667e+01 2.724853e-01 1.459742e-02
1.877778e+01 2.706742e-01 1.441460e-02
1.888889e+01 2.688117e-01 1.423121e-02
1.900000e+01 2.669002e-01 1.404738e-02
1.911111e+01 2.649421e-01 1.386325e-02
1.922222e+01 2.629398e-01 1.367895e-02
1.933333e+01 2.608955e-01 1.349459e-02
1.944444e+01 2.588115e-01 1.331030e-02
1.955556e+01 2.566899e-01 1.312619e-02
1.966667e+01 2.545330e-01 1.294236e-02
1.977778e+01 2.523428e-01 1.275891e-02
1.988889e+01 2.501214e-01 1.257594e-02
2.000000e+01 2.478708e-01 1.239354e-02
2.022222e+01 2.432899e-01 1.203082e-02
2.044444e+01 2.386151e-01 1.167139e-02
2.066667e+01 2.338609e-01 1.131585e-02
2.088889e+01 2.290410e-01 1.096473e-02
2.111111e+01 2.241684e-01 1.061850e-02
2.133333e+01 2.192553e-01 1.027759e-02
2.155556e+01 2.143133e-01 9.942370e-03
2.177778e+01 2.093532e-01 9.613157e-03
2.200000e+01 2.043851e-01 9.290234e-03
2.222222e+01 1.994187e-01 8.973840e-03
2.244444e+01 1.944627e-01 8.664178e-03
2.266667e+01 1.895254e-01 8.361414e-03
2.288889e+01 1.846145e-01 8.065682e-03
2.311111e+01 1.797371e-01 7.777088e-03
2.333333e+01 1.748999e-01 7.495708e-03
2.355556e+01 1.701087e-01 7.221595e-03
2.377778e+01 1.653691e-01 6.954776e-03
2.400000e+01 1.606862e-01 6.695258e-03
2.422222e+01 1.560645e-01 6.443029e-03
2.444444e+01 1.515081e-01 6.198059e-03
2.466667e+01 1.470208e-01 5.960301e-03
2.488889e+01 1.426057e-01 5.729694e-03
2.511111e+01 1.382659e-01 5.506164e-03
2.533333e+01 1.340038e-01 5.289625e-03
2.555556e+01 1.298217e-01 5.079982e-03
2.577778e+01 1.257215e-01 4.877128e-03
2.600000e+01 1.217048e-01 4.680953e-03
2.622222e+01 1.177728e-01 4.491335e-03
2.644444e+01 1.139267e-01 4.308151e-03
2.666667e+01 1.101673e-01 4.131272e-03
2.688889e+01 1.064950e-01 3.960557e-03
2.711111e+01 1.029102e-01 3.795869e-03
2.733333e+01 9.941320e-02 3.637068e-03
2.755556e+01 9.600381e-02 3.484009e-03
2.777778e+01 9.268184e-02 3.336546e-03
2.800000e+01 8.944693e-02 3.194533e-03
2.822222e+01 8.629857e-02 3.057823e-03
2.844444e+01 8.323608e-02 2.926269e-03
2.866667e+01 8.025872e-02 2.799723e-03
2.888889e+01 7.736557e-02 2.678039e-03
2.911111e+01 7.455567e-02 2.561073e-03
2.933333e+01 7.182792e-02 2.448679e-03
2.955556e+01 6.918117e-02 2.340716e-03
2.977778e+01 6.661418e-02 2.237043e-03
3.000000e+01 6.412565e-02 2.137522e-03
3.022222e+01 6.171421e-02 2.042014e-03
3.044444e+01 5.937847e-02 1.950388e-03
3.066667e+01 5.711697e-02 1.862510e-03
3.088889e+01 5.492822e-02 1.778252e-03
3.111111e+01 5.281070e-02 1.697487e-03
3.133333e+01 5.076288e-02 1.620092e-03
3.155556e+01 4.878320e-02 1.545946e-03
3.177778e+01 4.687007e-02 1.474932e-03
3.200000e+01 4.502192e-02 1.406935e-03
3.222222e+01 4.323715e-02 1.341843e-03
3.244444e+01 4.151418e-02 1.279547e-03
3.266667e+01 3.985141e-02 1.219941e-03
3.288889e+01 3.824725e-02 1.162923e-03
3.311111e+01 3.670012e-02 1.108393e-03
3.333333e+01 3.520844e-02 1.056253e-03
3.355556e+01 3.377068e-02 1.006411e-03
3.377778e+01 3.238529e-02 9.587750e-04
3.400000e+01 3.105075e-02 9.132573e-04
3.422222e+01 2.976555e-02 8.697726e-04
3.444444e+01 2.852822e-02 8.282386e-04
3.466667e+01 2.733729e-02 7.885756e-04
3.488889e+01 2.619132e-02 7.507067e-04
3.511111e+01 2.508892e-02 7.145579e-04
3.533333e+01 2.402869e-02 6.800573e-04
3.555556e+01 2.300928e-02 6.471361e-04
3.577778e+01 2.202936e-02 6.157275e-04
3.600000e+01 2.108763e-02 5.857674e-04
3.622222e+01 2.018281e-02 5.571940e-04
3.644444e+01 1.931365e-02 5.299478e-04
3.666667e+01 1.847895e-02 5.039714e-04
3.688889e+01 1.767752e-02 4.792099e-04
3.711111e+01 1.690820e-02 4.556101e-04
3.733333e+01 1.616986e-02 4.331212e-04
3.755556e+01 1.546141e-02 4.116942e-04
3.777778e+01 1.478177e-02 3.912822e-04
3.800000e+01 1.412992e-02 3.718400e-04
3.822222e+01 1.350484e-02 3.533242e-04
3.844444e+01 1.290555e-02 3.356934e-04
3.866667e+01 1.233110e-02 3.189077e-04
3.888889e+01 1.178057e-02 3.029288e-04
3.911111e+01 1.125306e-02 2.877202e-04
3.933333e+01 1.074770e-02 2.732466e-04
3.955556e+01 1.026365e-02 2.594743e-04
3.977778e+01 9.800099e-03 2.463712e-04
4.000000e+01 9.356248e-03 2.339062e-04
4.044444e+01 8.524638e-03 2.107740e-04
4.088889e+01 7.763019e-03 1.898564e-04
4.133333e+01 7.065956e-03 1.709505e-04
4.177778e+01 6.428385e-03 1.538709e-04
4.222222e+01 5.845592e-03 1.384482e-04
4.266667e+01 5.313195e-03 1.245280e-04
4.311111e+01 4.827123e-03 1.119693e-04
4.355556e+01 4.383600e-03 1.006439e-04
4.400000e+01 3.979128e-03 9.043472e-05
4.444444e+01 3.610468e-03 8.123552e-05
4.488889e+01 3.274626e-03 7.294959e-05
4.533333e+01 2.968839e-03 6.548909e-05
4.577778e+01 2.690554e-03 5.877424e-05
4.622222e+01 2.437422e-03 5.273270e-05
4.666667e+01 2.207279e-03 4.729883e-05
4.711111e+01 1.998133e-03 4.241320e-05
4.755556e+01 1.808155e-03 3.802194e-05
4.800000e+01 1.635664e-03 3.407633e-05
4.844444e+01 1.479119e-03 3.053228e-05
4.888889e+01 1.337107e-03 2.734991e-05
4.933333e+01 1.208331e-03 2.449319e-05
4.977778e+01 1.091605e-03 2.192956e-05
5.022222e+01 9.858431e-04 1.962962e-05
5.066667e+01 8.900521e-04 1.756682e-05
5.111111e+01 8.033238e-04 1.571720e-05
5.155556e+01 7.248287e-04 1.405918e-05
5.200000e+01 6.538100e-04 1.257327e-05
5.244444e+01 5.895781e-04 1.124196e-05
5.288889e+01 5.315060e-04 1.004948e-05
5.333333e+01 4.790248e-04 8.981716e-06
5.422222e+01 3.890232e-04 7.174607e-06
5.511111e+01 3.153222e-04 5.721573e-06
5.600000e+01 2.551989e-04 4.557124e-06
5.688889e+01 2.063158e-04 3.626645e-06
5.777778e+01 1.666810e-04 2.884864e-06
5.866667e+01 1.346108e-04 2.294502e-06
5.955556e+01 1.086934e-04 1.825076e-06
6.044444e+01 8.775625e-05 1.451850e-06
6.133333e+01 7.083424e-05 1.154906e-06
6.222222e+01 5.714127e-05 9.183418e-07
6.311111e+01 4.604332e-05 7.295596e-07
6.400000e+01 3.703409e-05 5.786577e-07
6.488889e+01 2.971275e-05 4.579019e-07
6.577778e+01 2.376390e-05 3.612755e-07
6.666667e+01 1.893987e-05 2.840980e-07
6.755556e+01 1.504511e-05 2.227072e-07
6.844444e+01 1.192291e-05 1.741984e-07
6.933333e+01 9.444328e-06 1.362163e-07
7.022222e+01 7.499294e-06 1.067937e-07
7.111111e+01 5.990011e-06 8.423453e-08
7.200000e+01 4.826542e-06 6.703531e-08
7.288889e+01 3.924646e-06 5.384422e-08
7.377778e+01 3.205828e-06 4.345248e-08
7.466667e+01 2.599631e-06 3.481649e-08
7.555556e+01 2.048148e-06 2.710785e-08
7.644444e+01 1.512765e-06 1.978908e-08
7.733333e+01 9.831309e-07 1.271290e-08
7.822222e+01 4.883614e-07 6.243256e-09
7.911111e+01 1.104646e-07 1.396323e-09
8.000000e+01 -3.133442e-22
