# 
# Output from EIGENRAD program.
# 
# Eigenfunction for specific electronic state.
# The first column contains radius $r$ in bohr units.
# The second column holds value of eginefunction.
# 
# Use this file with gnuplot to create the plot.
#
0.000000e+00 0.000000e+00 1.091380e-01
1.388889e-02 1.515710e-03 1.091311e-01
2.777778e-02 3.030851e-03 1.091106e-01
4.166667e-02 4.544854e-03 1.090765e-01
5.555556e-02 6.057153e-03 1.090287e-01
6.944444e-02 7.567181e-03 1.089674e-01
8.333333e-02 9.074376e-03 1.088925e-01
9.722222e-02 1.057818e-02 1.088041e-01
1.111111e-01 1.207803e-02 1.087022e-01
1.250000e-01 1.357337e-02 1.085870e-01
1.388889e-01 1.506366e-02 1.084583e-01
1.527778e-01 1.654835e-02 1.083164e-01
1.666667e-01 1.802690e-02 1.081614e-01
1.805556e-01 1.949877e-02 1.079932e-01
1.944444e-01 2.096345e-02 1.078120e-01
2.083333e-01 2.242040e-02 1.076179e-01
2.222222e-01 2.386912e-02 1.074111e-01
2.361111e-01 2.530910e-02 1.071915e-01
2.500000e-01 2.673984e-02 1.069594e-01
2.638889e-01 2.816085e-02 1.067148e-01
2.777778e-01 2.957165e-02 1.064579e-01
2.916667e-01 3.097176e-02 1.061889e-01
3.055556e-01 3.236073e-02 1.059078e-01
3.194444e-01 3.373809e-02 1.056149e-01
3.333333e-01 3.510340e-02 1.053102e-01
3.472222e-01 3.645623e-02 1.049939e-01
3.611111e-01 3.779615e-02 1.046663e-01
3.750000e-01 3.912275e-02 1.043273e-01
3.888889e-01 4.043562e-02 1.039773e-01
4.027778e-01 4.173437e-02 1.036164e-01
4.166667e-01 4.301862e-02 1.032447e-01
4.305556e-01 4.428800e-02 1.028625e-01
4.444444e-01 4.554215e-02 1.024698e-01
4.583333e-01 4.678071e-02 1.020670e-01
4.722222e-01 4.800336e-02 1.016542e-01
4.861111e-01 4.920975e-02 1.012315e-01
5.000000e-01 5.039958e-02 1.007992e-01
5.138889e-01 5.157255e-02 1.003574e-01
5.277778e-01 5.272835e-02 9.990635e-02
5.416667e-01 5.386671e-02 9.944623e-02
5.555556e-01 5.498736e-02 9.897724e-02
5.694444e-01 5.609003e-02 9.849956e-02
5.833333e-01 5.717448e-02 9.801340e-02
5.972222e-01 5.824047e-02 9.751893e-02
6.111111e-01 5.928778e-02 9.701637e-02
6.250000e-01 6.031618e-02 9.650590e-02
6.388889e-01 6.132548e-02 9.598771e-02
6.527778e-01 6.231548e-02 9.546201e-02
6.666667e-01 6.328599e-02 9.492899e-02
6.805556e-01 6.423685e-02 9.438884e-02
6.944444e-01 6.516788e-02 9.384175e-02
7.083333e-01 6.607894e-02 9.328792e-02
7.222222e-01 6.696988e-02 9.272753e-02
7.361111e-01 6.784058e-02 9.216078e-02
7.500000e-01 6.869090e-02 9.158786e-02
7.638889e-01 6.952073e-02 9.100895e-02
7.777778e-01 7.032997e-02 9.042424e-02
7.916667e-01 7.111852e-02 8.983392e-02
8.055556e-01 7.188630e-02 8.923816e-02
8.194444e-01 7.263322e-02 8.863715e-02
8.333333e-01 7.335923e-02 8.803107e-02
8.611111e-01 7.474825e-02 8.680441e-02
8.888889e-01 7.605296e-02 8.555959e-02
9.166667e-01 7.727313e-02 8.429796e-02
9.444444e-01 7.840861e-02 8.302088e-02
9.722222e-01 7.945937e-02 8.172964e-02
1.000000e+00 8.042553e-02 8.042553e-02
1.027778e+00 8.130727e-02 7.910977e-02
1.055556e+00 8.210489e-02 7.778358e-02
1.083333e+00 8.281878e-02 7.644811e-02
1.111111e+00 8.344943e-02 7.510449e-02
1.138889e+00 8.399740e-02 7.375381e-02
1.166667e+00 8.446333e-02 7.239714e-02
1.194444e+00 8.484795e-02 7.103549e-02
1.222222e+00 8.515203e-02 6.966984e-02
1.250000e+00 8.537645e-02 6.830116e-02
1.277778e+00 8.552210e-02 6.693034e-02
1.305556e+00 8.558997e-02 6.555827e-02
1.333333e+00 8.558107e-02 6.418580e-02
1.361111e+00 8.549649e-02 6.281375e-02
1.388889e+00 8.533734e-02 6.144289e-02
1.416667e+00 8.510479e-02 6.007397e-02
1.444444e+00 8.480003e-02 5.870771e-02
1.472222e+00 8.442431e-02 5.734481e-02
1.500000e+00 8.397888e-02 5.598592e-02
1.527778e+00 8.346506e-02 5.463167e-02
1.555556e+00 8.288416e-02 5.328267e-02
1.583333e+00 8.223753e-02 5.193949e-02
1.611111e+00 8.152654e-02 5.060268e-02
1.638889e+00 8.075260e-02 4.927277e-02
1.666667e+00 7.991709e-02 4.795025e-02
1.722222e+00 7.806720e-02 4.532934e-02
1.777778e+00 7.598816e-02 4.274334e-02
1.833333e+00 7.369174e-02 4.019550e-02
1.888889e+00 7.118976e-02 3.768870e-02
1.944444e+00 6.849402e-02 3.522550e-02
2.000000e+00 6.561632e-02 3.280816e-02
2.055556e+00 6.256839e-02 3.043868e-02
2.111111e+00 5.936189e-02 2.811879e-02
2.166667e+00 5.600836e-02 2.585001e-02
2.222222e+00 5.251921e-02 2.363365e-02
2.277778e+00 4.890571e-02 2.147080e-02
2.333333e+00 4.517892e-02 1.936240e-02
2.388889e+00 4.134973e-02 1.730919e-02
2.444444e+00 3.742881e-02 1.531179e-02
2.500000e+00 3.342659e-02 1.337064e-02
2.555556e+00 2.935327e-02 1.148606e-02
2.611111e+00 2.521879e-02 9.658259e-03
2.666667e+00 2.103281e-02 7.887304e-03
2.722222e+00 1.680474e-02 6.173169e-03
2.777778e+00 1.254368e-02 4.515727e-03
2.833333e+00 8.258483e-03 2.914759e-03
2.888889e+00 3.957671e-03 1.369963e-03
2.944444e+00 -3.505017e-04 -1.190383e-04
3.000000e+00 -4.658077e-03 -1.552692e-03
3.055556e+00 -8.957386e-03 -2.931508e-03
3.111111e+00 -1.324104e-02 -4.256049e-03
3.166667e+00 -1.750194e-02 -5.526928e-03
3.222222e+00 -2.173324e-02 -6.744800e-03
3.277778e+00 -2.592838e-02 -7.910354e-03
3.333333e+00 -3.008103e-02 -9.024310e-03
3.388889e+00 -3.418541e-02 -1.008750e-02
3.444444e+00 -3.823577e-02 -1.110071e-02
3.500000e+00 -4.222670e-02 -1.206477e-02
3.555556e+00 -4.615305e-02 -1.298054e-02
3.611111e+00 -5.000994e-02 -1.384891e-02
3.666667e+00 -5.379276e-02 -1.467075e-02
3.722222e+00 -5.749717e-02 -1.544700e-02
3.777778e+00 -6.111904e-02 -1.617857e-02
3.833333e+00 -6.465454e-02 -1.686640e-02
3.888889e+00 -6.810005e-02 -1.751144e-02
3.944444e+00 -7.145219e-02 -1.811464e-02
4.000000e+00 -7.470782e-02 -1.867696e-02
4.055556e+00 -7.786403e-02 -1.919935e-02
4.111111e+00 -8.091810e-02 -1.968278e-02
4.166667e+00 -8.386757e-02 -2.012822e-02
4.222222e+00 -8.671016e-02 -2.053662e-02
4.277778e+00 -8.944379e-02 -2.090894e-02
4.333333e+00 -9.206661e-02 -2.124614e-02
4.388889e+00 -9.457693e-02 -2.154917e-02
4.444444e+00 -9.697326e-02 -2.181898e-02
4.500000e+00 -9.925430e-02 -2.205651e-02
4.555556e+00 -1.014189e-01 -2.226269e-02
4.611111e+00 -1.034662e-01 -2.243844e-02
4.666667e+00 -1.053952e-01 -2.258469e-02
4.722222e+00 -1.072055e-01 -2.270233e-02
4.777778e+00 -1.088964e-01 -2.279228e-02
4.833333e+00 -1.104678e-01 -2.285540e-02
4.888889e+00 -1.119193e-01 -2.289258e-02
4.944444e+00 -1.132510e-01 -2.290469e-02
5.000000e+00 -1.144628e-01 -2.289257e-02
5.055556e+00 -1.155552e-01 -2.285707e-02
5.111111e+00 -1.165283e-01 -2.279901e-02
5.166667e+00 -1.173826e-01 -2.271921e-02
5.222222e+00 -1.181187e-01 -2.261848e-02
5.277778e+00 -1.187374e-01 -2.249761e-02
5.333333e+00 -1.192393e-01 -2.235736e-02
5.388889e+00 -1.196253e-01 -2.219851e-02
5.444444e+00 -1.198965e-01 -2.202180e-02
5.500000e+00 -1.200539e-01 -2.182798e-02
5.555556e+00 -1.200986e-01 -2.161775e-02
5.611111e+00 -1.200320e-01 -2.139184e-02
5.666667e+00 -1.198553e-01 -2.115093e-02
5.722222e+00 -1.195699e-01 -2.089570e-02
5.777778e+00 -1.191773e-01 -2.062683e-02
5.833333e+00 -1.186790e-01 -2.034497e-02
5.888889e+00 -1.180766e-01 -2.005075e-02
5.944444e+00 -1.173718e-01 -1.974479e-02
6.000000e+00 -1.165663e-01 -1.942772e-02
6.055556e+00 -1.156619e-01 -1.910013e-02
6.111111e+00 -1.146603e-01 -1.876260e-02
6.166667e+00 -1.135635e-01 -1.841571e-02
6.222222e+00 -1.123733e-01 -1.806000e-02
6.277778e+00 -1.110917e-01 -1.769603e-02
6.333333e+00 -1.097207e-01 -1.732432e-02
6.388889e+00 -1.082622e-01 -1.694539e-02
6.444444e+00 -1.067184e-01 -1.655975e-02
6.500000e+00 -1.050913e-01 -1.616789e-02
6.555556e+00 -1.033830e-01 -1.577028e-02
6.611111e+00 -1.015956e-01 -1.536740e-02
6.666667e+00 -9.973123e-02 -1.495969e-02
6.777778e+00 -9.578051e-02 -1.413155e-02
6.888889e+00 -9.154810e-02 -1.328924e-02
7.000000e+00 -8.705172e-02 -1.243596e-02
7.111111e+00 -8.230917e-02 -1.157473e-02
7.222222e+00 -7.733828e-02 -1.070838e-02
7.333333e+00 -7.215685e-02 -9.839571e-03
7.444444e+00 -6.678262e-02 -8.970799e-03
7.555556e+00 -6.123319e-02 -8.104392e-03
7.666667e+00 -5.552601e-02 -7.242523e-03
7.777778e+00 -4.967833e-02 -6.387214e-03
7.888889e+00 -4.370718e-02 -5.540346e-03
8.000000e+00 -3.762928e-02 -4.703660e-03
8.111111e+00 -3.146106e-02 -3.878761e-03
8.222222e+00 -2.521864e-02 -3.067132e-03
8.333333e+00 -1.891774e-02 -2.270129e-03
8.444444e+00 -1.257371e-02 -1.488992e-03
8.555556e+00 -6.201496e-03 -7.248502e-04
8.666667e+00 1.844026e-04 2.127722e-05
8.777778e+00 6.569920e-03 7.484719e-04
8.888889e+00 1.294146e-02 1.455914e-03
9.000000e+00 1.928588e-02 2.142876e-03
9.111111e+00 2.559056e-02 2.808719e-03
9.222222e+00 3.184332e-02 3.452890e-03
9.333333e+00 3.803252e-02 4.074913e-03
9.444444e+00 4.414699e-02 4.674387e-03
9.555556e+00 5.017607e-02 5.250984e-03
9.666667e+00 5.610957e-02 5.804439e-03
9.777778e+00 6.193782e-02 6.334550e-03
9.888889e+00 6.765160e-02 6.841173e-03
1.000000e+01 7.324218e-02 7.324218e-03
1.011111e+01 7.870153e-02 7.783668e-03
1.022222e+01 8.402193e-02 8.219536e-03
1.033333e+01 8.919617e-02 8.631887e-03
1.044444e+01 9.421751e-02 9.020826e-03
1.055556e+01 9.907971e-02 9.386499e-03
1.066667e+01 1.037770e-01 9.729093e-03
1.077778e+01 1.083040e-01 1.004883e-02
1.088889e+01 1.126559e-01 1.034595e-02
1.100000e+01 1.168282e-01 1.062075e-02
1.111111e+01 1.208170e-01 1.087353e-02
1.122222e+01 1.246186e-01 1.110463e-02
1.133333e+01 1.282299e-01 1.131440e-02
1.144444e+01 1.316481e-01 1.150323e-02
1.155556e+01 1.348707e-01 1.167150e-02
1.166667e+01 1.378958e-01 1.181964e-02
1.177778e+01 1.407216e-01 1.194806e-02
1.188889e+01 1.433470e-01 1.205723e-02
1.200000e+01 1.457709e-01 1.214758e-02
1.211111e+01 1.479927e-01 1.221958e-02
1.222222e+01 1.500120e-01 1.227371e-02
1.233333e+01 1.518290e-01 1.231046e-02
1.244444e+01 1.534437e-01 1.233030e-02
1.255556e+01 1.548569e-01 1.233374e-02
1.266667e+01 1.560693e-01 1.232126e-02
1.277778e+01 1.570821e-01 1.229338e-02
1.288889e+01 1.578966e-01 1.225060e-02
1.300000e+01 1.585143e-01 1.219341e-02
1.311111e+01 1.589371e-01 1.212232e-02
1.322222e+01 1.591670e-01 1.203784e-02
1.333333e+01 1.592062e-01 1.194046e-02
1.344444e+01 1.590571e-01 1.183069e-02
1.355556e+01 1.587222e-01 1.170902e-02
1.366667e+01 1.582044e-01 1.157594e-02
1.377778e+01 1.575066e-01 1.143193e-02
1.388889e+01 1.566319e-01 1.127750e-02
1.400000e+01 1.555834e-01 1.111310e-02
1.411111e+01 1.543645e-01 1.093922e-02
1.422222e+01 1.529786e-01 1.075631e-02
1.433333e+01 1.514294e-01 1.056484e-02
1.444444e+01 1.497205e-01 1.036527e-02
1.455556e+01 1.478557e-01 1.015802e-02
1.466667e+01 1.458388e-01 9.943554e-03
1.477778e+01 1.436738e-01 9.722285e-03
1.488889e+01 1.413646e-01 9.494639e-03
1.500000e+01 1.389154e-01 9.261028e-03
1.511111e+01 1.363303e-01 9.021857e-03
1.522222e+01 1.336134e-01 8.777521e-03
1.533333e+01 1.307689e-01 8.528407e-03
1.544444e+01 1.278011e-01 8.274892e-03
1.555556e+01 1.247143e-01 8.017347e-03
1.566667e+01 1.215127e-01 7.756129e-03
1.577778e+01 1.182007e-01 7.491591e-03
1.588889e+01 1.147825e-01 7.224072e-03
1.600000e+01 1.112625e-01 6.953905e-03
1.611111e+01 1.076450e-01 6.681412e-03
1.622222e+01 1.039343e-01 6.406907e-03
1.633333e+01 1.001347e-01 6.130694e-03
1.644444e+01 9.625045e-02 5.853068e-03
1.655556e+01 9.228587e-02 5.574314e-03
1.666667e+01 8.824517e-02 5.294710e-03
1.677778e+01 8.413255e-02 5.014523e-03
1.688889e+01 7.995218e-02 4.734011e-03
1.700000e+01 7.570820e-02 4.453423e-03
1.711111e+01 7.140470e-02 4.173002e-03
1.722222e+01 6.704575e-02 3.892979e-03
1.733333e+01 6.263533e-02 3.613577e-03
1.744444e+01 5.817742e-02 3.335011e-03
1.755556e+01 5.367592e-02 3.057489e-03
1.766667e+01 4.913467e-02 2.781208e-03
1.777778e+01 4.455747e-02 2.506358e-03
1.788889e+01 3.994806e-02 2.233121e-03
1.800000e+01 3.531011e-02 1.961673e-03
1.811111e+01 3.064724e-02 1.692179e-03
1.822222e+01 2.596298e-02 1.424798e-03
1.833333e+01 2.126083e-02 1.159682e-03
1.844444e+01 1.654419e-02 8.969744e-04
1.855556e+01 1.181642e-02 6.368131e-04
1.866667e+01 7.080786e-03 3.793278e-04
1.877778e+01 2.340494e-03 1.246417e-04
1.888889e+01 -2.401323e-03 -1.271289e-04
1.900000e+01 -7.141606e-03 -3.758740e-04
1.911111e+01 -1.187737e-02 -6.214901e-04
1.922222e+01 -1.660569e-02 -8.638801e-04
1.933333e+01 -2.132375e-02 -1.102953e-03
1.944444e+01 -2.602877e-02 -1.338623e-03
1.955556e+01 -3.071807e-02 -1.570811e-03
1.966667e+01 -3.538904e-02 -1.799443e-03
1.977778e+01 -4.003913e-02 -2.024450e-03
1.988889e+01 -4.466589e-02 -2.245771e-03
2.000000e+01 -4.926692e-02 -2.463346e-03
2.022222e+01 -5.838255e-02 -2.887049e-03
2.044444e+01 -6.736866e-02 -3.295206e-03
2.066667e+01 -7.620872e-02 -3.687519e-03
2.088889e+01 -8.488746e-02 -4.063761e-03
2.111111e+01 -9.339076e-02 -4.423773e-03
2.133333e+01 -1.017057e-01 -4.767454e-03
2.155556e+01 -1.098204e-01 -5.094761e-03
2.177778e+01 -1.177242e-01 -5.405702e-03
2.200000e+01 -1.254073e-01 -5.700332e-03
2.222222e+01 -1.328611e-01 -5.978751e-03
2.244444e+01 -1.400780e-01 -6.241097e-03
2.266667e+01 -1.470511e-01 -6.487547e-03
2.288889e+01 -1.537747e-01 -6.718310e-03
2.311111e+01 -1.602437e-01 -6.933624e-03
2.333333e+01 -1.664543e-01 -7.133755e-03
2.355556e+01 -1.724030e-01 -7.318993e-03
2.377778e+01 -1.780873e-01 -7.489652e-03
2.400000e+01 -1.835055e-01 -7.646061e-03
2.422222e+01 -1.886565e-01 -7.788570e-03
2.444444e+01 -1.935399e-01 -7.917540e-03
2.466667e+01 -1.981559e-01 -8.033348e-03
2.488889e+01 -2.025054e-01 -8.136379e-03
2.511111e+01 -2.065898e-01 -8.227027e-03
2.533333e+01 -2.104109e-01 -8.305692e-03
2.555556e+01 -2.139711e-01 -8.372782e-03
2.577778e+01 -2.172732e-01 -8.428703e-03
2.600000e+01 -2.203206e-01 -8.473869e-03
2.622222e+01 -2.231167e-01 -8.508688e-03
2.644444e+01 -2.256655e-01 -8.533571e-03
2.666667e+01 -2.279713e-01 -8.548925e-03
2.688889e+01 -2.300388e-01 -8.555163e-03
2.711111e+01 -2.318728e-01 -8.552686e-03
2.733333e+01 -2.334784e-01 -8.541893e-03
2.755556e+01 -2.348609e-01 -8.523179e-03
2.777778e+01 -2.360259e-01 -8.496931e-03
2.800000e+01 -2.369789e-01 -8.463533e-03
2.822222e+01 -2.377259e-01 -8.423360e-03
2.844444e+01 -2.382728e-01 -8.376777e-03
2.866667e+01 -2.386255e-01 -8.324147e-03
2.888889e+01 -2.387903e-01 -8.265818e-03
2.911111e+01 -2.387733e-01 -8.202136e-03
2.933333e+01 -2.385807e-01 -8.133433e-03
2.955556e+01 -2.382188e-01 -8.060036e-03
2.977778e+01 -2.376939e-01 -7.982259e-03
3.000000e+01 -2.370123e-01 -7.900409e-03
3.022222e+01 -2.361801e-01 -7.814784e-03
3.044444e+01 -2.352037e-01 -7.725670e-03
3.066667e+01 -2.340893e-01 -7.633347e-03
3.088889e+01 -2.328430e-01 -7.538082e-03
3.111111e+01 -2.314708e-01 -7.440134e-03
3.133333e+01 -2.299789e-01 -7.339751e-03
3.155556e+01 -2.283731e-01 -7.237175e-03
3.177778e+01 -2.266593e-01 -7.132635e-03
3.200000e+01 -2.248432e-01 -7.026351e-03
3.222222e+01 -2.229306e-01 -6.918537e-03
3.244444e+01 -2.209270e-01 -6.809393e-03
3.266667e+01 -2.188378e-01 -6.699116e-03
3.288889e+01 -2.166683e-01 -6.587889e-03
3.311111e+01 -2.144239e-01 -6.475890e-03
3.333333e+01 -2.121095e-01 -6.363286e-03
3.355556e+01 -2.097302e-01 -6.250239e-03
3.377778e+01 -2.072908e-01 -6.136898e-03
3.400000e+01 -2.047959e-01 -6.023410e-03
3.422222e+01 -2.022502e-01 -5.909910e-03
3.444444e+01 -1.996582e-01 -5.796527e-03
3.466667e+01 -1.970240e-01 -5.683385e-03
3.488889e+01 -1.943519e-01 -5.570597e-03
3.511111e+01 -1.916460e-01 -5.458271e-03
3.533333e+01 -1.889100e-01 -5.346511e-03
3.555556e+01 -1.861479e-01 -5.235410e-03
3.577778e+01 -1.833632e-01 -5.125058e-03
3.600000e+01 -1.805594e-01 -5.015538e-03
3.622222e+01 -1.777399e-01 -4.906929e-03
3.644444e+01 -1.749078e-01 -4.799301e-03
3.666667e+01 -1.720665e-01 -4.692722e-03
3.688889e+01 -1.692187e-01 -4.587253e-03
3.711111e+01 -1.663673e-01 -4.482952e-03
3.733333e+01 -1.635151e-01 -4.379870e-03
3.755556e+01 -1.606647e-01 -4.278055e-03
3.777778e+01 -1.578186e-01 -4.177551e-03
3.800000e+01 -1.549790e-01 -4.078396e-03
3.822222e+01 -1.521484e-01 -3.980626e-03
3.844444e+01 -1.493287e-01 -3.884272e-03
3.866667e+01 -1.465220e-01 -3.789363e-03
3.888889e+01 -1.437303e-01 -3.695923e-03
3.911111e+01 -1.409554e-01 -3.603972e-03
3.933333e+01 -1.381988e-01 -3.513530e-03
3.955556e+01 -1.354624e-01 -3.424611e-03
3.977778e+01 -1.327475e-01 -3.337228e-03
4.000000e+01 -1.300557e-01 -3.251392e-03
4.044444e+01 -1.247461e-01 -3.084382e-03
4.088889e+01 -1.195434e-01 -2.923615e-03
4.133333e+01 -1.144556e-01 -2.769088e-03
4.177778e+01 -1.094899e-01 -2.620768e-03
4.222222e+01 -1.046519e-01 -2.478598e-03
4.266667e+01 -9.994655e-02 -2.342497e-03
4.311111e+01 -9.537752e-02 -2.212365e-03
4.355556e+01 -9.094770e-02 -2.088085e-03
4.400000e+01 -8.665913e-02 -1.969526e-03
4.444444e+01 -8.251310e-02 -1.856545e-03
4.488889e+01 -7.851019e-02 -1.748989e-03
4.533333e+01 -7.465037e-02 -1.646699e-03
4.577778e+01 -7.093305e-02 -1.549508e-03
4.622222e+01 -6.735713e-02 -1.457246e-03
4.666667e+01 -6.392107e-02 -1.369737e-03
4.711111e+01 -6.062294e-02 -1.286808e-03
4.755556e+01 -5.746044e-02 -1.208280e-03
4.800000e+01 -5.443101e-02 -1.133979e-03
4.844444e+01 -5.153182e-02 -1.063730e-03
4.888889e+01 -4.875980e-02 -9.973595e-04
4.933333e+01 -4.611174e-02 -9.346974e-04
4.977778e+01 -4.358426e-02 -8.755766e-04
5.022222e+01 -4.117387e-02 -8.198338e-04
5.066667e+01 -3.887701e-02 -7.673093e-04
5.111111e+01 -3.669001e-02 -7.178481e-04
5.155556e+01 -3.460921e-02 -6.712994e-04
5.200000e+01 -3.263088e-02 -6.275170e-04
5.244444e+01 -3.075130e-02 -5.863596e-04
5.288889e+01 -2.896674e-02 -5.476904e-04
5.333333e+01 -2.727346e-02 -5.113773e-04
5.422222e+01 -2.414567e-02 -4.453094e-04
5.511111e+01 -2.134163e-02 -3.872473e-04
5.600000e+01 -1.883287e-02 -3.363012e-04
5.688889e+01 -1.659276e-02 -2.916697e-04
5.777778e+01 -1.459650e-02 -2.526317e-04
5.866667e+01 -1.282098e-02 -2.185394e-04
5.955556e+01 -1.124477e-02 -1.888115e-04
6.044444e+01 -9.848062e-03 -1.629275e-04
6.133333e+01 -8.612543e-03 -1.404219e-04
6.222222e+01 -7.521385e-03 -1.208794e-04
6.311111e+01 -6.559151e-03 -1.039302e-04
6.400000e+01 -5.711729e-03 -8.924577e-05
6.488889e+01 -4.966262e-03 -7.653486e-05
6.577778e+01 -4.311074e-03 -6.553998e-05
6.666667e+01 -3.735601e-03 -5.603402e-05
6.755556e+01 -3.230314e-03 -4.781715e-05
6.844444e+01 -2.786648e-03 -4.071401e-05
6.933333e+01 -2.396920e-03 -3.457096e-05
7.022222e+01 -2.054261e-03 -2.925372e-05
7.111111e+01 -1.752534e-03 -2.464500e-05
7.200000e+01 -1.486252e-03 -2.064239e-05
7.288889e+01 -1.250508e-03 -1.715637e-05
7.377778e+01 -1.040887e-03 -1.410841e-05
7.466667e+01 -8.533861e-04 -1.142928e-05
7.555556e+01 -6.843356e-04 -9.057383e-06
7.644444e+01 -5.303130e-04 -6.937233e-06
7.733333e+01 -3.880597e-04 -5.018013e-06
7.822222e+01 -2.543963e-04 -3.252225e-06
7.911111e+01 -1.261364e-04 -1.594421e-06
8.000000e+01 -4.203608e-19
