# 
# Output from EIGENRAD program.
# 
# Eigenfunction for specific electronic state.
# The first column contains radius $r$ in bohr units.
# The second column holds value of eginefunction.
# 
# Use this file with gnuplot to create the plot.
#
0.000000e+00 0.000000e+00 1.628198e-04
3.472222e-02 -6.707598e-05 -1.931788e-03
6.944444e-02 -2.729249e-04 -3.930118e-03
1.041667e-01 -6.081568e-04 -5.838305e-03
1.388889e-01 -1.064162e-03 -7.661968e-03
1.736111e-01 -1.633027e-03 -9.406237e-03
2.083333e-01 -2.307453e-03 -1.107578e-02
2.430556e-01 -3.080683e-03 -1.267481e-02
2.777778e-01 -3.946432e-03 -1.420716e-02
3.125000e-01 -4.898822e-03 -1.567623e-02
3.472222e-01 -5.932326e-03 -1.708510e-02
3.819444e-01 -7.041713e-03 -1.843648e-02
4.166667e-01 -8.222001e-03 -1.973280e-02
4.513889e-01 -9.468413e-03 -2.097618e-02
4.861111e-01 -1.077634e-02 -2.216848e-02
5.208333e-01 -1.214132e-02 -2.331134e-02
5.555556e-01 -1.355899e-02 -2.440618e-02
5.902778e-01 -1.502507e-02 -2.545424e-02
6.250000e-01 -1.653538e-02 -2.645661e-02
6.597222e-01 -1.808578e-02 -2.741423e-02
6.944444e-01 -1.967219e-02 -2.832795e-02
7.291667e-01 -2.129059e-02 -2.919852e-02
7.638889e-01 -2.293703e-02 -3.002666e-02
7.986111e-01 -2.460764e-02 -3.081304e-02
8.333333e-01 -2.629861e-02 -3.155833e-02
8.680556e-01 -2.800626e-02 -3.226322e-02
9.027778e-01 -2.972707e-02 -3.292845e-02
9.375000e-01 -3.145765e-02 -3.355483e-02
9.722222e-01 -3.319485e-02 -3.414327e-02
1.006944e+00 -3.493574e-02 -3.469480e-02
1.041667e+00 -3.667772e-02 -3.521061e-02
1.076389e+00 -3.841839e-02 -3.569192e-02
1.111111e+00 -4.015481e-02 -3.613933e-02
1.145833e+00 -4.188447e-02 -3.655372e-02
1.180556e+00 -4.360494e-02 -3.693595e-02
1.215278e+00 -4.531390e-02 -3.728686e-02
1.250000e+00 -4.700912e-02 -3.760730e-02
1.284722e+00 -4.868849e-02 -3.789806e-02
1.319444e+00 -5.034995e-02 -3.815996e-02
1.354167e+00 -5.199158e-02 -3.839378e-02
1.388889e+00 -5.361150e-02 -3.860028e-02
1.423611e+00 -5.520796e-02 -3.878023e-02
1.458333e+00 -5.677926e-02 -3.893435e-02
1.493056e+00 -5.832380e-02 -3.906338e-02
1.527778e+00 -5.984006e-02 -3.916804e-02
1.562500e+00 -6.132658e-02 -3.924901e-02
1.597222e+00 -6.278199e-02 -3.930699e-02
1.631944e+00 -6.420500e-02 -3.934264e-02
1.666667e+00 -6.559437e-02 -3.935662e-02
1.701389e+00 -6.694896e-02 -3.934959e-02
1.736111e+00 -6.826766e-02 -3.932217e-02
1.770833e+00 -6.954946e-02 -3.927499e-02
1.805556e+00 -7.079340e-02 -3.920865e-02
1.840278e+00 -7.199857e-02 -3.912375e-02
1.875000e+00 -7.316414e-02 -3.902088e-02
1.909722e+00 -7.428934e-02 -3.890060e-02
1.944444e+00 -7.537345e-02 -3.876349e-02
1.979167e+00 -7.641579e-02 -3.861008e-02
2.013889e+00 -7.741576e-02 -3.844093e-02
2.048611e+00 -7.837281e-02 -3.825656e-02
2.083333e+00 -7.928642e-02 -3.805748e-02
2.152778e+00 -8.098158e-02 -3.761725e-02
2.222222e+00 -8.249811e-02 -3.712415e-02
2.291667e+00 -8.383367e-02 -3.658196e-02
2.361111e+00 -8.498658e-02 -3.599431e-02
2.430556e+00 -8.595581e-02 -3.536468e-02
2.500000e+00 -8.674092e-02 -3.469637e-02
2.569444e+00 -8.734202e-02 -3.399257e-02
2.638889e+00 -8.775976e-02 -3.325633e-02
2.708333e+00 -8.799525e-02 -3.249055e-02
2.777778e+00 -8.805008e-02 -3.169803e-02
2.847222e+00 -8.792626e-02 -3.088142e-02
2.916667e+00 -8.762618e-02 -3.004326e-02
2.986111e+00 -8.715261e-02 -2.918599e-02
3.055556e+00 -8.650863e-02 -2.831192e-02
3.125000e+00 -8.569766e-02 -2.742325e-02
3.194444e+00 -8.472339e-02 -2.652210e-02
3.263889e+00 -8.358975e-02 -2.561048e-02
3.333333e+00 -8.230093e-02 -2.469028e-02
3.402778e+00 -8.086130e-02 -2.376332e-02
3.472222e+00 -7.927545e-02 -2.283133e-02
3.541667e+00 -7.754813e-02 -2.189594e-02
3.611111e+00 -7.568421e-02 -2.095870e-02
3.680556e+00 -7.368874e-02 -2.002109e-02
3.750000e+00 -7.156684e-02 -1.908449e-02
3.819444e+00 -6.932377e-02 -1.815022e-02
3.888889e+00 -6.696483e-02 -1.721953e-02
3.958333e+00 -6.449544e-02 -1.629358e-02
4.027778e+00 -6.192103e-02 -1.537350e-02
4.097222e+00 -5.924712e-02 -1.446031e-02
4.166667e+00 -5.647923e-02 -1.355502e-02
4.305556e+00 -5.068417e-02 -1.177181e-02
4.444444e+00 -4.457857e-02 -1.003018e-02
4.583333e+00 -3.820720e-02 -8.336116e-03
4.722222e+00 -3.161394e-02 -6.694716e-03
4.861111e+00 -2.484168e-02 -5.110288e-03
5.000000e+00 -1.793218e-02 -3.586436e-03
5.138889e+00 -1.092591e-02 -2.126123e-03
5.277778e+00 -3.861979e-03 -7.317433e-04
5.416667e+00 3.222011e-03 5.948328e-04
5.555556e+00 1.029003e-02 1.852205e-03
5.694444e+00 1.730770e-02 3.039401e-03
5.833333e+00 2.424240e-02 4.155841e-03
5.972222e+00 3.106329e-02 5.201294e-03
6.111111e+00 3.774135e-02 6.175858e-03
6.250000e+00 4.424948e-02 7.079917e-03
6.388889e+00 5.056245e-02 7.914123e-03
6.527778e+00 5.665697e-02 8.679366e-03
6.666667e+00 6.251167e-02 9.376750e-03
6.805556e+00 6.810709e-02 1.000757e-02
6.944444e+00 7.342567e-02 1.057330e-02
7.083333e+00 7.845175e-02 1.107554e-02
7.222222e+00 8.317145e-02 1.151605e-02
7.361111e+00 8.757270e-02 1.189667e-02
7.500000e+00 9.164515e-02 1.221935e-02
7.638889e+00 9.538008e-02 1.248612e-02
7.777778e+00 9.877033e-02 1.269904e-02
7.916667e+00 1.018102e-01 1.286023e-02
8.055556e+00 1.044953e-01 1.297183e-02
8.194444e+00 1.068227e-01 1.303598e-02
8.333333e+00 1.087901e-01 1.305482e-02
8.472222e+00 1.103990e-01 1.303070e-02
8.611111e+00 1.116497e-01 1.296578e-02
8.750000e+00 1.125446e-01 1.286224e-02
8.888889e+00 1.130869e-01 1.272227e-02
9.027778e+00 1.132809e-01 1.254803e-02
9.166667e+00 1.131318e-01 1.234165e-02
9.305556e+00 1.126460e-01 1.210524e-02
9.444444e+00 1.118302e-01 1.184085e-02
9.583333e+00 1.106924e-01 1.155051e-02
9.722222e+00 1.092409e-01 1.123621e-02
9.861111e+00 1.074848e-01 1.089987e-02
1.000000e+01 1.054339e-01 1.054339e-02
1.013889e+01 1.030982e-01 1.016859e-02
1.027778e+01 1.004885e-01 9.777263e-03
1.041667e+01 9.761592e-02 9.371129e-03
1.055556e+01 9.449181e-02 8.951856e-03
1.069444e+01 9.112799e-02 8.521059e-03
1.083333e+01 8.753648e-02 8.080291e-03
1.097222e+01 8.372956e-02 7.631049e-03
1.111111e+01 7.971968e-02 7.174771e-03
1.125000e+01 7.551942e-02 6.712838e-03
1.138889e+01 7.114148e-02 6.246569e-03
1.152778e+01 6.659859e-02 5.777227e-03
1.166667e+01 6.190355e-02 5.306018e-03
1.180556e+01 5.706910e-02 4.834089e-03
1.194444e+01 5.210799e-02 4.362529e-03
1.208333e+01 4.703286e-02 3.892375e-03
1.222222e+01 4.185627e-02 3.424604e-03
1.236111e+01 3.659065e-02 2.960143e-03
1.250000e+01 3.124826e-02 2.499861e-03
1.263889e+01 2.584128e-02 2.044585e-03
1.277778e+01 2.038154e-02 1.595077e-03
1.291667e+01 1.488077e-02 1.152060e-03
1.305556e+01 9.350467e-03 7.162060e-04
1.319444e+01 3.801850e-03 2.881402e-04
1.333333e+01 -1.754121e-03 -1.315590e-04
1.347222e+01 -7.306766e-03 -5.423579e-04
1.361111e+01 -1.284570e-02 -9.437656e-04
1.375000e+01 -1.836083e-02 -1.335333e-03
1.388889e+01 -2.384239e-02 -1.716652e-03
1.402778e+01 -2.928092e-02 -2.087353e-03
1.416667e+01 -3.466729e-02 -2.447103e-03
1.430556e+01 -3.999270e-02 -2.795606e-03
1.444444e+01 -4.524868e-02 -3.132601e-03
1.458333e+01 -5.042712e-02 -3.457860e-03
1.472222e+01 -5.552024e-02 -3.771186e-03
1.486111e+01 -6.052061e-02 -4.072415e-03
1.500000e+01 -6.542116e-02 -4.361410e-03
1.513889e+01 -7.021516e-02 -4.638065e-03
1.527778e+01 -7.489624e-02 -4.902299e-03
1.541667e+01 -7.945838e-02 -5.154057e-03
1.555556e+01 -8.389591e-02 -5.393309e-03
1.569444e+01 -8.820351e-02 -5.620046e-03
1.583333e+01 -9.237618e-02 -5.834285e-03
1.597222e+01 -9.640929e-02 -6.036060e-03
1.611111e+01 -1.002985e-01 -6.225426e-03
1.625000e+01 -1.040399e-01 -6.402458e-03
1.638889e+01 -1.076298e-01 -6.567244e-03
1.652778e+01 -1.110649e-01 -6.719892e-03
1.666667e+01 -1.143421e-01 -6.860524e-03
1.694444e+01 -1.204121e-01 -7.106287e-03
1.722222e+01 -1.258227e-01 -7.305835e-03
1.750000e+01 -1.305602e-01 -7.460581e-03
1.777778e+01 -1.346153e-01 -7.572109e-03
1.805556e+01 -1.379832e-01 -7.642148e-03
1.833333e+01 -1.406632e-01 -7.672537e-03
1.861111e+01 -1.426580e-01 -7.665205e-03
1.888889e+01 -1.439740e-01 -7.622152e-03
1.916667e+01 -1.446206e-01 -7.545423e-03
1.944444e+01 -1.446102e-01 -7.437096e-03
1.972222e+01 -1.439577e-01 -7.299265e-03
2.000000e+01 -1.426805e-01 -7.134026e-03
2.027778e+01 -1.407980e-01 -6.943463e-03
2.055556e+01 -1.383315e-01 -6.729643e-03
2.083333e+01 -1.353042e-01 -6.494600e-03
2.111111e+01 -1.317403e-01 -6.240330e-03
2.138889e+01 -1.276657e-01 -5.968784e-03
2.166667e+01 -1.231070e-01 -5.681862e-03
2.194444e+01 -1.180919e-01 -5.381403e-03
2.222222e+01 -1.126486e-01 -5.069188e-03
2.250000e+01 -1.068059e-01 -4.746930e-03
2.277778e+01 -1.005928e-01 -4.416271e-03
2.305556e+01 -9.403865e-02 -4.078785e-03
2.333333e+01 -8.717261e-02 -3.735969e-03
2.361111e+01 -8.002384e-02 -3.389245e-03
2.388889e+01 -7.262125e-02 -3.039959e-03
2.416667e+01 -6.499334e-02 -2.689379e-03
2.444444e+01 -5.716813e-02 -2.338696e-03
2.472222e+01 -4.917307e-02 -1.989023e-03
2.500000e+01 -4.103488e-02 -1.641395e-03
2.527778e+01 -3.278046e-02 -1.296809e-03
2.555556e+01 -2.443472e-02 -9.561411e-04
2.583333e+01 -1.602248e-02 -6.202250e-04
2.611111e+01 -7.567636e-03 -2.898244e-04
2.638889e+01 9.068738e-04 3.436574e-05
2.666667e+01 9.379093e-03 3.517160e-04
2.694444e+01 1.782805e-02 6.616596e-04
2.722222e+01 2.623377e-02 9.636895e-04
2.750000e+01 3.457729e-02 1.257356e-03
2.777778e+01 4.284066e-02 1.542264e-03
2.805556e+01 5.100694e-02 1.818069e-03
2.833333e+01 5.906020e-02 2.084478e-03
2.861111e+01 6.698555e-02 2.341242e-03
2.888889e+01 7.476907e-02 2.588160e-03
2.916667e+01 8.239788e-02 2.825070e-03
2.944444e+01 8.986005e-02 3.051851e-03
2.972222e+01 9.714465e-02 3.268418e-03
3.000000e+01 1.042417e-01 3.474723e-03
3.027778e+01 1.111421e-01 3.670750e-03
3.055556e+01 1.178379e-01 3.856513e-03
3.083333e+01 1.243217e-01 4.032055e-03
3.111111e+01 1.305872e-01 4.197445e-03
3.138889e+01 1.366288e-01 4.352777e-03
3.166667e+01 1.424420e-01 4.498167e-03
3.194444e+01 1.480226e-01 4.633750e-03
3.222222e+01 1.533674e-01 4.759679e-03
3.250000e+01 1.584740e-01 4.876124e-03
3.277778e+01 1.633405e-01 4.983269e-03
3.305556e+01 1.679655e-01 5.081309e-03
3.333333e+01 1.723483e-01 5.170449e-03
3.361111e+01 1.764892e-01 5.250920e-03
3.388889e+01 1.803887e-01 5.322946e-03
3.416667e+01 1.840478e-01 5.386764e-03
3.444444e+01 1.874679e-01 5.442618e-03
3.472222e+01 1.906512e-01 5.490755e-03
3.500000e+01 1.936000e-01 5.531428e-03
3.527778e+01 1.963170e-01 5.564893e-03
3.555556e+01 1.988056e-01 5.591408e-03
3.583333e+01 2.010692e-01 5.611233e-03
3.611111e+01 2.031116e-01 5.624628e-03
3.638889e+01 2.049369e-01 5.631854e-03
3.666667e+01 2.065495e-01 5.633169e-03
3.694444e+01 2.079540e-01 5.628831e-03
3.722222e+01 2.091552e-01 5.619096e-03
3.750000e+01 2.101581e-01 5.604216e-03
3.777778e+01 2.109678e-01 5.584443e-03
3.805556e+01 2.115897e-01 5.560022e-03
3.833333e+01 2.120291e-01 5.531195e-03
3.861111e+01 2.122917e-01 5.498201e-03
3.888889e+01 2.123829e-01 5.461274e-03
3.916667e+01 2.123084e-01 5.420641e-03
3.944444e+01 2.120741e-01 5.376527e-03
3.972222e+01 2.116856e-01 5.329149e-03
4.000000e+01 2.111488e-01 5.278720e-03
4.027778e+01 2.104694e-01 5.225447e-03
4.055556e+01 2.096532e-01 5.169530e-03
4.083333e+01 2.087059e-01 5.111165e-03
4.111111e+01 2.076334e-01 5.050541e-03
4.138889e+01 2.064412e-01 4.987840e-03
4.166667e+01 2.051350e-01 4.923239e-03
4.194444e+01 2.037204e-01 4.856910e-03
4.222222e+01 2.022028e-01 4.789015e-03
4.250000e+01 2.005878e-01 4.719714e-03
4.277778e+01 1.988807e-01 4.649159e-03
4.305556e+01 1.970866e-01 4.577496e-03
4.333333e+01 1.952109e-01 4.504866e-03
4.361111e+01 1.932584e-01 4.431404e-03
4.388889e+01 1.912343e-01 4.357237e-03
4.416667e+01 1.891432e-01 4.282488e-03
4.444444e+01 1.869900e-01 4.207275e-03
4.472222e+01 1.847792e-01 4.131709e-03
4.500000e+01 1.825153e-01 4.055896e-03
4.527778e+01 1.802028e-01 3.979938e-03
4.555556e+01 1.778457e-01 3.903930e-03
4.583333e+01 1.754483e-01 3.827963e-03
4.611111e+01 1.730145e-01 3.752122e-03
4.638889e+01 1.705483e-01 3.676489e-03
4.666667e+01 1.680532e-01 3.601140e-03
4.694444e+01 1.655330e-01 3.526147e-03
4.722222e+01 1.629911e-01 3.451576e-03
4.750000e+01 1.604309e-01 3.377492e-03
4.777778e+01 1.578555e-01 3.303953e-03
4.805556e+01 1.552682e-01 3.231014e-03
4.833333e+01 1.526718e-01 3.158726e-03
4.861111e+01 1.500692e-01 3.087137e-03
4.888889e+01 1.474631e-01 3.016291e-03
4.916667e+01 1.448562e-01 2.946228e-03
4.944444e+01 1.422510e-01 2.876986e-03
4.972222e+01 1.396497e-01 2.808598e-03
5.000000e+01 1.370548e-01 2.741096e-03
5.055556e+01 1.318923e-01 2.608859e-03
5.111111e+01 1.267793e-01 2.480464e-03
5.166667e+01 1.217301e-01 2.356066e-03
5.222222e+01 1.167573e-01 2.235779e-03
5.277778e+01 1.118722e-01 2.119684e-03
5.333333e+01 1.070844e-01 2.007833e-03
5.388889e+01 1.024024e-01 1.900251e-03
5.444444e+01 9.783326e-02 1.796938e-03
5.500000e+01 9.338294e-02 1.697872e-03
5.555556e+01 8.905634e-02 1.603014e-03
5.611111e+01 8.485737e-02 1.512310e-03
5.666667e+01 8.078902e-02 1.425689e-03
5.722222e+01 7.685344e-02 1.343070e-03
5.777778e+01 7.305201e-02 1.264362e-03
5.833333e+01 6.938541e-02 1.189464e-03
5.888889e+01 6.585370e-02 1.118270e-03
5.944444e+01 6.245638e-02 1.050668e-03
6.000000e+01 5.919243e-02 9.865404e-04
6.055556e+01 5.606037e-02 9.257676e-04
6.111111e+01 5.305836e-02 8.682277e-04
6.166667e+01 5.018417e-02 8.137973e-04
6.222222e+01 4.743530e-02 7.623530e-04
6.277778e+01 4.480898e-02 7.137713e-04
6.333333e+01 4.230223e-02 6.679299e-04
6.388889e+01 3.991190e-02 6.247080e-04
6.444444e+01 3.763469e-02 5.839866e-04
6.500000e+01 3.546718e-02 5.456490e-04
6.555556e+01 3.340589e-02 5.095814e-04
6.611111e+01 3.144726e-02 4.756728e-04
6.666667e+01 2.958770e-02 4.438154e-04
6.777778e+01 2.614982e-02 3.858170e-04
6.888889e+01 2.306685e-02 3.348414e-04
7.000000e+01 2.030871e-02 2.901244e-04
7.111111e+01 1.784701e-02 2.509736e-04
7.222222e+01 1.565509e-02 2.167628e-04
7.333333e+01 1.370793e-02 1.869264e-04
7.444444e+01 1.198217e-02 1.609546e-04
7.555556e+01 1.045603e-02 1.383886e-04
7.666667e+01 9.109289e-03 1.188168e-04
7.777778e+01 7.923249e-03 1.018703e-04
7.888889e+01 6.880679e-03 8.721987e-05
8.000000e+01 5.965764e-03 7.457205e-05
8.111111e+01 5.164049e-03 6.366635e-05
8.222222e+01 4.462379e-03 5.427217e-05
8.333333e+01 3.848837e-03 4.618604e-05
8.444444e+01 3.312674e-03 3.922903e-05
8.555556e+01 2.844237e-03 3.324433e-05
8.666667e+01 2.434895e-03 2.809494e-05
8.777778e+01 2.076955e-03 2.366151e-05
8.888889e+01 1.763581e-03 1.984029e-05
9.000000e+01 1.488706e-03 1.654118e-05
9.111111e+01 1.246935e-03 1.368588e-05
9.222222e+01 1.033455e-03 1.120614e-05
9.333333e+01 8.439283e-04 9.042088e-06
9.444444e+01 6.743925e-04 7.140627e-06
9.555556e+01 5.211499e-04 5.453894e-06
9.666667e+01 3.806547e-04 3.937807e-06
9.777778e+01 2.493967e-04 2.550648e-06
9.888889e+01 1.237804e-04 1.251712e-06
1.000000e+02 8.274002e-19
