# 
# Output from EIGENRAD program.
# 
# Eigenfunction for specific electronic state.
# The first column contains radius $r$ in bohr units.
# The second column holds value of eginefunction.
# 
# Use this file with gnuplot to create the plot.
#
0.000000e+00 0.000000e+00 2.151509e-07
3.472222e-02 2.418650e-04 6.965713e-03
6.944444e-02 9.507994e-04 1.369151e-02
1.041667e-01 2.102476e-03 2.018377e-02
1.388889e-01 3.673407e-03 2.644853e-02
1.736111e-01 5.640915e-03 3.249167e-02
2.083333e-01 7.983118e-03 3.831897e-02
2.430556e-01 1.067890e-02 4.393605e-02
2.777778e-01 1.370790e-02 4.934842e-02
3.125000e-01 1.705046e-02 5.456147e-02
3.472222e-01 2.068765e-02 5.958045e-02
3.819444e-01 2.460123e-02 6.441049e-02
4.166667e-01 2.877359e-02 6.905661e-02
4.513889e-01 3.318779e-02 7.352372e-02
4.861111e-01 3.782752e-02 7.781660e-02
5.208333e-01 4.267705e-02 8.193993e-02
5.555556e-01 4.772127e-02 8.589828e-02
5.902778e-01 5.294561e-02 8.969610e-02
6.250000e-01 5.833609e-02 9.333774e-02
6.597222e-01 6.387923e-02 9.682747e-02
6.944444e-01 6.956209e-02 1.001694e-01
7.291667e-01 7.537224e-02 1.033676e-01
7.638889e-01 8.129773e-02 1.064261e-01
7.986111e-01 8.732707e-02 1.093487e-01
8.333333e-01 9.344927e-02 1.121391e-01
8.680556e-01 9.965374e-02 1.148011e-01
9.027778e-01 1.059304e-01 1.173382e-01
9.375000e-01 1.122694e-01 1.197540e-01
9.722222e-01 1.186616e-01 1.220519e-01
1.006944e+00 1.250979e-01 1.242352e-01
1.041667e+00 1.315700e-01 1.263072e-01
1.076389e+00 1.380696e-01 1.282711e-01
1.111111e+00 1.445888e-01 1.301299e-01
1.145833e+00 1.511203e-01 1.318868e-01
1.180556e+00 1.576569e-01 1.335446e-01
1.215278e+00 1.641917e-01 1.351063e-01
1.250000e+00 1.707184e-01 1.365747e-01
1.284722e+00 1.772307e-01 1.379525e-01
1.319444e+00 1.837227e-01 1.392425e-01
1.354167e+00 1.901889e-01 1.404472e-01
1.388889e+00 1.966238e-01 1.415691e-01
1.423611e+00 2.030224e-01 1.426108e-01
1.458333e+00 2.093799e-01 1.435748e-01
1.493056e+00 2.156917e-01 1.444633e-01
1.527778e+00 2.219535e-01 1.452787e-01
1.562500e+00 2.281612e-01 1.460232e-01
1.597222e+00 2.343110e-01 1.466991e-01
1.631944e+00 2.403991e-01 1.473084e-01
1.666667e+00 2.464222e-01 1.478533e-01
1.701389e+00 2.523769e-01 1.483358e-01
1.736111e+00 2.582603e-01 1.487579e-01
1.770833e+00 2.640695e-01 1.491216e-01
1.805556e+00 2.698017e-01 1.494286e-01
1.840278e+00 2.754545e-01 1.496809e-01
1.875000e+00 2.810256e-01 1.498803e-01
1.909722e+00 2.865127e-01 1.500285e-01
1.944444e+00 2.919139e-01 1.501271e-01
1.979167e+00 2.972272e-01 1.501779e-01
2.013889e+00 3.024510e-01 1.501825e-01
2.048611e+00 3.075836e-01 1.501425e-01
2.083333e+00 3.126236e-01 1.500593e-01
2.152778e+00 3.224209e-01 1.497697e-01
2.222222e+00 3.318333e-01 1.493250e-01
2.291667e+00 3.408538e-01 1.487362e-01
2.361111e+00 3.494768e-01 1.480137e-01
2.430556e+00 3.576983e-01 1.471673e-01
2.500000e+00 3.655158e-01 1.462063e-01
2.569444e+00 3.729280e-01 1.451395e-01
2.638889e+00 3.799349e-01 1.439753e-01
2.708333e+00 3.865375e-01 1.427215e-01
2.777778e+00 3.927379e-01 1.413856e-01
2.847222e+00 3.985390e-01 1.399747e-01
2.916667e+00 4.039448e-01 1.384954e-01
2.986111e+00 4.089598e-01 1.369540e-01
3.055556e+00 4.135894e-01 1.353565e-01
3.125000e+00 4.178393e-01 1.337086e-01
3.194444e+00 4.217161e-01 1.320155e-01
3.263889e+00 4.252267e-01 1.302822e-01
3.333333e+00 4.283784e-01 1.285135e-01
3.402778e+00 4.311790e-01 1.267138e-01
3.472222e+00 4.336365e-01 1.248873e-01
3.541667e+00 4.357592e-01 1.230379e-01
3.611111e+00 4.375556e-01 1.211693e-01
3.680556e+00 4.390346e-01 1.192849e-01
3.750000e+00 4.402049e-01 1.173880e-01
3.819444e+00 4.410757e-01 1.154816e-01
3.888889e+00 4.416559e-01 1.135687e-01
3.958333e+00 4.419549e-01 1.116518e-01
4.027778e+00 4.419819e-01 1.097334e-01
4.097222e+00 4.417462e-01 1.078160e-01
4.166667e+00 4.412571e-01 1.059017e-01
4.305556e+00 4.395564e-01 1.020905e-01
4.444444e+00 4.369493e-01 9.831360e-02
4.583333e+00 4.335093e-01 9.458384e-02
4.722222e+00 4.293071e-01 9.091209e-02
4.861111e+00 4.244111e-01 8.730742e-02
5.000000e+00 4.188867e-01 8.377735e-02
5.138889e+00 4.127970e-01 8.032807e-02
5.277778e+00 4.062019e-01 7.696457e-02
5.416667e+00 3.991587e-01 7.369084e-02
5.555556e+00 3.917218e-01 7.050993e-02
5.694444e+00 3.839428e-01 6.742410e-02
5.833333e+00 3.758702e-01 6.443489e-02
5.972222e+00 3.675499e-01 6.154324e-02
6.111111e+00 3.590249e-01 5.874953e-02
6.250000e+00 3.503353e-01 5.605364e-02
6.388889e+00 3.415184e-01 5.345506e-02
6.527778e+00 3.326090e-01 5.095288e-02
6.666667e+00 3.236391e-01 4.854587e-02
6.805556e+00 3.146382e-01 4.623255e-02
6.944444e+00 3.056332e-01 4.401118e-02
7.083333e+00 2.966487e-01 4.187982e-02
7.222222e+00 2.877072e-01 3.983638e-02
7.361111e+00 2.788288e-01 3.787863e-02
7.500000e+00 2.700318e-01 3.600424e-02
7.638889e+00 2.613327e-01 3.421083e-02
7.777778e+00 2.527461e-01 3.249593e-02
7.916667e+00 2.442853e-01 3.085710e-02
8.055556e+00 2.359623e-01 2.929187e-02
8.194444e+00 2.277877e-01 2.779783e-02
8.333333e+00 2.197716e-01 2.637259e-02
8.472222e+00 2.119187e-01 2.501335e-02
8.611111e+00 2.042367e-01 2.371780e-02
8.750000e+00 1.967307e-01 2.248351e-02
8.888889e+00 1.894052e-01 2.130808e-02
9.027778e+00 1.822633e-01 2.018917e-02
9.166667e+00 1.753077e-01 1.912448e-02
9.305556e+00 1.685402e-01 1.811178e-02
9.444444e+00 1.619616e-01 1.714888e-02
9.583333e+00 1.555726e-01 1.623366e-02
9.722222e+00 1.493728e-01 1.536406e-02
9.861111e+00 1.433616e-01 1.453807e-02
1.000000e+01 1.375377e-01 1.375377e-02
1.013889e+01 1.318995e-01 1.300926e-02
1.027778e+01 1.264450e-01 1.230275e-02
1.041667e+01 1.211718e-01 1.163249e-02
1.055556e+01 1.160772e-01 1.099679e-02
1.069444e+01 1.111583e-01 1.039403e-02
1.083333e+01 1.064120e-01 9.822645e-03
1.097222e+01 1.018348e-01 9.281146e-03
1.111111e+01 9.742324e-02 8.768092e-03
1.125000e+01 9.317366e-02 8.282103e-03
1.138889e+01 8.908227e-02 7.821858e-03
1.152778e+01 8.514521e-02 7.386090e-03
1.166667e+01 8.135853e-02 6.973588e-03
1.180556e+01 7.771824e-02 6.583192e-03
1.194444e+01 7.422030e-02 6.213793e-03
1.208333e+01 7.086067e-02 5.864331e-03
1.222222e+01 6.763525e-02 5.533793e-03
1.236111e+01 6.453995e-02 5.221210e-03
1.250000e+01 6.157067e-02 4.925654e-03
1.263889e+01 5.872354e-02 4.646258e-03
1.277778e+01 5.599455e-02 4.382183e-03
1.291667e+01 5.337978e-02 4.132628e-03
1.305556e+01 5.087535e-02 3.896835e-03
1.319444e+01 4.847743e-02 3.674079e-03
1.333333e+01 4.618229e-02 3.463672e-03
1.347222e+01 4.398626e-02 3.264960e-03
1.361111e+01 4.188575e-02 3.077320e-03
1.375000e+01 3.987724e-02 2.900163e-03
1.388889e+01 3.795729e-02 2.732925e-03
1.402778e+01 3.612257e-02 2.575074e-03
1.416667e+01 3.436979e-02 2.426103e-03
1.430556e+01 3.269578e-02 2.285530e-03
1.444444e+01 3.109744e-02 2.152900e-03
1.458333e+01 2.957178e-02 2.027779e-03
1.472222e+01 2.811586e-02 1.909756e-03
1.486111e+01 2.672686e-02 1.798443e-03
1.500000e+01 2.540205e-02 1.693470e-03
1.513889e+01 2.413875e-02 1.594486e-03
1.527778e+01 2.293442e-02 1.501162e-03
1.541667e+01 2.178657e-02 1.413183e-03
1.555556e+01 2.069281e-02 1.330252e-03
1.569444e+01 1.965082e-02 1.252088e-03
1.583333e+01 1.865838e-02 1.178424e-03
1.597222e+01 1.771335e-02 1.109009e-03
1.611111e+01 1.681364e-02 1.043605e-03
1.625000e+01 1.595726e-02 9.819852e-04
1.638889e+01 1.514229e-02 9.239365e-04
1.652778e+01 1.436688e-02 8.692565e-04
1.666667e+01 1.362923e-02 8.177536e-04
1.694444e+01 1.226058e-02 7.235752e-04
1.722222e+01 1.102340e-02 6.400685e-04
1.750000e+01 9.905887e-03 5.660507e-04
1.777778e+01 8.897173e-03 5.004660e-04
1.805556e+01 7.987282e-03 4.423725e-04
1.833333e+01 7.167063e-03 3.909307e-04
1.861111e+01 6.428136e-03 3.453924e-04
1.888889e+01 5.762837e-03 3.050914e-04
1.916667e+01 5.164170e-03 2.694349e-04
1.944444e+01 4.625752e-03 2.378958e-04
1.972222e+01 4.141776e-03 2.100055e-04
2.000000e+01 3.706956e-03 1.853478e-04
2.027778e+01 3.316494e-03 1.635531e-04
2.055556e+01 2.966033e-03 1.442935e-04
2.083333e+01 2.651627e-03 1.272781e-04
2.111111e+01 2.369698e-03 1.122489e-04
2.138889e+01 2.117009e-03 9.897704e-05
2.166667e+01 1.890630e-03 8.725985e-05
2.194444e+01 1.687913e-03 7.691754e-05
2.222222e+01 1.506461e-03 6.779073e-05
2.250000e+01 1.344109e-03 5.973820e-05
2.277778e+01 1.198902e-03 5.263473e-05
2.305556e+01 1.069072e-03 4.636938e-05
2.333333e+01 9.530240e-04 4.084389e-05
2.361111e+01 8.493225e-04 3.597131e-05
2.388889e+01 7.566766e-04 3.167484e-05
2.416667e+01 6.739314e-04 2.788682e-05
2.444444e+01 6.000597e-04 2.454790e-05
2.472222e+01 5.341569e-04 2.160635e-05
2.500000e+01 4.754375e-04 1.901750e-05
2.527778e+01 4.230423e-04 1.673574e-05
2.555556e+01 3.763160e-04 1.472541e-05
2.583333e+01 3.346664e-04 1.295483e-05
2.611111e+01 2.975580e-04 1.139584e-05
2.638889e+01 2.645075e-04 1.002344e-05
2.666667e+01 2.350801e-04 8.815505e-06
2.694444e+01 2.088852e-04 7.752441e-06
2.722222e+01 1.855725e-04 6.816949e-06
2.750000e+01 1.648285e-04 5.993763e-06
2.777778e+01 1.463731e-04 5.269432e-06
2.805556e+01 1.299565e-04 4.632114e-06
2.833333e+01 1.153561e-04 4.071391e-06
2.861111e+01 1.023734e-04 3.578100e-06
2.888889e+01 9.083204e-05 3.144186e-06
2.916667e+01 8.057485e-05 2.762566e-06
2.944444e+01 7.146188e-05 2.427007e-06
2.972222e+01 6.336836e-05 2.132020e-06
3.000000e+01 5.618289e-05 1.872763e-06
3.027778e+01 4.980584e-05 1.644964e-06
3.055556e+01 4.414797e-05 1.444843e-06
3.083333e+01 3.912920e-05 1.269055e-06
3.111111e+01 3.467762e-05 1.114638e-06
3.138889e+01 3.072870e-05 9.789675e-07
3.166667e+01 2.722469e-05 8.597270e-07
3.194444e+01 2.411419e-05 7.548791e-07
3.222222e+01 2.135202e-05 6.626488e-07
3.250000e+01 1.889912e-05 5.815115e-07
3.277778e+01 1.672287e-05 5.101893e-07
3.305556e+01 1.479740e-05 4.476523e-07
3.333333e+01 1.310422e-05 3.931266e-07
3.361111e+01 1.159626e-05 3.450128e-07
3.388889e+01 1.025983e-05 3.027491e-07
3.416667e+01 9.075972e-06 2.656382e-07
3.444444e+01 8.027668e-06 2.330613e-07
3.472222e+01 7.099658e-06 2.044702e-07
3.500000e+01 6.278301e-06 1.793800e-07
3.527778e+01 5.551430e-06 1.573634e-07
3.555556e+01 4.908219e-06 1.380436e-07
3.583333e+01 4.339053e-06 1.210898e-07
3.611111e+01 3.835414e-06 1.062115e-07
3.638889e+01 3.389764e-06 9.315382e-08
3.666667e+01 2.995443e-06 8.169391e-08
3.694444e+01 2.646570e-06 7.163649e-08
3.722222e+01 2.337954e-06 6.281069e-08
3.750000e+01 2.065009e-06 5.506690e-08
3.777778e+01 1.823684e-06 4.827398e-08
3.805556e+01 1.610389e-06 4.231680e-08
3.833333e+01 1.421941e-06 3.709411e-08
3.861111e+01 1.255503e-06 3.251663e-08
3.888889e+01 1.108547e-06 2.850549e-08
3.916667e+01 9.788086e-07 2.499086e-08
3.944444e+01 8.642609e-07 2.191084e-08
3.972222e+01 7.630884e-07 1.921062e-08
4.000000e+01 6.736719e-07 1.684180e-08
4.027778e+01 5.945797e-07 1.476198e-08
4.055556e+01 5.245662e-07 1.293451e-08
4.083333e+01 4.625779e-07 1.132844e-08
4.111111e+01 4.077671e-07 9.918659e-09
4.138889e+01 3.595124e-07 8.686206e-09
4.166667e+01 3.174475e-07 7.618741e-09
4.194444e+01 2.799923e-07 6.675312e-09
4.222222e+01 2.469167e-07 5.848028e-09
4.250000e+01 2.177229e-07 5.122893e-09
4.277778e+01 1.919647e-07 4.487487e-09
4.305556e+01 1.692436e-07 3.930820e-09
4.333333e+01 1.492047e-07 3.443185e-09
4.361111e+01 1.315324e-07 3.016029e-09
4.388889e+01 1.159472e-07 2.641836e-09
4.416667e+01 1.022021e-07 2.314010e-09
4.444444e+01 9.007886e-08 2.026774e-09
4.472222e+01 7.938550e-08 1.775079e-09
4.500000e+01 6.995311e-08 1.554513e-09
4.527778e+01 6.163325e-08 1.361225e-09
4.555556e+01 5.429552e-08 1.191853e-09
4.583333e+01 4.782530e-08 1.043461e-09
4.611111e+01 4.212166e-08 9.134818e-10
4.638889e+01 3.709562e-08 7.996660e-10
4.666667e+01 3.266844e-08 7.000379e-10
4.694444e+01 2.877023e-08 6.128571e-10
4.722222e+01 2.533878e-08 5.365860e-10
4.750000e+01 2.231849e-08 4.698630e-10
4.777778e+01 1.965962e-08 4.114803e-10
4.805556e+01 1.731767e-08 3.603677e-10
4.833333e+01 1.525306e-08 3.155805e-10
4.861111e+01 1.343088e-08 2.762923e-10
4.888889e+01 1.182099e-08 2.417929e-10
4.916667e+01 1.039823e-08 2.114894e-10
4.944444e+01 9.142882e-09 1.849122e-10
4.972222e+01 8.041334e-09 1.617252e-10
5.000000e+01 7.086935e-09 1.417387e-10
5.055556e+01 5.499614e-09 1.087836e-10
5.111111e+01 4.254317e-09 8.323663e-11
5.166667e+01 3.284342e-09 6.356792e-11
5.222222e+01 2.533687e-09 4.851742e-11
5.277778e+01 1.955830e-09 3.705783e-11
5.333333e+01 1.512580e-09 2.836087e-11
5.388889e+01 1.173009e-09 2.176717e-11
5.444444e+01 9.124452e-10 1.675920e-11
5.500000e+01 7.115471e-10 1.293722e-11
5.555556e+01 5.554453e-10 9.998016e-12
5.611111e+01 4.329601e-10 7.716120e-12
5.666667e+01 3.358893e-10 5.927458e-12
5.722222e+01 2.583701e-10 4.515206e-12
5.777778e+01 1.963131e-10 3.397727e-12
5.833333e+01 1.469084e-10 2.518429e-12
5.888889e+01 1.082047e-10 1.837439e-12
5.944444e+01 7.876147e-11 1.324959e-12
6.000000e+01 5.737232e-11 9.562054e-13
6.055556e+01 4.286234e-11 7.078185e-13
6.111111e+01 3.395718e-11 5.556629e-13
6.166667e+01 2.922493e-11 4.739178e-13
6.222222e+01 2.709065e-11 4.353855e-13
6.277778e+01 2.592327e-11 4.129371e-13
6.333333e+01 2.419525e-11 3.820303e-13
6.388889e+01 2.071465e-11 3.242292e-13
6.444444e+01 1.492986e-11 2.316703e-13
6.500000e+01 7.306893e-12 1.124137e-13
6.555556e+01 -2.208381e-13 -3.368716e-15
6.611111e+01 -3.730087e-12 -5.642149e-14
6.666667e+01 3.287174e-12 4.930761e-14
6.777778e+01 2.031881e-12 2.997857e-14
6.888889e+01 1.194508e-12 1.733964e-14
7.000000e+01 6.624138e-13 9.463055e-15
7.111111e+01 3.456624e-13 4.860878e-15
7.222222e+01 1.739931e-13 2.409135e-15
7.333333e+01 9.398567e-14 1.281623e-15
7.444444e+01 6.643037e-14 8.923483e-16
7.555556e+01 6.389957e-14 8.457296e-16
7.666667e+01 6.852176e-14 8.937621e-16
7.777778e+01 6.995783e-14 8.994578e-16
7.888889e+01 6.357957e-14 8.059382e-16
8.000000e+01 4.885043e-14 6.106303e-16
8.111111e+01 2.790851e-14 3.440775e-16
8.222222e+01 4.351839e-15 5.292777e-17
8.333333e+01 -1.777411e-14 -2.132894e-16
8.444444e+01 -3.478669e-14 -4.119477e-16
8.555556e+01 -4.397404e-14 -5.139823e-16
8.666667e+01 -4.400081e-14 -5.077017e-16
8.777778e+01 -3.511170e-14 -4.000067e-16
8.888889e+01 -1.913263e-14 -2.152420e-16
9.000000e+01 7.302560e-16 8.113955e-18
9.111111e+01 2.029382e-14 2.227371e-16
9.222222e+01 3.500352e-14 3.795563e-16
9.333333e+01 4.074112e-14 4.365120e-16
9.444444e+01 3.483475e-14 3.688386e-16
9.555556e+01 1.727116e-14 1.807447e-16
9.666667e+01 -7.889736e-15 -8.161796e-17
9.777778e+01 -3.089811e-14 -3.160034e-16
9.888889e+01 -3.449517e-14 -3.488276e-16
1.000000e+02 8.108111e-15 8.108111e-17
1.003333e+02 6.912278e-15 6.889314e-17
1.006667e+02 5.891145e-15 5.852130e-17
1.010000e+02 5.020215e-15 4.970510e-17
1.013333e+02 4.278045e-15 4.221755e-17
1.016667e+02 3.645954e-15 3.586184e-17
1.020000e+02 3.107744e-15 3.046808e-17
1.023333e+02 2.649447e-15 2.589036e-17
1.026667e+02 2.259075e-15 2.200397e-17
1.030000e+02 1.926391e-15 1.870282e-17
1.033333e+02 1.642698e-15 1.589708e-17
1.036667e+02 1.400636e-15 1.351096e-17
1.040000e+02 1.194002e-15 1.148079e-17
1.043333e+02 1.017576e-15 9.753121e-18
1.046667e+02 8.669725e-16 8.283177e-18
1.050000e+02 7.385014e-16 7.033347e-18
1.053333e+02 6.290430e-16 5.971927e-18
1.056667e+02 5.359415e-16 5.072002e-18
1.060000e+02 4.569127e-16 4.310497e-18
1.063333e+02 3.899659e-16 3.667391e-18
1.066667e+02 3.333422e-16 3.125083e-18
1.070000e+02 2.854677e-16 2.667922e-18
1.073333e+02 2.449215e-16 2.281877e-18
1.076667e+02 2.104193e-16 1.954359e-18
1.080000e+02 1.808122e-16 1.674187e-18
1.083333e+02 1.551007e-16 1.431699e-18
1.086667e+02 1.324636e-16 1.218991e-18
1.090000e+02 1.123029e-16 1.030302e-18
1.093333e+02 9.430270e-17 8.625247e-19
1.096667e+02 7.850465e-17 7.158479e-19
1.100000e+02 6.539763e-17 5.945239e-19
1.103667e+02 5.744848e-17 5.205238e-19
1.107333e+02 4.877620e-17 4.404835e-19
1.111000e+02 4.022471e-17 3.620586e-19
1.114667e+02 3.236258e-17 2.903341e-19
1.118333e+02 2.553137e-17 2.282984e-19
1.122000e+02 1.989016e-17 1.772742e-19
1.125667e+02 1.545615e-17 1.373067e-19
1.129333e+02 1.214147e-17 1.075100e-19
1.133000e+02 9.786092e-18 8.637328e-20
1.136667e+02 8.186987e-18 7.202628e-20
1.140333e+02 7.123313e-18 6.246694e-20
1.144000e+02 6.377844e-18 5.575038e-20
1.147667e+02 5.754510e-18 5.014095e-20
1.151333e+02 5.092106e-18 4.422790e-20
1.155000e+02 4.274143e-18 3.700556e-20
1.158667e+02 3.234853e-18 2.791876e-20
1.162333e+02 1.961353e-18 1.687428e-20
1.166000e+02 4.919490e-19 4.219117e-21
1.169667e+02 -1.089400e-18 -9.313763e-21
1.173333e+02 -2.662466e-18 -2.269147e-20
1.177000e+02 -4.083990e-18 -3.469830e-20
1.180667e+02 -5.204761e-18 -4.408324e-20
1.184333e+02 -5.890550e-18 -4.973727e-20
1.188000e+02 -6.046886e-18 -5.089972e-20
1.191667e+02 -5.647684e-18 -4.739315e-20
1.195333e+02 -4.767721e-18 -3.988612e-20
1.199000e+02 -3.618957e-18 -3.018313e-20
1.202667e+02 -2.590710e-18 -2.154138e-20
1.206333e+02 -2.293670e-18 -1.901357e-20
1.210000e+02 -3.607774e-18 -2.981631e-20
1.214033e+02 -3.361492e-18 -2.768863e-20
1.218067e+02 -3.313889e-18 -2.720614e-20
1.222100e+02 -3.443494e-18 -2.817686e-20
1.226133e+02 -3.722094e-18 -3.035635e-20
1.230167e+02 -4.117005e-18 -3.346705e-20
1.234200e+02 -4.593128e-18 -3.721543e-20
1.238233e+02 -5.114777e-18 -4.130705e-20
1.242267e+02 -5.647280e-18 -4.545949e-20
1.246300e+02 -6.158368e-18 -4.941321e-20
1.250333e+02 -6.619330e-18 -5.294052e-20
1.254367e+02 -7.005949e-18 -5.585248e-20
1.258400e+02 -7.299219e-18 -5.800397e-20
1.262433e+02 -7.485833e-18 -5.929686e-20
1.266467e+02 -7.558448e-18 -5.968138e-20
1.270500e+02 -7.515736e-18 -5.915573e-20
1.274533e+02 -7.362197e-18 -5.776386e-20
1.278567e+02 -7.107762e-18 -5.559164e-20
1.282600e+02 -6.767170e-18 -5.276134e-20
1.286633e+02 -6.359112e-18 -4.942443e-20
1.290667e+02 -5.905171e-18 -4.575287e-20
1.294700e+02 -5.428518e-18 -4.192877e-20
1.298733e+02 -4.952401e-18 -3.813255e-20
1.302767e+02 -4.498403e-18 -3.452961e-20
1.306800e+02 -4.084480e-18 -3.125558e-20
1.310833e+02 -3.722772e-18 -2.840004e-20
1.314867e+02 -3.417197e-18 -2.598893e-20
1.318900e+02 -3.160818e-18 -2.396556e-20
1.322933e+02 -2.932986e-18 -2.217032e-20
1.326967e+02 -2.696263e-18 -2.031900e-20
1.331000e+02 -2.393123e-18 -1.797989e-20
1.335437e+02 -2.212331e-18 -1.656635e-20
1.339873e+02 -2.015646e-18 -1.504356e-20
1.344310e+02 -1.829875e-18 -1.361200e-20
1.348747e+02 -1.670900e-18 -1.238854e-20
1.353183e+02 -1.545881e-18 -1.142403e-20
1.357620e+02 -1.455268e-18 -1.071926e-20
1.362057e+02 -1.394617e-18 -1.023905e-20
1.366493e+02 -1.356217e-18 -9.924799e-21
1.370930e+02 -1.330524e-18 -9.705266e-21
1.375367e+02 -1.307400e-18 -9.505830e-21
1.379803e+02 -1.277165e-18 -9.256135e-21
1.384240e+02 -1.231450e-18 -8.896215e-21
1.388677e+02 -1.163865e-18 -8.381111e-21
1.393113e+02 -1.070472e-18 -7.684024e-21
1.397550e+02 -9.500587e-19 -6.798030e-21
1.401987e+02 -8.042344e-19 -5.736392e-21
1.406423e+02 -6.373203e-19 -4.531497e-21
1.410860e+02 -4.560542e-19 -3.232456e-21
1.415297e+02 -2.691021e-19 -1.901383e-21
1.419733e+02 -8.637639e-20 -6.083987e-22
1.424170e+02 8.183739e-20 5.746322e-22
1.428607e+02 2.259461e-19 1.581584e-21
1.433043e+02 3.383072e-19 2.360761e-21
1.437480e+02 4.146785e-19 2.884760e-21
1.441917e+02 4.558610e-19 3.161493e-21
1.446353e+02 4.695331e-19 3.246324e-21
1.450790e+02 4.722781e-19 3.255317e-21
1.455227e+02 4.918025e-19 3.379559e-21
1.459663e+02 5.693482e-19 3.900544e-21
1.464100e+02 7.622955e-19 5.206581e-21
1.468980e+02 8.071714e-19 5.494773e-21
1.473861e+02 8.155193e-19 5.533218e-21
1.478741e+02 7.970426e-19 5.390008e-21
1.483621e+02 7.603705e-19 5.125098e-21
1.488502e+02 7.130113e-19 4.790128e-21
1.493382e+02 6.613238e-19 4.428363e-21
1.498262e+02 6.105052e-19 4.074755e-21
1.503143e+02 5.645983e-19 3.756119e-21
1.508023e+02 5.265145e-19 3.491422e-21
1.512903e+02 4.980757e-19 3.292185e-21
1.517784e+02 4.800738e-19 3.162992e-21
1.522664e+02 4.723466e-19 3.102106e-21
1.527544e+02 4.738729e-19 3.102188e-21
1.532425e+02 4.828846e-19 3.151115e-21
1.537305e+02 4.969957e-19 3.232903e-21
1.542185e+02 5.133504e-19 3.328721e-21
1.547066e+02 5.287873e-19 3.418002e-21
1.551946e+02 5.400227e-19 3.479649e-21
1.556826e+02 5.438501e-19 3.493325e-21
1.561707e+02 5.373585e-19 3.440841e-21
1.566587e+02 5.181677e-19 3.307622e-21
1.571467e+02 4.846815e-19 3.084261e-21
1.576348e+02 4.363582e-19 2.768160e-21
1.581228e+02 3.739992e-19 2.365245e-21
1.586108e+02 3.000547e-19 1.891767e-21
1.590989e+02 2.189479e-19 1.376175e-21
1.595869e+02 1.374154e-19 8.610691e-22
1.600749e+02 6.486676e-20 4.052274e-22
1.605630e+02 1.376089e-20 8.570404e-23
1.610510e+02 -3.158044e-34
