# 
# Output from EIGENRAD program.
# 
# Eigenfunction for specific electronic state.
# The first column contains radius $r$ in bohr units.
# The second column holds value of eginefunction.
# 
# Use this file with gnuplot to create the plot.
#
0.000000e+00 0.000000e+00 3.013518e-08
3.472222e-02 9.560288e-05 2.753363e-03
6.944444e-02 3.758027e-04 5.411559e-03
1.041667e-01 8.309073e-04 7.976710e-03
1.388889e-01 1.451510e-03 1.045087e-02
1.736111e-01 2.228485e-03 1.283607e-02
2.083333e-01 3.152978e-03 1.513429e-02
2.430556e-01 4.216403e-03 1.734749e-02
2.777778e-01 5.410436e-03 1.947757e-02
3.125000e-01 6.727008e-03 2.152643e-02
3.472222e-01 8.158301e-03 2.349591e-02
3.819444e-01 9.696738e-03 2.538782e-02
4.166667e-01 1.133499e-02 2.720397e-02
4.513889e-01 1.306594e-02 2.894608e-02
4.861111e-01 1.488273e-02 3.061590e-02
5.208333e-01 1.677870e-02 3.221510e-02
5.555556e-01 1.874741e-02 3.374534e-02
5.902778e-01 2.078265e-02 3.520826e-02
6.250000e-01 2.287840e-02 3.660544e-02
6.597222e-01 2.502885e-02 3.793847e-02
6.944444e-01 2.722839e-02 3.920889e-02
7.291667e-01 2.947160e-02 4.041819e-02
7.638889e-01 3.175324e-02 4.156788e-02
7.986111e-01 3.406827e-02 4.265939e-02
8.333333e-01 3.641182e-02 4.369418e-02
8.680556e-01 3.877919e-02 4.467363e-02
9.027778e-01 4.116588e-02 4.559913e-02
9.375000e-01 4.356753e-02 4.647203e-02
9.722222e-01 4.597994e-02 4.729365e-02
1.006944e+00 4.839908e-02 4.806530e-02
1.041667e+00 5.082109e-02 4.878825e-02
1.076389e+00 5.324223e-02 4.946375e-02
1.111111e+00 5.565894e-02 5.009304e-02
1.145833e+00 5.806777e-02 5.067732e-02
1.180556e+00 6.046543e-02 5.121778e-02
1.215278e+00 6.284877e-02 5.171556e-02
1.250000e+00 6.521477e-02 5.217182e-02
1.284722e+00 6.756054e-02 5.258766e-02
1.319444e+00 6.988330e-02 5.296419e-02
1.354167e+00 7.218042e-02 5.330247e-02
1.388889e+00 7.444938e-02 5.360355e-02
1.423611e+00 7.668776e-02 5.386848e-02
1.458333e+00 7.889328e-02 5.409825e-02
1.493056e+00 8.106376e-02 5.429387e-02
1.527778e+00 8.319712e-02 5.445630e-02
1.562500e+00 8.529140e-02 5.458649e-02
1.597222e+00 8.734473e-02 5.468539e-02
1.631944e+00 8.935534e-02 5.475391e-02
1.666667e+00 9.132157e-02 5.479294e-02
1.701389e+00 9.324184e-02 5.480337e-02
1.736111e+00 9.511467e-02 5.478605e-02
1.770833e+00 9.693866e-02 5.474183e-02
1.805556e+00 9.871250e-02 5.467154e-02
1.840278e+00 1.004350e-01 5.457599e-02
1.875000e+00 1.021049e-01 5.445597e-02
1.909722e+00 1.037213e-01 5.431225e-02
1.944444e+00 1.052831e-01 5.414561e-02
1.979167e+00 1.067895e-01 5.395679e-02
2.013889e+00 1.082395e-01 5.374652e-02
2.048611e+00 1.096325e-01 5.351551e-02
2.083333e+00 1.109676e-01 5.326446e-02
2.152778e+00 1.134622e-01 5.270500e-02
2.222222e+00 1.157187e-01 5.207341e-02
2.291667e+00 1.177340e-01 5.137482e-02
2.361111e+00 1.195055e-01 5.061409e-02
2.430556e+00 1.210317e-01 4.979589e-02
2.500000e+00 1.223118e-01 4.892471e-02
2.569444e+00 1.233457e-01 4.800480e-02
2.638889e+00 1.241340e-01 4.704024e-02
2.708333e+00 1.246780e-01 4.603494e-02
2.777778e+00 1.249795e-01 4.499263e-02
2.847222e+00 1.250410e-01 4.391686e-02
2.916667e+00 1.248655e-01 4.281102e-02
2.986111e+00 1.244562e-01 4.167837e-02
3.055556e+00 1.238172e-01 4.052198e-02
3.125000e+00 1.229525e-01 3.934480e-02
3.194444e+00 1.218669e-01 3.814963e-02
3.263889e+00 1.205652e-01 3.693914e-02
3.333333e+00 1.190529e-01 3.571586e-02
3.402778e+00 1.173353e-01 3.448220e-02
3.472222e+00 1.154182e-01 3.324044e-02
3.541667e+00 1.133077e-01 3.199276e-02
3.611111e+00 1.110099e-01 3.074120e-02
3.680556e+00 1.085312e-01 2.948771e-02
3.750000e+00 1.058780e-01 2.823414e-02
3.819444e+00 1.030571e-01 2.698223e-02
3.888889e+00 1.000751e-01 2.573361e-02
3.958333e+00 9.693893e-02 2.448984e-02
4.027778e+00 9.365542e-02 2.325238e-02
4.097222e+00 9.023156e-02 2.202262e-02
4.166667e+00 8.667437e-02 2.080185e-02
4.305556e+00 7.918869e-02 1.839221e-02
4.444444e+00 7.125245e-02 1.603180e-02
4.583333e+00 6.292240e-02 1.372852e-02
4.722222e+00 5.425423e-02 1.148913e-02
4.861111e+00 4.530235e-02 9.319341e-03
5.000000e+00 3.611977e-02 7.223953e-03
5.138889e+00 2.675790e-02 5.206942e-03
5.277778e+00 1.726646e-02 3.271539e-03
5.416667e+00 7.693342e-03 1.420309e-03
5.555556e+00 -1.915501e-03 -3.447901e-04
5.694444e+00 -1.151615e-02 -2.022348e-03
5.833333e+00 -2.106679e-02 -3.611449e-03
5.972222e+00 -3.052779e-02 -5.111630e-03
6.111111e+00 -3.986177e-02 -6.522834e-03
6.250000e+00 -4.903359e-02 -7.845375e-03
6.388889e+00 -5.801046e-02 -9.079898e-03
6.527778e+00 -6.676187e-02 -1.022735e-02
6.666667e+00 -7.525965e-02 -1.128895e-02
6.805556e+00 -8.347792e-02 -1.226614e-02
6.944444e+00 -9.139310e-02 -1.316061e-02
7.083333e+00 -9.898383e-02 -1.397419e-02
7.222222e+00 -1.062310e-01 -1.470890e-02
7.361111e+00 -1.131175e-01 -1.536690e-02
7.500000e+00 -1.196283e-01 -1.595045e-02
7.638889e+00 -1.257505e-01 -1.646189e-02
7.777778e+00 -1.314729e-01 -1.690365e-02
7.916667e+00 -1.367858e-01 -1.727821e-02
8.055556e+00 -1.416816e-01 -1.758806e-02
8.194444e+00 -1.461537e-01 -1.783570e-02
8.333333e+00 -1.501969e-01 -1.802363e-02
8.472222e+00 -1.538101e-01 -1.815463e-02
8.611111e+00 -1.569911e-01 -1.823123e-02
8.750000e+00 -1.597399e-01 -1.825599e-02
8.888889e+00 -1.620575e-01 -1.823147e-02
9.027778e+00 -1.639463e-01 -1.816021e-02
9.166667e+00 -1.654099e-01 -1.804471e-02
9.305556e+00 -1.664527e-01 -1.788745e-02
9.444444e+00 -1.670803e-01 -1.769086e-02
9.583333e+00 -1.672992e-01 -1.745731e-02
9.722222e+00 -1.671167e-01 -1.718914e-02
9.861111e+00 -1.665407e-01 -1.688864e-02
1.000000e+01 -1.655801e-01 -1.655801e-02
1.013889e+01 -1.642442e-01 -1.619943e-02
1.027778e+01 -1.625431e-01 -1.581500e-02
1.041667e+01 -1.604872e-01 -1.540677e-02
1.055556e+01 -1.580875e-01 -1.497671e-02
1.069444e+01 -1.553553e-01 -1.452673e-02
1.083333e+01 -1.523024e-01 -1.405868e-02
1.097222e+01 -1.489408e-01 -1.357435e-02
1.111111e+01 -1.452829e-01 -1.307546e-02
1.125000e+01 -1.413410e-01 -1.256365e-02
1.138889e+01 -1.371280e-01 -1.204051e-02
1.152778e+01 -1.326565e-01 -1.150755e-02
1.166667e+01 -1.279396e-01 -1.096625e-02
1.180556e+01 -1.229901e-01 -1.041798e-02
1.194444e+01 -1.178209e-01 -9.864078e-03
1.208333e+01 -1.124452e-01 -9.305806e-03
1.222222e+01 -1.068756e-01 -8.744369e-03
1.236111e+01 -1.011252e-01 -8.180914e-03
1.250000e+01 -9.520656e-02 -7.616525e-03
1.263889e+01 -8.913240e-02 -7.052234e-03
1.277778e+01 -8.291509e-02 -6.489007e-03
1.291667e+01 -7.656698e-02 -5.927766e-03
1.305556e+01 -7.010017e-02 -5.369374e-03
1.319444e+01 -6.352658e-02 -4.814646e-03
1.333333e+01 -5.685791e-02 -4.264343e-03
1.347222e+01 -5.010559e-02 -3.719178e-03
1.361111e+01 -4.328082e-02 -3.179816e-03
1.375000e+01 -3.639455e-02 -2.646877e-03
1.388889e+01 -2.945744e-02 -2.120936e-03
1.402778e+01 -2.247988e-02 -1.602526e-03
1.416667e+01 -1.547197e-02 -1.092139e-03
1.430556e+01 -8.443524e-03 -5.902269e-04
1.444444e+01 -1.404044e-03 -9.720304e-05
1.458333e+01 5.637262e-03 3.865551e-04
1.472222e+01 1.267150e-02 8.607057e-04
1.486111e+01 1.969009e-02 1.324940e-03
1.500000e+01 2.668476e-02 1.778984e-03
1.513889e+01 3.364756e-02 2.222591e-03
1.527778e+01 4.057086e-02 2.655547e-03
1.541667e+01 4.744735e-02 3.077666e-03
1.555556e+01 5.427004e-02 3.488788e-03
1.569444e+01 6.103223e-02 3.888779e-03
1.583333e+01 6.772757e-02 4.277530e-03
1.597222e+01 7.434998e-02 4.654956e-03
1.611111e+01 8.089373e-02 5.020990e-03
1.625000e+01 8.735336e-02 5.375591e-03
1.638889e+01 9.372370e-02 5.718734e-03
1.652778e+01 9.999988e-02 6.050413e-03
1.666667e+01 1.061773e-01 6.370639e-03
1.694444e+01 1.182190e-01 6.976858e-03
1.722222e+01 1.298184e-01 7.537841e-03
1.750000e+01 1.409485e-01 8.054202e-03
1.777778e+01 1.515868e-01 8.526756e-03
1.805556e+01 1.617144e-01 8.956489e-03
1.833333e+01 1.713164e-01 9.344532e-03
1.861111e+01 1.803814e-01 9.692137e-03
1.888889e+01 1.889013e-01 1.000066e-02
1.916667e+01 1.968707e-01 1.027152e-02
1.944444e+01 2.042874e-01 1.050621e-02
1.972222e+01 2.111517e-01 1.070628e-02
2.000000e+01 2.174660e-01 1.087330e-02
2.027778e+01 2.232352e-01 1.100886e-02
2.055556e+01 2.284661e-01 1.111457e-02
2.083333e+01 2.331670e-01 1.119202e-02
2.111111e+01 2.373483e-01 1.124282e-02
2.138889e+01 2.410215e-01 1.126854e-02
2.166667e+01 2.441993e-01 1.127074e-02
2.194444e+01 2.468958e-01 1.125095e-02
2.222222e+01 2.491259e-01 1.121066e-02
2.250000e+01 2.509052e-01 1.115134e-02
2.277778e+01 2.522501e-01 1.107439e-02
2.305556e+01 2.531776e-01 1.098120e-02
2.333333e+01 2.537050e-01 1.087307e-02
2.361111e+01 2.538499e-01 1.075129e-02
2.388889e+01 2.536302e-01 1.061708e-02
2.416667e+01 2.530639e-01 1.047161e-02
2.444444e+01 2.521688e-01 1.031600e-02
2.472222e+01 2.509630e-01 1.015131e-02
2.500000e+01 2.494639e-01 9.978557e-03
2.527778e+01 2.476899e-01 9.798721e-03
2.555556e+01 2.456578e-01 9.612698e-03
2.583333e+01 2.433850e-01 9.421355e-03
2.611111e+01 2.408883e-01 9.225508e-03
2.638889e+01 2.381841e-01 9.025923e-03
2.666667e+01 2.352884e-01 8.823316e-03
2.694444e+01 2.322169e-01 8.618359e-03
2.722222e+01 2.289846e-01 8.411679e-03
2.750000e+01 2.256061e-01 8.203859e-03
2.777778e+01 2.220956e-01 7.995441e-03
2.805556e+01 2.184666e-01 7.786928e-03
2.833333e+01 2.147322e-01 7.578785e-03
2.861111e+01 2.109051e-01 7.371439e-03
2.888889e+01 2.069971e-01 7.165285e-03
2.916667e+01 2.030199e-01 6.960682e-03
2.944444e+01 1.989843e-01 6.757958e-03
2.972222e+01 1.949009e-01 6.557413e-03
3.000000e+01 1.907794e-01 6.359314e-03
3.027778e+01 1.866293e-01 6.163905e-03
3.055556e+01 1.824595e-01 5.971400e-03
3.083333e+01 1.782781e-01 5.781993e-03
3.111111e+01 1.740932e-01 5.595852e-03
3.138889e+01 1.699119e-01 5.413124e-03
3.166667e+01 1.657413e-01 5.233936e-03
3.194444e+01 1.615877e-01 5.058398e-03
3.222222e+01 1.574571e-01 4.886600e-03
3.250000e+01 1.533551e-01 4.718618e-03
3.277778e+01 1.492868e-01 4.554512e-03
3.305556e+01 1.452570e-01 4.394330e-03
3.333333e+01 1.412702e-01 4.238107e-03
3.361111e+01 1.373302e-01 4.085858e-03
3.388889e+01 1.334407e-01 3.937594e-03
3.416667e+01 1.296049e-01 3.793314e-03
3.444444e+01 1.258259e-01 3.653009e-03
3.472222e+01 1.221062e-01 3.516660e-03
3.500000e+01 1.184484e-01 3.384240e-03
3.527778e+01 1.148544e-01 3.255715e-03
3.555556e+01 1.113261e-01 3.131046e-03
3.583333e+01 1.078650e-01 3.010187e-03
3.611111e+01 1.044726e-01 2.893087e-03
3.638889e+01 1.011498e-01 2.779690e-03
3.666667e+01 9.789768e-02 2.669937e-03
3.694444e+01 9.471684e-02 2.563764e-03
3.722222e+01 9.160783e-02 2.461106e-03
3.750000e+01 8.857098e-02 2.361893e-03
3.777778e+01 8.560650e-02 2.266054e-03
3.805556e+01 8.271440e-02 2.173517e-03
3.833333e+01 7.989457e-02 2.084206e-03
3.861111e+01 7.714678e-02 1.998046e-03
3.888889e+01 7.447068e-02 1.914960e-03
3.916667e+01 7.186578e-02 1.834871e-03
3.944444e+01 6.933152e-02 1.757700e-03
3.972222e+01 6.686723e-02 1.683371e-03
4.000000e+01 6.447217e-02 1.611804e-03
4.027778e+01 6.214550e-02 1.542923e-03
4.055556e+01 5.988633e-02 1.476649e-03
4.083333e+01 5.769370e-02 1.412907e-03
4.111111e+01 5.556659e-02 1.351620e-03
4.138889e+01 5.350394e-02 1.292713e-03
4.166667e+01 5.150464e-02 1.236111e-03
4.194444e+01 4.956754e-02 1.181743e-03
4.222222e+01 4.769146e-02 1.129535e-03
4.250000e+01 4.587520e-02 1.079416e-03
4.277778e+01 4.411751e-02 1.031318e-03
4.305556e+01 4.241714e-02 9.851722e-04
4.333333e+01 4.077282e-02 9.409112e-04
4.361111e+01 3.918328e-02 8.984701e-04
4.388889e+01 3.764722e-02 8.577848e-04
4.416667e+01 3.616336e-02 8.187932e-04
4.444444e+01 3.473041e-02 7.814342e-04
4.472222e+01 3.334707e-02 7.456487e-04
4.500000e+01 3.201205e-02 7.113789e-04
4.527778e+01 3.072407e-02 6.785684e-04
4.555556e+01 2.948185e-02 6.471627e-04
4.583333e+01 2.828414e-02 6.171085e-04
4.611111e+01 2.712967e-02 5.883543e-04
4.638889e+01 2.601721e-02 5.608501e-04
4.666667e+01 2.494554e-02 5.345472e-04
4.694444e+01 2.391344e-02 5.093987e-04
4.722222e+01 2.291973e-02 4.853589e-04
4.750000e+01 2.196323e-02 4.623839e-04
4.777778e+01 2.104280e-02 4.404308e-04
4.805556e+01 2.015731e-02 4.194585e-04
4.833333e+01 1.930565e-02 3.994272e-04
4.861111e+01 1.848672e-02 3.802983e-04
4.888889e+01 1.769947e-02 3.620347e-04
4.916667e+01 1.694286e-02 3.446005e-04
4.944444e+01 1.621586e-02 3.279612e-04
4.972222e+01 1.551747e-02 3.120832e-04
5.000000e+01 1.484672e-02 2.969344e-04
5.055556e+01 1.358434e-02 2.687012e-04
5.111111e+01 1.242152e-02 2.430297e-04
5.166667e+01 1.135127e-02 2.197020e-04
5.222222e+01 1.036702e-02 1.985173e-04
5.277778e+01 9.462558e-03 1.792906e-04
5.333333e+01 8.632066e-03 1.618512e-04
5.388889e+01 7.870068e-03 1.460425e-04
5.444444e+01 7.171430e-03 1.317201e-04
5.500000e+01 6.531344e-03 1.187517e-04
5.555556e+01 5.945312e-03 1.070156e-04
5.611111e+01 5.409132e-03 9.640038e-05
5.666667e+01 4.918884e-03 8.680383e-05
5.722222e+01 4.470916e-03 7.813252e-05
5.777778e+01 4.061833e-03 7.030096e-05
5.833333e+01 3.688480e-03 6.323108e-05
5.888889e+01 3.347930e-03 5.685164e-05
5.944444e+01 3.037475e-03 5.109770e-05
6.000000e+01 2.754607e-03 4.591012e-05
6.055556e+01 2.497014e-03 4.123509e-05
6.111111e+01 2.262558e-03 3.702367e-05
6.166667e+01 2.049273e-03 3.323145e-05
6.222222e+01 1.855347e-03 2.981808e-05
6.277778e+01 1.679114e-03 2.674696e-05
6.333333e+01 1.519043e-03 2.398489e-05
6.388889e+01 1.373725e-03 2.150178e-05
6.444444e+01 1.241864e-03 1.927030e-05
6.500000e+01 1.122268e-03 1.726565e-05
6.555556e+01 1.013836e-03 1.546530e-05
6.611111e+01 9.155535e-04 1.384871e-05
6.666667e+01 8.264768e-04 1.239715e-05
6.777778e+01 6.732135e-04 9.932658e-06
6.888889e+01 5.472579e-04 7.944066e-06
7.000000e+01 4.441282e-04 6.344689e-06
7.111111e+01 3.599672e-04 5.062039e-06
7.222222e+01 2.914781e-04 4.035851e-06
7.333333e+01 2.358642e-04 3.216330e-06
7.444444e+01 1.907716e-04 2.562604e-06
7.555556e+01 1.542366e-04 2.041367e-06
7.666667e+01 1.246350e-04 1.625674e-06
7.777778e+01 1.006361e-04 1.293893e-06
7.888889e+01 8.116011e-05 1.028790e-06
8.000000e+01 6.533833e-05 8.167292e-07
8.111111e+01 5.247781e-05 6.469867e-07
8.222222e+01 4.202890e-05 5.111623e-07
8.333333e+01 3.355659e-05 4.026791e-07
8.444444e+01 2.671525e-05 3.163648e-07
8.555556e+01 2.122701e-05 2.481079e-07
8.666667e+01 1.686358e-05 1.945798e-07
8.777778e+01 1.343162e-05 1.530185e-07
8.888889e+01 1.076163e-05 1.210683e-07
9.000000e+01 8.700385e-06 9.667094e-08
9.111111e+01 7.106864e-06 7.800217e-08
9.222222e+01 5.851727e-06 6.345247e-08
9.333333e+01 4.820300e-06 5.164607e-08
9.444444e+01 3.919093e-06 4.149628e-08
9.555556e+01 3.085839e-06 3.229366e-08
9.666667e+01 2.303062e-06 2.382478e-08
9.777778e+01 1.615162e-06 1.651870e-08
9.888889e+01 1.149027e-06 1.161938e-08
1.000000e+02 1.138176e-06 1.138176e-08
1.003333e+02 1.062009e-06 1.058481e-08
1.006667e+02 9.908884e-07 9.843262e-09
1.010000e+02 9.244843e-07 9.153310e-09
1.013333e+02 8.624884e-07 8.511398e-09
1.016667e+02 8.046114e-07 7.914210e-09
1.020000e+02 7.505826e-07 7.358653e-09
1.023333e+02 7.001488e-07 6.841845e-09
1.026667e+02 6.530732e-07 6.361102e-09
1.030000e+02 6.091341e-07 5.913923e-09
1.033333e+02 5.681245e-07 5.497979e-09
1.036667e+02 5.298510e-07 5.111103e-09
1.040000e+02 4.941327e-07 4.751276e-09
1.043333e+02 4.608007e-07 4.416621e-09
1.046667e+02 4.296973e-07 4.105388e-09
1.050000e+02 4.006749e-07 3.815952e-09
1.053333e+02 3.735959e-07 3.546797e-09
1.056667e+02 3.483315e-07 3.296513e-09
1.060000e+02 3.247614e-07 3.063787e-09
1.063333e+02 3.027732e-07 2.847397e-09
1.066667e+02 2.822617e-07 2.646204e-09
1.070000e+02 2.631287e-07 2.459147e-09
1.073333e+02 2.452824e-07 2.285239e-09
1.076667e+02 2.286367e-07 2.123560e-09
1.080000e+02 2.131114e-07 1.973254e-09
1.083333e+02 1.986316e-07 1.833522e-09
1.086667e+02 1.851273e-07 1.703625e-09
1.090000e+02 1.725333e-07 1.582874e-09
1.093333e+02 1.607891e-07 1.470632e-09
1.096667e+02 1.498385e-07 1.366308e-09
1.100000e+02 1.396297e-07 1.269361e-09
1.103667e+02 1.291946e-07 1.170595e-09
1.107333e+02 1.195331e-07 1.079468e-09
1.111000e+02 1.105885e-07 9.953963e-10
1.114667e+02 1.023084e-07 9.178383e-10
1.118333e+02 9.464378e-08 8.462931e-10
1.122000e+02 8.754936e-08 7.802974e-10
1.125667e+02 8.098304e-08 7.194229e-10
1.129333e+02 7.490577e-08 6.632742e-10
1.133000e+02 6.928135e-08 6.114859e-10
1.136667e+02 6.407626e-08 5.637208e-10
1.140333e+02 5.925944e-08 5.196677e-10
1.144000e+02 5.480212e-08 4.790395e-10
1.147667e+02 5.067767e-08 4.415713e-10
1.151333e+02 4.686143e-08 4.070188e-10
1.155000e+02 4.333057e-08 3.751565e-10
1.158667e+02 4.006395e-08 3.457763e-10
1.162333e+02 3.704197e-08 3.186863e-10
1.166000e+02 3.424649e-08 2.937091e-10
1.169667e+02 3.166068e-08 2.706812e-10
1.173333e+02 2.926894e-08 2.494512e-10
1.177000e+02 2.705681e-08 2.298794e-10
1.180667e+02 2.501087e-08 2.118369e-10
1.184333e+02 2.311869e-08 1.952042e-10
1.188000e+02 2.136872e-08 1.798714e-10
1.191667e+02 1.975030e-08 1.657368e-10
1.195333e+02 1.825356e-08 1.527069e-10
1.199000e+02 1.686941e-08 1.406957e-10
1.202667e+02 1.558949e-08 1.296244e-10
1.206333e+02 1.440620e-08 1.194214e-10
1.210000e+02 1.331261e-08 1.100216e-10
1.214033e+02 1.220451e-08 1.005286e-10
1.218067e+02 1.118801e-08 9.185052e-11
1.222100e+02 1.025564e-08 8.391820e-11
1.226133e+02 9.400535e-09 7.666813e-11
1.230167e+02 8.616340e-09 7.004206e-11
1.234200e+02 7.897219e-09 6.398654e-11
1.238233e+02 7.237802e-09 5.845265e-11
1.242267e+02 6.633153e-09 5.339557e-11
1.246300e+02 6.078743e-09 4.877431e-11
1.250333e+02 5.570411e-09 4.455141e-11
1.254367e+02 5.104343e-09 4.069259e-11
1.258400e+02 4.677042e-09 3.716658e-11
1.262433e+02 4.285301e-09 3.394477e-11
1.266467e+02 3.926179e-09 3.100105e-11
1.270500e+02 3.596982e-09 2.831155e-11
1.274533e+02 3.295237e-09 2.585446e-11
1.278567e+02 3.018675e-09 2.360984e-11
1.282600e+02 2.765214e-09 2.155944e-11
1.286633e+02 2.532941e-09 1.968658e-11
1.290667e+02 2.320097e-09 1.797596e-11
1.294700e+02 2.125066e-09 1.641358e-11
1.298733e+02 1.946360e-09 1.498660e-11
1.302767e+02 1.782613e-09 1.368329e-11
1.306800e+02 1.632568e-09 1.249287e-11
1.310833e+02 1.495074e-09 1.140552e-11
1.314867e+02 1.369077e-09 1.041229e-11
1.318900e+02 1.253620e-09 9.505044e-12
1.322933e+02 1.147838e-09 8.676459e-12
1.326967e+02 1.050956e-09 7.919988e-12
1.331000e+02 9.622947e-10 7.229862e-12
1.335437e+02 8.732958e-10 6.539403e-12
1.339873e+02 7.924770e-10 5.914566e-12
1.344310e+02 7.190985e-10 5.349202e-12
1.348747e+02 6.524841e-10 4.837707e-12
1.353183e+02 5.920156e-10 4.374985e-12
1.357620e+02 5.371297e-10 3.956407e-12
1.362057e+02 4.873128e-10 3.577772e-12
1.366493e+02 4.420979e-10 3.235273e-12
1.370930e+02 4.010605e-10 2.925463e-12
1.375367e+02 3.638149e-10 2.645221e-12
1.379803e+02 3.300113e-10 2.391727e-12
1.384240e+02 2.993323e-10 2.162431e-12
1.388677e+02 2.714903e-10 1.955029e-12
1.393113e+02 2.462241e-10 1.767438e-12
1.397550e+02 2.232974e-10 1.597777e-12
1.401987e+02 2.024951e-10 1.444344e-12
1.406423e+02 1.836225e-10 1.305599e-12
1.410860e+02 1.665022e-10 1.180147e-12
1.415297e+02 1.509730e-10 1.066723e-12
1.419733e+02 1.368880e-10 9.641808e-13
1.424170e+02 1.241133e-10 8.714780e-13
1.428607e+02 1.125268e-10 7.876685e-13
1.433043e+02 1.020174e-10 7.118933e-13
1.437480e+02 9.248363e-11 6.433733e-13
1.441917e+02 8.383362e-11 5.814040e-13
1.446353e+02 7.598439e-11 5.253515e-13
1.450790e+02 6.886168e-11 4.746495e-13
1.455227e+02 6.239990e-11 4.287985e-13
1.459663e+02 5.654234e-11 3.873656e-13
1.464100e+02 5.124146e-11 3.499861e-13
1.468980e+02 4.597119e-11 3.129463e-13
1.473861e+02 4.123605e-11 2.797825e-13
1.478741e+02 3.698239e-11 2.500938e-13
1.483621e+02 3.316155e-11 2.235176e-13
1.488502e+02 2.972944e-11 1.997273e-13
1.493382e+02 2.664620e-11 1.784286e-13
1.498262e+02 2.387585e-11 1.593569e-13
1.503143e+02 2.138594e-11 1.422748e-13
1.508023e+02 1.914728e-11 1.269694e-13
1.512903e+02 1.713361e-11 1.132499e-13
1.517784e+02 1.532132e-11 1.009453e-13
1.522664e+02 1.368919e-11 8.990292e-14
1.527544e+02 1.221818e-11 7.998575e-14
1.532425e+02 1.089112e-11 7.107119e-14
1.537305e+02 9.692588e-12 6.304922e-14
1.542185e+02 8.608634e-12 5.582101e-14
1.547066e+02 7.626647e-12 4.929750e-14
1.551946e+02 6.735177e-12 4.339827e-14
1.556826e+02 5.923783e-12 3.805038e-14
1.561707e+02 5.182908e-12 3.318746e-14
1.566587e+02 4.503759e-12 2.874886e-14
1.571467e+02 3.878215e-12 2.467894e-14
1.576348e+02 3.298737e-12 2.092646e-14
1.581228e+02 2.758312e-12 1.744411e-14
1.586108e+02 2.250397e-12 1.418817e-14
1.590989e+02 1.768893e-12 1.111820e-14
1.595869e+02 1.308125e-12 8.196942e-15
1.600749e+02 8.628424e-13 5.390241e-15
1.605630e+02 4.282429e-13 2.667134e-15
1.610510e+02 1.207104e-26
