# 
# Output from EIGENRAD program.
# 
# Eigenfunction for specific electronic state.
# The first column contains radius $r$ in bohr units.
# The second column holds value of eginefunction.
# 
# Use this file with gnuplot to create the plot.
#
0.000000e+00 0.000000e+00 1.796533e-08
3.472222e-02 6.922365e-05 1.993641e-03
6.944444e-02 2.721073e-04 3.918345e-03
1.041667e-01 6.016264e-04 5.775613e-03
1.388889e-01 1.050960e-03 7.566909e-03
1.736111e-01 1.613484e-03 9.293669e-03
2.083333e-01 2.282772e-03 1.095730e-02
2.430556e-01 3.052585e-03 1.255921e-02
2.777778e-01 3.916872e-03 1.410074e-02
3.125000e-01 4.869765e-03 1.558325e-02
3.472222e-01 5.905573e-03 1.700805e-02
3.819444e-01 7.018780e-03 1.837644e-02
4.166667e-01 8.204042e-03 1.968970e-02
4.513889e-01 9.456181e-03 2.094908e-02
4.861111e-01 1.077018e-02 2.215580e-02
5.208333e-01 1.214119e-02 2.331109e-02
5.555556e-01 1.356451e-02 2.441613e-02
5.902778e-01 1.503560e-02 2.547208e-02
6.250000e-01 1.655006e-02 2.648009e-02
6.597222e-01 1.810364e-02 2.744130e-02
6.944444e-01 1.969223e-02 2.835681e-02
7.291667e-01 2.131186e-02 2.922770e-02
7.638889e-01 2.295872e-02 3.005505e-02
7.986111e-01 2.462909e-02 3.083990e-02
8.333333e-01 2.631941e-02 3.158329e-02
8.680556e-01 2.802624e-02 3.228623e-02
9.027778e-01 2.974627e-02 3.294972e-02
9.375000e-01 3.147630e-02 3.357472e-02
9.722222e-01 3.321325e-02 3.416220e-02
1.006944e+00 3.495417e-02 3.471311e-02
1.041667e+00 3.669620e-02 3.522836e-02
1.076389e+00 3.843662e-02 3.570886e-02
1.111111e+00 4.017279e-02 3.615551e-02
1.145833e+00 4.190218e-02 3.656918e-02
1.180556e+00 4.362239e-02 3.695073e-02
1.215278e+00 4.533107e-02 3.730100e-02
1.250000e+00 4.702602e-02 3.762082e-02
1.284722e+00 4.870510e-02 3.791100e-02
1.319444e+00 5.036628e-02 3.817234e-02
1.354167e+00 5.200761e-02 3.840562e-02
1.388889e+00 5.362724e-02 3.861161e-02
1.423611e+00 5.522339e-02 3.879106e-02
1.458333e+00 5.679438e-02 3.894472e-02
1.493056e+00 5.833860e-02 3.907329e-02
1.527778e+00 5.985452e-02 3.917751e-02
1.562500e+00 6.134071e-02 3.925805e-02
1.597222e+00 6.279578e-02 3.931562e-02
1.631944e+00 6.421844e-02 3.935087e-02
1.666667e+00 6.560746e-02 3.936447e-02
1.701389e+00 6.696168e-02 3.935707e-02
1.736111e+00 6.828001e-02 3.932929e-02
1.770833e+00 6.956143e-02 3.928175e-02
1.805556e+00 7.080498e-02 3.921507e-02
1.840278e+00 7.200977e-02 3.912984e-02
1.875000e+00 7.317495e-02 3.902664e-02
1.909722e+00 7.429975e-02 3.890605e-02
1.944444e+00 7.538344e-02 3.876863e-02
1.979167e+00 7.642538e-02 3.861493e-02
2.013889e+00 7.742493e-02 3.844548e-02
2.048611e+00 7.838156e-02 3.826083e-02
2.083333e+00 7.929474e-02 3.806148e-02
2.152778e+00 8.098903e-02 3.762071e-02
2.222222e+00 8.250468e-02 3.712711e-02
2.291667e+00 8.383933e-02 3.658444e-02
2.361111e+00 8.499134e-02 3.599633e-02
2.430556e+00 8.595965e-02 3.536626e-02
2.500000e+00 8.674383e-02 3.469753e-02
2.569444e+00 8.734401e-02 3.399334e-02
2.638889e+00 8.776081e-02 3.325673e-02
2.708333e+00 8.799536e-02 3.249059e-02
2.777778e+00 8.804926e-02 3.169773e-02
2.847222e+00 8.792450e-02 3.088080e-02
2.916667e+00 8.762349e-02 3.004234e-02
2.986111e+00 8.714899e-02 2.918478e-02
3.055556e+00 8.650410e-02 2.831043e-02
3.125000e+00 8.569222e-02 2.742151e-02
3.194444e+00 8.471705e-02 2.652012e-02
3.263889e+00 8.358253e-02 2.560826e-02
3.333333e+00 8.229283e-02 2.468785e-02
3.402778e+00 8.085235e-02 2.376069e-02
3.472222e+00 7.926566e-02 2.282851e-02
3.541667e+00 7.753751e-02 2.189294e-02
3.611111e+00 7.567279e-02 2.095554e-02
3.680556e+00 7.367654e-02 2.001778e-02
3.750000e+00 7.155388e-02 1.908104e-02
3.819444e+00 6.931007e-02 1.814664e-02
3.888889e+00 6.695042e-02 1.721582e-02
3.958333e+00 6.448034e-02 1.628977e-02
4.027778e+00 6.190527e-02 1.536958e-02
4.097222e+00 5.923071e-02 1.445631e-02
4.166667e+00 5.646221e-02 1.355093e-02
4.305556e+00 5.066600e-02 1.176759e-02
4.444444e+00 4.455938e-02 1.002586e-02
4.583333e+00 3.818708e-02 8.331727e-03
4.722222e+00 3.159302e-02 6.690287e-03
4.861111e+00 2.482008e-02 5.105846e-03
5.000000e+00 1.791002e-02 3.582004e-03
5.138889e+00 1.090331e-02 2.121726e-03
5.277778e+00 3.839058e-03 7.274005e-04
5.416667e+00 -3.245135e-03 -5.991018e-04
5.555556e+00 -1.031324e-02 -1.856383e-03
5.694444e+00 -1.733089e-02 -3.043473e-03
5.833333e+00 -2.426545e-02 -4.159791e-03
5.972222e+00 -3.108609e-02 -5.205112e-03
6.111111e+00 -3.776380e-02 -6.179531e-03
6.250000e+00 -4.427148e-02 -7.083436e-03
6.388889e+00 -5.058390e-02 -7.917480e-03
6.527778e+00 -5.667778e-02 -8.682554e-03
6.666667e+00 -6.253176e-02 -9.379763e-03
6.805556e+00 -6.812637e-02 -1.001041e-02
6.944444e+00 -7.344407e-02 -1.057595e-02
7.083333e+00 -7.846919e-02 -1.107800e-02
7.222222e+00 -8.318787e-02 -1.151832e-02
7.361111e+00 -8.758804e-02 -1.189875e-02
7.500000e+00 -9.165936e-02 -1.222125e-02
7.638889e+00 -9.539309e-02 -1.248782e-02
7.777778e+00 -9.878211e-02 -1.270056e-02
7.916667e+00 -1.018207e-01 -1.286156e-02
8.055556e+00 -1.045045e-01 -1.297298e-02
8.194444e+00 -1.068305e-01 -1.303694e-02
8.333333e+00 -1.087967e-01 -1.305560e-02
8.472222e+00 -1.104041e-01 -1.303131e-02
8.611111e+00 -1.116535e-01 -1.296621e-02
8.750000e+00 -1.125470e-01 -1.286251e-02
8.888889e+00 -1.130878e-01 -1.272238e-02
9.027778e+00 -1.132804e-01 -1.254798e-02
9.166667e+00 -1.131300e-01 -1.234145e-02
9.305556e+00 -1.126427e-01 -1.210489e-02
9.444444e+00 -1.118256e-01 -1.184035e-02
9.583333e+00 -1.106864e-01 -1.154988e-02
9.722222e+00 -1.092335e-01 -1.123545e-02
9.861111e+00 -1.074761e-01 -1.089899e-02
1.000000e+01 -1.054239e-01 -1.054239e-02
1.013889e+01 -1.030870e-01 -1.016748e-02
1.027778e+01 -1.004761e-01 -9.776049e-03
1.041667e+01 -9.760224e-02 -9.369815e-03
1.055556e+01 -9.447697e-02 -8.950450e-03
1.069444e+01 -9.111202e-02 -8.519566e-03
1.083333e+01 -8.751944e-02 -8.078717e-03
1.097222e+01 -8.371148e-02 -7.629401e-03
1.111111e+01 -7.970061e-02 -7.173055e-03
1.125000e+01 -7.549941e-02 -6.711059e-03
1.138889e+01 -7.112057e-02 -6.244733e-03
1.152778e+01 -6.657684e-02 -5.775341e-03
1.166667e+01 -6.188100e-02 -5.304086e-03
1.180556e+01 -5.704582e-02 -4.832117e-03
1.194444e+01 -5.208402e-02 -4.360523e-03
1.208333e+01 -4.700826e-02 -3.890339e-03
1.222222e+01 -4.183109e-02 -3.422544e-03
1.236111e+01 -3.656494e-02 -2.958063e-03
1.250000e+01 -3.122209e-02 -2.497767e-03
1.263889e+01 -2.581469e-02 -2.042481e-03
1.277778e+01 -2.035459e-02 -1.592968e-03
1.291667e+01 -1.485352e-02 -1.149950e-03
1.305556e+01 -9.322960e-03 -7.140991e-04
1.319444e+01 -3.774146e-03 -2.860405e-04
1.333333e+01 1.781968e-03 1.336476e-04
1.347222e+01 7.334703e-03 5.444316e-04
1.361111e+01 1.287367e-02 9.458209e-04
1.375000e+01 1.838879e-02 1.337367e-03
1.388889e+01 2.387029e-02 1.718661e-03
1.402778e+01 2.930871e-02 2.089334e-03
1.416667e+01 3.469491e-02 2.449053e-03
1.430556e+01 4.002011e-02 2.797522e-03
1.444444e+01 4.527583e-02 3.134481e-03
1.458333e+01 5.045397e-02 3.459701e-03
1.472222e+01 5.554674e-02 3.772986e-03
1.486111e+01 6.054672e-02 4.074172e-03
1.500000e+01 6.544684e-02 4.363122e-03
1.513889e+01 7.024037e-02 4.639731e-03
1.527778e+01 7.492094e-02 4.903916e-03
1.541667e+01 7.948253e-02 5.155624e-03
1.555556e+01 8.391948e-02 5.394824e-03
1.569444e+01 8.822645e-02 5.621508e-03
1.583333e+01 9.239847e-02 5.835693e-03
1.597222e+01 9.643090e-02 6.037413e-03
1.611111e+01 1.003194e-01 6.226724e-03
1.625000e+01 1.040601e-01 6.403698e-03
1.638889e+01 1.076492e-01 6.568427e-03
1.652778e+01 1.110835e-01 6.721018e-03
1.666667e+01 1.143598e-01 6.861590e-03
1.694444e+01 1.204282e-01 7.107236e-03
1.722222e+01 1.258370e-01 7.306665e-03
1.750000e+01 1.305726e-01 7.461293e-03
1.777778e+01 1.346258e-01 7.572704e-03
1.805556e+01 1.379919e-01 7.642626e-03
1.833333e+01 1.406698e-01 7.672900e-03
1.861111e+01 1.426627e-01 7.665457e-03
1.888889e+01 1.439767e-01 7.622294e-03
1.916667e+01 1.446213e-01 7.545460e-03
1.944444e+01 1.446089e-01 7.437031e-03
1.972222e+01 1.439545e-01 7.299101e-03
2.000000e+01 1.426753e-01 7.133767e-03
2.027778e+01 1.407909e-01 6.943114e-03
2.055556e+01 1.383226e-01 6.729209e-03
2.083333e+01 1.352934e-01 6.494084e-03
2.111111e+01 1.317278e-01 6.239739e-03
2.138889e+01 1.276515e-01 5.968122e-03
2.166667e+01 1.230912e-01 5.681133e-03
2.194444e+01 1.180746e-01 5.380613e-03
2.222222e+01 1.126298e-01 5.068341e-03
2.250000e+01 1.067857e-01 4.746031e-03
2.277778e+01 1.005713e-01 4.415325e-03
2.305556e+01 9.401587e-02 4.077797e-03
2.333333e+01 8.714867e-02 3.734943e-03
2.361111e+01 7.999883e-02 3.388186e-03
2.388889e+01 7.259526e-02 3.038871e-03
2.416667e+01 6.496645e-02 2.688267e-03
2.444444e+01 5.714045e-02 2.337564e-03
2.472222e+01 4.914466e-02 1.987874e-03
2.500000e+01 4.100584e-02 1.640234e-03
2.527778e+01 3.275088e-02 1.295639e-03
2.555556e+01 2.440468e-02 9.549657e-04
2.583333e+01 1.599207e-02 6.190477e-04
2.611111e+01 7.536931e-03 2.886484e-04
2.638889e+01 -9.377911e-04 -3.553735e-05
2.666667e+01 -9.410144e-03 -3.528804e-04
2.694444e+01 -1.785916e-02 -6.628141e-04
2.722222e+01 -2.626486e-02 -9.648317e-04
2.750000e+01 -3.460830e-02 -1.258483e-03
2.777778e+01 -4.287151e-02 -1.543374e-03
2.805556e+01 -5.103756e-02 -1.819161e-03
2.833333e+01 -5.909054e-02 -2.085549e-03
2.861111e+01 -6.701554e-02 -2.342291e-03
2.888889e+01 -7.479867e-02 -2.589185e-03
2.916667e+01 -8.242702e-02 -2.826069e-03
2.944444e+01 -8.988868e-02 -3.052823e-03
2.972222e+01 -9.717272e-02 -3.269362e-03
3.000000e+01 -1.042692e-01 -3.475639e-03
3.027778e+01 -1.111690e-01 -3.671636e-03
3.055556e+01 -1.178640e-01 -3.857368e-03
3.083333e+01 -1.243471e-01 -4.032879e-03
3.111111e+01 -1.306119e-01 -4.198238e-03
3.138889e+01 -1.366527e-01 -4.353539e-03
3.166667e+01 -1.424650e-01 -4.498896e-03
3.194444e+01 -1.480448e-01 -4.634447e-03
3.222222e+01 -1.533888e-01 -4.760343e-03
3.250000e+01 -1.584946e-01 -4.876756e-03
3.277778e+01 -1.633601e-01 -4.983869e-03
3.305556e+01 -1.679842e-01 -5.081876e-03
3.333333e+01 -1.723662e-01 -5.170985e-03
3.361111e+01 -1.765062e-01 -5.251423e-03
3.388889e+01 -1.804047e-01 -5.323418e-03
3.416667e+01 -1.840629e-01 -5.387206e-03
3.444444e+01 -1.874821e-01 -5.443028e-03
3.472222e+01 -1.906644e-01 -5.491135e-03
3.500000e+01 -1.936122e-01 -5.531778e-03
3.527778e+01 -1.963284e-01 -5.565215e-03
3.555556e+01 -1.988161e-01 -5.591701e-03
3.583333e+01 -2.010787e-01 -5.611499e-03
3.611111e+01 -2.031202e-01 -5.624867e-03
3.638889e+01 -2.049446e-01 -5.632066e-03
3.666667e+01 -2.065564e-01 -5.633355e-03
3.694444e+01 -2.079600e-01 -5.628993e-03
3.722222e+01 -2.091604e-01 -5.619233e-03
3.750000e+01 -2.101624e-01 -5.604331e-03
3.777778e+01 -2.109713e-01 -5.584535e-03
3.805556e+01 -2.115924e-01 -5.560091e-03
3.833333e+01 -2.120310e-01 -5.531244e-03
3.861111e+01 -2.122928e-01 -5.498230e-03
3.888889e+01 -2.123832e-01 -5.461283e-03
3.916667e+01 -2.123081e-01 -5.420631e-03
3.944444e+01 -2.120730e-01 -5.376499e-03
3.972222e+01 -2.116839e-01 -5.329104e-03
4.000000e+01 -2.111464e-01 -5.278659e-03
4.027778e+01 -2.104663e-01 -5.225370e-03
4.055556e+01 -2.096495e-01 -5.169439e-03
4.083333e+01 -2.087016e-01 -5.111060e-03
4.111111e+01 -2.076285e-01 -5.050422e-03
4.138889e+01 -2.064357e-01 -4.987708e-03
4.166667e+01 -2.051290e-01 -4.923096e-03
4.194444e+01 -2.037139e-01 -4.856755e-03
4.222222e+01 -2.021959e-01 -4.788850e-03
4.250000e+01 -2.005804e-01 -4.719539e-03
4.277778e+01 -1.988728e-01 -4.648974e-03
4.305556e+01 -1.970783e-01 -4.577303e-03
4.333333e+01 -1.952022e-01 -4.504666e-03
4.361111e+01 -1.932494e-01 -4.431196e-03
4.388889e+01 -1.912248e-01 -4.357022e-03
4.416667e+01 -1.891335e-01 -4.282267e-03
4.444444e+01 -1.869799e-01 -4.207048e-03
4.472222e+01 -1.847689e-01 -4.131477e-03
4.500000e+01 -1.825047e-01 -4.055660e-03
4.527778e+01 -1.801919e-01 -3.979698e-03
4.555556e+01 -1.778346e-01 -3.903687e-03
4.583333e+01 -1.754370e-01 -3.827716e-03
4.611111e+01 -1.730030e-01 -3.751873e-03
4.638889e+01 -1.705366e-01 -3.676238e-03
4.666667e+01 -1.680414e-01 -3.600887e-03
4.694444e+01 -1.655210e-01 -3.525892e-03
4.722222e+01 -1.629790e-01 -3.451321e-03
4.750000e+01 -1.604187e-01 -3.377236e-03
4.777778e+01 -1.578433e-01 -3.303696e-03
4.805556e+01 -1.552558e-01 -3.230758e-03
4.833333e+01 -1.526594e-01 -3.158470e-03
4.861111e+01 -1.500568e-01 -3.086882e-03
4.888889e+01 -1.474507e-01 -3.016037e-03
4.916667e+01 -1.448438e-01 -2.945975e-03
4.944444e+01 -1.422385e-01 -2.876734e-03
4.972222e+01 -1.396373e-01 -2.808348e-03
5.000000e+01 -1.370424e-01 -2.740848e-03
5.055556e+01 -1.318800e-01 -2.608616e-03
5.111111e+01 -1.267672e-01 -2.480227e-03
5.166667e+01 -1.217181e-01 -2.355835e-03
5.222222e+01 -1.167456e-01 -2.235554e-03
5.277778e+01 -1.118608e-01 -2.119467e-03
5.333333e+01 -1.070733e-01 -2.007624e-03
5.388889e+01 -1.023916e-01 -1.900050e-03
5.444444e+01 -9.782280e-02 -1.796745e-03
5.500000e+01 -9.337286e-02 -1.697688e-03
5.555556e+01 -8.904667e-02 -1.602840e-03
5.611111e+01 -8.484812e-02 -1.512145e-03
5.666667e+01 -8.078021e-02 -1.425533e-03
5.722222e+01 -7.684509e-02 -1.342924e-03
5.777778e+01 -7.304412e-02 -1.264225e-03
5.833333e+01 -6.937801e-02 -1.189337e-03
5.888889e+01 -6.584681e-02 -1.118153e-03
5.944444e+01 -6.244999e-02 -1.050561e-03
6.000000e+01 -5.918656e-02 -9.864427e-04
6.055556e+01 -5.605504e-02 -9.256795e-04
6.111111e+01 -5.305356e-02 -8.681491e-04
6.166667e+01 -5.017992e-02 -8.137284e-04
6.222222e+01 -4.743160e-02 -7.622936e-04
6.277778e+01 -4.480585e-02 -7.137215e-04
6.333333e+01 -4.229967e-02 -6.678896e-04
6.388889e+01 -3.990993e-02 -6.246771e-04
6.444444e+01 -3.763331e-02 -5.839651e-04
6.500000e+01 -3.546641e-02 -5.456370e-04
6.555556e+01 -3.340573e-02 -5.095789e-04
6.611111e+01 -3.144772e-02 -4.756799e-04
6.666667e+01 -2.958880e-02 -4.438320e-04
6.777778e+01 -2.615220e-02 -3.858521e-04
6.888889e+01 -2.307065e-02 -3.348965e-04
7.000000e+01 -2.031404e-02 -2.902006e-04
7.111111e+01 -1.785399e-02 -2.510717e-04
7.222222e+01 -1.566382e-02 -2.168836e-04
7.333333e+01 -1.371855e-02 -1.870712e-04
7.444444e+01 -1.199485e-02 -1.611248e-04
7.555556e+01 -1.047098e-02 -1.385865e-04
7.666667e+01 -9.126782e-03 -1.190450e-04
7.777778e+01 -7.943614e-03 -1.021322e-04
7.888889e+01 -6.904310e-03 -8.751942e-05
8.000000e+01 -5.993127e-03 -7.491409e-05
8.111111e+01 -5.195692e-03 -6.405647e-05
8.222222e+01 -4.498939e-03 -5.471683e-05
8.333333e+01 -3.891056e-03 -4.669267e-05
8.444444e+01 -3.361412e-03 -3.980619e-05
8.555556e+01 -2.900496e-03 -3.390190e-05
8.666667e+01 -2.499842e-03 -2.884434e-05
8.777778e+01 -2.151957e-03 -2.451597e-05
8.888889e+01 -1.850241e-03 -2.081521e-05
9.000000e+01 -1.588907e-03 -1.765452e-05
9.111111e+01 -1.362900e-03 -1.495866e-05
9.222222e+01 -1.167804e-03 -1.266293e-05
9.333333e+01 -9.997556e-04 -1.071167e-05
9.444444e+01 -8.553481e-04 -9.056627e-06
9.555556e+01 -7.315347e-04 -7.655595e-06
9.666667e+01 -6.255274e-04 -6.470973e-06
9.777778e+01 -5.346938e-04 -5.468459e-06
9.888889e+01 -4.564496e-04 -4.615783e-06
1.000000e+02 -3.881481e-04 -3.881481e-06
1.003333e+02 -3.699044e-04 -3.686755e-06
1.006667e+02 -3.524937e-04 -3.501593e-06
1.010000e+02 -3.358794e-04 -3.325538e-06
1.013333e+02 -3.200263e-04 -3.158154e-06
1.016667e+02 -3.049008e-04 -2.999024e-06
1.020000e+02 -2.904706e-04 -2.847751e-06
1.023333e+02 -2.767049e-04 -2.703957e-06
1.026667e+02 -2.635741e-04 -2.567280e-06
1.030000e+02 -2.510499e-04 -2.437378e-06
1.033333e+02 -2.391052e-04 -2.313921e-06
1.036667e+02 -2.277140e-04 -2.196598e-06
1.040000e+02 -2.168515e-04 -2.085111e-06
1.043333e+02 -2.064941e-04 -1.979176e-06
1.046667e+02 -1.966188e-04 -1.878523e-06
1.050000e+02 -1.872040e-04 -1.782895e-06
1.053333e+02 -1.782289e-04 -1.692046e-06
1.056667e+02 -1.696735e-04 -1.605743e-06
1.060000e+02 -1.615189e-04 -1.523763e-06
1.063333e+02 -1.537468e-04 -1.445894e-06
1.066667e+02 -1.463398e-04 -1.371935e-06
1.070000e+02 -1.392812e-04 -1.301693e-06
1.073333e+02 -1.325551e-04 -1.234986e-06
1.076667e+02 -1.261464e-04 -1.171639e-06
1.080000e+02 -1.200404e-04 -1.111486e-06
1.083333e+02 -1.142233e-04 -1.054369e-06
1.086667e+02 -1.086817e-04 -1.000139e-06
1.090000e+02 -1.034030e-04 -9.486514e-07
1.093333e+02 -9.837502e-05 -8.997715e-07
1.096667e+02 -9.358619e-05 -8.533695e-07
1.100000e+02 -8.902547e-05 -8.093224e-07
1.103667e+02 -8.425947e-05 -7.634504e-07
1.107333e+02 -7.974321e-05 -7.201374e-07
1.111000e+02 -7.546395e-05 -6.792435e-07
1.114667e+02 -7.140958e-05 -6.406362e-07
1.118333e+02 -6.756857e-05 -6.041899e-07
1.122000e+02 -6.392998e-05 -5.697859e-07
1.125667e+02 -6.048339e-05 -5.373117e-07
1.129333e+02 -5.721892e-05 -5.066610e-07
1.133000e+02 -5.412717e-05 -4.777332e-07
1.136667e+02 -5.119921e-05 -4.504330e-07
1.140333e+02 -4.842658e-05 -4.246703e-07
1.144000e+02 -4.580121e-05 -4.003602e-07
1.147667e+02 -4.331546e-05 -3.774220e-07
1.151333e+02 -4.096208e-05 -3.557795e-07
1.155000e+02 -3.873418e-05 -3.353609e-07
1.158667e+02 -3.662522e-05 -3.160980e-07
1.162333e+02 -3.462898e-05 -2.979264e-07
1.166000e+02 -3.273959e-05 -2.807855e-07
1.169667e+02 -3.095143e-05 -2.646175e-07
1.173333e+02 -2.925921e-05 -2.493683e-07
1.177000e+02 -2.765788e-05 -2.349863e-07
1.180667e+02 -2.614267e-05 -2.214230e-07
1.184333e+02 -2.470903e-05 -2.086324e-07
1.188000e+02 -2.335266e-05 -1.965712e-07
1.191667e+02 -2.206948e-05 -1.851984e-07
1.195333e+02 -2.085561e-05 -1.744752e-07
1.199000e+02 -1.970738e-05 -1.643651e-07
1.202667e+02 -1.862132e-05 -1.548336e-07
1.206333e+02 -1.759414e-05 -1.458480e-07
1.210000e+02 -1.662272e-05 -1.373778e-07
1.214033e+02 -1.561499e-05 -1.286207e-07
1.218067e+02 -1.466737e-05 -1.204151e-07
1.222100e+02 -1.377635e-05 -1.127268e-07
1.226133e+02 -1.293861e-05 -1.055237e-07
1.230167e+02 -1.215104e-05 -9.877552e-08
1.234200e+02 -1.141067e-05 -9.245398e-08
1.238233e+02 -1.071474e-05 -8.653244e-08
1.242267e+02 -1.006061e-05 -8.098592e-08
1.246300e+02 -9.445825e-06 -7.579094e-08
1.250333e+02 -8.868054e-06 -7.092552e-08
1.254367e+02 -8.325105e-06 -6.636899e-08
1.258400e+02 -7.814913e-06 -6.210198e-08
1.262433e+02 -7.335537e-06 -5.810633e-08
1.266467e+02 -6.885145e-06 -5.436499e-08
1.270500e+02 -6.462014e-06 -5.086198e-08
1.274533e+02 -6.064523e-06 -4.758230e-08
1.278567e+02 -5.691143e-06 -4.451190e-08
1.282600e+02 -5.340437e-06 -4.163759e-08
1.286633e+02 -5.011049e-06 -3.894698e-08
1.290667e+02 -4.701704e-06 -3.642849e-08
1.294700e+02 -4.411202e-06 -3.407123e-08
1.298733e+02 -4.138410e-06 -3.186497e-08
1.302767e+02 -3.882266e-06 -2.980016e-08
1.306800e+02 -3.641765e-06 -2.786781e-08
1.310833e+02 -3.415966e-06 -2.605950e-08
1.314867e+02 -3.203982e-06 -2.436735e-08
1.318900e+02 -3.004979e-06 -2.278398e-08
1.322933e+02 -2.818176e-06 -2.130248e-08
1.326967e+02 -2.642839e-06 -1.991640e-08
1.331000e+02 -2.478285e-06 -1.861972e-08
1.335437e+02 -2.308930e-06 -1.728970e-08
1.339873e+02 -2.150999e-06 -1.605375e-08
1.344310e+02 -2.003734e-06 -1.490530e-08
1.348747e+02 -1.866426e-06 -1.383823e-08
1.353183e+02 -1.738411e-06 -1.284683e-08
1.357620e+02 -1.619069e-06 -1.192579e-08
1.362057e+02 -1.507818e-06 -1.107016e-08
1.366493e+02 -1.404117e-06 -1.027533e-08
1.370930e+02 -1.307458e-06 -9.537016e-09
1.375367e+02 -1.217369e-06 -8.851230e-09
1.379803e+02 -1.133407e-06 -8.214261e-09
1.384240e+02 -1.055159e-06 -7.622662e-09
1.388677e+02 -9.822421e-07 -7.073224e-09
1.393113e+02 -9.142954e-07 -6.562965e-09
1.397550e+02 -8.509838e-07 -6.089112e-09
1.401987e+02 -7.919944e-07 -5.649087e-09
1.406423e+02 -7.370348e-07 -5.240491e-09
1.410860e+02 -6.858322e-07 -4.861093e-09
1.415297e+02 -6.381318e-07 -4.508820e-09
1.419733e+02 -5.936955e-07 -4.181739e-09
1.424170e+02 -5.523010e-07 -3.878056e-09
1.428607e+02 -5.137408e-07 -3.596097e-09
1.433043e+02 -4.778207e-07 -3.334307e-09
1.437480e+02 -4.443597e-07 -3.091241e-09
1.441917e+02 -4.131888e-07 -2.865553e-09
1.446353e+02 -3.841504e-07 -2.655993e-09
1.450790e+02 -3.570978e-07 -2.461403e-09
1.455227e+02 -3.318949e-07 -2.280709e-09
1.459663e+02 -3.084155e-07 -2.112922e-09
1.464100e+02 -2.865432e-07 -1.957128e-09
1.468980e+02 -2.642000e-07 -1.798527e-09
1.473861e+02 -2.435224e-07 -1.652276e-09
1.478741e+02 -2.243836e-07 -1.517396e-09
1.483621e+02 -2.066655e-07 -1.392980e-09
1.488502e+02 -1.902582e-07 -1.278186e-09
1.493382e+02 -1.750599e-07 -1.172238e-09
1.498262e+02 -1.609756e-07 -1.074415e-09
1.503143e+02 -1.479172e-07 -9.840527e-10
1.508023e+02 -1.358028e-07 -9.005352e-10
1.512903e+02 -1.245564e-07 -8.232936e-10
1.517784e+02 -1.141072e-07 -7.518012e-10
1.522664e+02 -1.043894e-07 -6.855707e-10
1.527544e+02 -9.534178e-08 -6.241507e-10
1.532425e+02 -8.690725e-08 -5.671225e-10
1.537305e+02 -7.903250e-08 -5.140977e-10
1.542185e+02 -7.166768e-08 -4.647151e-10
1.547066e+02 -6.476607e-08 -4.186381e-10
1.551946e+02 -5.828379e-08 -3.755529e-10
1.556826e+02 -5.217950e-08 -3.351658e-10
1.561707e+02 -4.641414e-08 -2.972014e-10
1.566587e+02 -4.095068e-08 -2.614006e-10
1.571467e+02 -3.575389e-08 -2.275191e-10
1.576348e+02 -3.079015e-08 -1.953259e-10
1.581228e+02 -2.602721e-08 -1.646013e-10
1.586108e+02 -2.143411e-08 -1.351365e-10
1.590989e+02 -1.698091e-08 -1.067318e-10
1.595869e+02 -1.263867e-08 -7.919615e-11
1.600749e+02 -8.379248e-09 -5.234578e-11
1.605630e+02 -4.175266e-09 -2.600392e-11
1.610510e+02 -1.180460e-22
