# 
# Output from EIGENRAD program.
# 
# Eigenfunction for specific electronic state.
# The first column contains radius $r$ in bohr units.
# The second column holds value of eginefunction.
# 
# Use this file with gnuplot to create the plot.
#
0.000000e+00 0.000000e+00 -1.161612e-06
4.861111e-02 4.769721e-07 9.811998e-06
9.722222e-02 3.819607e-06 3.928739e-05
1.458333e-01 1.260661e-05 8.644529e-05
1.944444e-01 2.925971e-05 1.504785e-04
2.430556e-01 5.604674e-05 2.305923e-04
2.916667e-01 9.508478e-05 3.260050e-04
3.402778e-01 1.483435e-04 4.359481e-04
3.888889e-01 2.176483e-04 5.596671e-04
4.375000e-01 3.046843e-04 6.964213e-04
4.861111e-01 4.109996e-04 8.454849e-04
5.347222e-01 5.380091e-04 1.006147e-03
5.833333e-01 6.869983e-04 1.177711e-03
6.319444e-01 8.591277e-04 1.359499e-03
6.805556e-01 1.055436e-03 1.550845e-03
7.291667e-01 1.276846e-03 1.751103e-03
7.777778e-01 1.524167e-03 1.959643e-03
8.263889e-01 1.798099e-03 2.175851e-03
8.750000e-01 2.099242e-03 2.399134e-03
9.236111e-01 2.428093e-03 2.628913e-03
9.722222e-01 2.785057e-03 2.864630e-03
1.020833e+00 3.170449e-03 3.105746e-03
1.069444e+00 3.584501e-03 3.351741e-03
1.118056e+00 4.027365e-03 3.602115e-03
1.166667e+00 4.499120e-03 3.856388e-03
1.215278e+00 4.999775e-03 4.114100e-03
1.263889e+00 5.529278e-03 4.374813e-03
1.312500e+00 6.087519e-03 4.638110e-03
1.361111e+00 6.674338e-03 4.903595e-03
1.409722e+00 7.289526e-03 5.170895e-03
1.458333e+00 7.932839e-03 5.439661e-03
1.506944e+00 8.603783e-03 5.709423e-03
1.555556e+00 9.302024e-03 5.979873e-03
1.604167e+00 1.002712e-02 6.250669e-03
1.652778e+00 1.077857e-02 6.521485e-03
1.701389e+00 1.155584e-02 6.792005e-03
1.750000e+00 1.235838e-02 7.061929e-03
1.798611e+00 1.318556e-02 7.330965e-03
1.847222e+00 1.403674e-02 7.598837e-03
1.895833e+00 1.491126e-02 7.865278e-03
1.944444e+00 1.580840e-02 8.130033e-03
1.993056e+00 1.672743e-02 8.392859e-03
2.041667e+00 1.766761e-02 8.653522e-03
2.090278e+00 1.862813e-02 8.911798e-03
2.138889e+00 1.960821e-02 9.167476e-03
2.187500e+00 2.060702e-02 9.420352e-03
2.236111e+00 2.162372e-02 9.670233e-03
2.284722e+00 2.265744e-02 9.916935e-03
2.333333e+00 2.370733e-02 1.016028e-02
2.381944e+00 2.477249e-02 1.040011e-02
2.430556e+00 2.585202e-02 1.063626e-02
2.479167e+00 2.694503e-02 1.086859e-02
2.527778e+00 2.805060e-02 1.109694e-02
2.576389e+00 2.916781e-02 1.132120e-02
2.625000e+00 3.029573e-02 1.154123e-02
2.673611e+00 3.143343e-02 1.175692e-02
2.722222e+00 3.257998e-02 1.196816e-02
2.770833e+00 3.373444e-02 1.217484e-02
2.819444e+00 3.489587e-02 1.237686e-02
2.868056e+00 3.606334e-02 1.257414e-02
2.916667e+00 3.723591e-02 1.276660e-02
3.013889e+00 3.959258e-02 1.313671e-02
3.111111e+00 4.195857e-02 1.348668e-02
3.208333e+00 4.432650e-02 1.381605e-02
3.305556e+00 4.668910e-02 1.412443e-02
3.402778e+00 4.903928e-02 1.441154e-02
3.500000e+00 5.137008e-02 1.467717e-02
3.597222e+00 5.367474e-02 1.492116e-02
3.694444e+00 5.594667e-02 1.514346e-02
3.791667e+00 5.817949e-02 1.534404e-02
3.888889e+00 6.036706e-02 1.552296e-02
3.986111e+00 6.250343e-02 1.568030e-02
4.083333e+00 6.458291e-02 1.581622e-02
4.180556e+00 6.660005e-02 1.593091e-02
4.277778e+00 6.854967e-02 1.602460e-02
4.375000e+00 7.042682e-02 1.609756e-02
4.472222e+00 7.222685e-02 1.615010e-02
4.569444e+00 7.394535e-02 1.618257e-02
4.666667e+00 7.557820e-02 1.619533e-02
4.763889e+00 7.712158e-02 1.618879e-02
4.861111e+00 7.857189e-02 1.616336e-02
4.958333e+00 7.992587e-02 1.611950e-02
5.055556e+00 8.118049e-02 1.605768e-02
5.152778e+00 8.233303e-02 1.597838e-02
5.250000e+00 8.338101e-02 1.588210e-02
5.347222e+00 8.432225e-02 1.576936e-02
5.444444e+00 8.515481e-02 1.564068e-02
5.541667e+00 8.587701e-02 1.549660e-02
5.638889e+00 8.648742e-02 1.533767e-02
5.736111e+00 8.698486e-02 1.516443e-02
5.833333e+00 8.736836e-02 1.497743e-02
5.930556e+00 8.763732e-02 1.477725e-02
6.027778e+00 8.779128e-02 1.456445e-02
6.125000e+00 8.783002e-02 1.433959e-02
6.222222e+00 8.775352e-02 1.410324e-02
6.319444e+00 8.756201e-02 1.385597e-02
6.416667e+00 8.725592e-02 1.359832e-02
6.513889e+00 8.683587e-02 1.333088e-02
6.611111e+00 8.630269e-02 1.305419e-02
6.708333e+00 8.565738e-02 1.276880e-02
6.805556e+00 8.490115e-02 1.247527e-02
6.902778e+00 8.403535e-02 1.217413e-02
7.000000e+00 8.306150e-02 1.186593e-02
7.097222e+00 8.198130e-02 1.155118e-02
7.194444e+00 8.079657e-02 1.123041e-02
7.291667e+00 7.950929e-02 1.090413e-02
7.388889e+00 7.812158e-02 1.057285e-02
7.486111e+00 7.663566e-02 1.023705e-02
7.583333e+00 7.505390e-02 9.897218e-03
7.680556e+00 7.337877e-02 9.553837e-03
7.777778e+00 7.161286e-02 9.207367e-03
7.875000e+00 6.975882e-02 8.858263e-03
7.972222e+00 6.781945e-02 8.506969e-03
8.069444e+00 6.579758e-02 8.153918e-03
8.166667e+00 6.369617e-02 7.799531e-03
8.263889e+00 6.151820e-02 7.444219e-03
8.361111e+00 5.926675e-02 7.088382e-03
8.458333e+00 5.694495e-02 6.732408e-03
8.555556e+00 5.455597e-02 6.376672e-03
8.652778e+00 5.210305e-02 6.021540e-03
8.750000e+00 4.958943e-02 5.667363e-03
8.847222e+00 4.701843e-02 5.314485e-03
8.944444e+00 4.439338e-02 4.963235e-03
9.041667e+00 4.171763e-02 4.613932e-03
9.138889e+00 3.899456e-02 4.266882e-03
9.236111e+00 3.622754e-02 3.922380e-03
9.333333e+00 3.341996e-02 3.580710e-03
9.430556e+00 3.057523e-02 3.242145e-03
9.527778e+00 2.769673e-02 2.906946e-03
9.625000e+00 2.478786e-02 2.575362e-03
9.722222e+00 2.185198e-02 2.247632e-03
9.819444e+00 1.889245e-02 1.923984e-03
9.916667e+00 1.591263e-02 1.604635e-03
1.001389e+01 1.291582e-02 1.289791e-03
1.011111e+01 9.905323e-03 9.796474e-04
1.020833e+01 6.884400e-03 6.743902e-04
1.030556e+01 3.856278e-03 3.741941e-04
1.040278e+01 8.241517e-04 7.922419e-05
1.050000e+01 -2.208828e-03 -2.103646e-04
1.059722e+01 -5.239550e-03 -4.944268e-04
1.069444e+01 -8.264951e-03 -7.728266e-04
1.079167e+01 -1.128202e-02 -1.045438e-03
1.088889e+01 -1.428778e-02 -1.312143e-03
1.098611e+01 -1.727932e-02 -1.572833e-03
1.108333e+01 -2.025380e-02 -1.827410e-03
1.118056e+01 -2.320840e-02 -2.075782e-03
1.127778e+01 -2.614039e-02 -2.317867e-03
1.137500e+01 -2.904708e-02 -2.553590e-03
1.147222e+01 -3.192587e-02 -2.782884e-03
1.156944e+01 -3.477419e-02 -3.005692e-03
1.166667e+01 -3.758956e-02 -3.221962e-03
1.186111e+01 -4.311170e-02 -3.634710e-03
1.205556e+01 -4.847408e-02 -4.020892e-03
1.225000e+01 -5.365914e-02 -4.380338e-03
1.244444e+01 -5.865051e-02 -4.712988e-03
1.263889e+01 -6.343304e-02 -5.018878e-03
1.283333e+01 -6.799280e-02 -5.298140e-03
1.302778e+01 -7.231704e-02 -5.550988e-03
1.322222e+01 -7.639421e-02 -5.777714e-03
1.341667e+01 -8.021395e-02 -5.978680e-03
1.361111e+01 -8.376705e-02 -6.154314e-03
1.380556e+01 -8.704546e-02 -6.305104e-03
1.400000e+01 -9.004225e-02 -6.431589e-03
1.419444e+01 -9.275161e-02 -6.534360e-03
1.438889e+01 -9.516883e-02 -6.614050e-03
1.458333e+01 -9.729024e-02 -6.671330e-03
1.477778e+01 -9.911321e-02 -6.706909e-03
1.497222e+01 -1.006361e-01 -6.721523e-03
1.516667e+01 -1.018584e-01 -6.715937e-03
1.536111e+01 -1.027802e-01 -6.690938e-03
1.555556e+01 -1.034029e-01 -6.647332e-03
1.575000e+01 -1.037286e-01 -6.585941e-03
1.594444e+01 -1.037600e-01 -6.507597e-03
1.613889e+01 -1.035010e-01 -6.413144e-03
1.633333e+01 -1.029560e-01 -6.303428e-03
1.652778e+01 -1.021301e-01 -6.179300e-03
1.672222e+01 -1.010291e-01 -6.041609e-03
1.691667e+01 -9.965948e-02 -5.891201e-03
1.711111e+01 -9.802809e-02 -5.728914e-03
1.730556e+01 -9.614238e-02 -5.555579e-03
1.750000e+01 -9.401022e-02 -5.372013e-03
1.769444e+01 -9.164038e-02 -5.179048e-03
1.788889e+01 -8.904158e-02 -4.977480e-03
1.808333e+01 -8.622307e-02 -4.768096e-03
1.827778e+01 -8.319439e-02 -4.551669e-03
1.847222e+01 -7.996542e-02 -4.328955e-03
1.866667e+01 -7.654627e-02 -4.100693e-03
1.886111e+01 -7.294728e-02 -3.867602e-03
1.905556e+01 -6.917897e-02 -3.630383e-03
1.925000e+01 -6.525203e-02 -3.389716e-03
1.944444e+01 -6.117725e-02 -3.146259e-03
1.963889e+01 -5.696552e-02 -2.900649e-03
1.983333e+01 -5.262779e-02 -2.653502e-03
2.002778e+01 -4.817503e-02 -2.405411e-03
2.022222e+01 -4.361822e-02 -2.156945e-03
2.041667e+01 -3.896831e-02 -1.908652e-03
2.061111e+01 -3.423619e-02 -1.661055e-03
2.080556e+01 -2.943270e-02 -1.414656e-03
2.100000e+01 -2.456857e-02 -1.169932e-03
2.119444e+01 -1.965440e-02 -9.273371e-04
2.138889e+01 -1.470065e-02 -6.873033e-04
2.158333e+01 -9.717656e-03 -4.502389e-04
2.177778e+01 -4.715534e-03 -2.165296e-04
2.197222e+01 2.957692e-04 1.346105e-05
2.216667e+01 5.306523e-03 2.393920e-04
2.236111e+01 1.030722e-02 4.609439e-04
2.255556e+01 1.528858e-02 6.778187e-04
2.275000e+01 2.024158e-02 8.897399e-04
2.294444e+01 2.515746e-02 1.096451e-03
2.313889e+01 3.002771e-02 1.297716e-03
2.333333e+01 3.484411e-02 1.493319e-03
2.372222e+01 4.428272e-02 1.866719e-03
2.411111e+01 5.341641e-02 2.215427e-03
2.450000e+01 6.218865e-02 2.538312e-03
2.488889e+01 7.054853e-02 2.834539e-03
2.527778e+01 7.845062e-02 3.103541e-03
2.566667e+01 8.585482e-02 3.344993e-03
2.605556e+01 9.272619e-02 3.558788e-03
2.644444e+01 9.903485e-02 3.745015e-03
2.683333e+01 1.047557e-01 3.903941e-03
2.722222e+01 1.098685e-01 4.035986e-03
2.761111e+01 1.143573e-01 4.141713e-03
2.800000e+01 1.182106e-01 4.221807e-03
2.838889e+01 1.214210e-01 4.277061e-03
2.877778e+01 1.239851e-01 4.308363e-03
2.916667e+01 1.259032e-01 4.316679e-03
2.955556e+01 1.271790e-01 4.303049e-03
2.994444e+01 1.278198e-01 4.268563e-03
3.033333e+01 1.278357e-01 4.214363e-03
3.072222e+01 1.272399e-01 4.141623e-03
3.111111e+01 1.260481e-01 4.051545e-03
3.150000e+01 1.242784e-01 3.945345e-03
3.188889e+01 1.219511e-01 3.824251e-03
3.227778e+01 1.190884e-01 3.689486e-03
3.266667e+01 1.157141e-01 3.542269e-03
3.305556e+01 1.118534e-01 3.383800e-03
3.344444e+01 1.075325e-01 3.215257e-03
3.383333e+01 1.027786e-01 3.037791e-03
3.422222e+01 9.761929e-02 2.852512e-03
3.461111e+01 9.208249e-02 2.660489e-03
3.500000e+01 8.619605e-02 2.462744e-03
3.538889e+01 7.999191e-02 2.260368e-03
3.577778e+01 7.349778e-02 2.054286e-03
3.616667e+01 6.674305e-02 1.845430e-03
3.655556e+01 5.975684e-02 1.634686e-03
3.694444e+01 5.256785e-02 1.422889e-03
3.733333e+01 4.520430e-02 1.210830e-03
3.772222e+01 3.769387e-02 9.992484e-04
3.811111e+01 3.006356e-02 7.888398e-04
3.850000e+01 2.233966e-02 5.802510e-04
3.888889e+01 1.454768e-02 3.740831e-04
3.927778e+01 6.712255e-03 1.708919e-04
3.966667e+01 -1.142853e-03 -2.881142e-05
4.005556e+01 -8.994851e-03 -2.245594e-04
4.044444e+01 -1.682193e-02 -4.159269e-04
4.083333e+01 -2.460332e-02 -6.025304e-04
4.122222e+01 -3.231931e-02 -7.840263e-04
4.161111e+01 -3.995124e-02 -9.601099e-04
4.200000e+01 -4.748158e-02 -1.130514e-03
4.238889e+01 -5.489391e-02 -1.295007e-03
4.277778e+01 -6.217289e-02 -1.453392e-03
4.316667e+01 -6.930432e-02 -1.605506e-03
4.355556e+01 -7.627509e-02 -1.751214e-03
4.394444e+01 -8.307317e-02 -1.890413e-03
4.433333e+01 -8.968760e-02 -2.023029e-03
4.472222e+01 -9.610846e-02 -2.149009e-03
4.511111e+01 -1.023268e-01 -2.268329e-03
4.550000e+01 -1.083348e-01 -2.380984e-03
4.588889e+01 -1.141253e-01 -2.486991e-03
4.627778e+01 -1.196921e-01 -2.586384e-03
4.666667e+01 -1.250300e-01 -2.679214e-03
4.705556e+01 -1.301350e-01 -2.765562e-03
4.744444e+01 -1.350037e-01 -2.845512e-03
4.783333e+01 -1.396334e-01 -2.919165e-03
4.822222e+01 -1.440221e-01 -2.986634e-03
4.861111e+01 -1.481688e-01 -3.048043e-03
4.900000e+01 -1.520728e-01 -3.103528e-03
4.938889e+01 -1.557346e-01 -3.153231e-03
4.977778e+01 -1.591548e-01 -3.197306e-03
5.016667e+01 -1.623348e-01 -3.235910e-03
5.055556e+01 -1.652766e-01 -3.269208e-03
5.094444e+01 -1.679826e-01 -3.297369e-03
5.133333e+01 -1.704558e-01 -3.320567e-03
5.172222e+01 -1.726994e-01 -3.338978e-03
5.211111e+01 -1.747171e-01 -3.352781e-03
5.250000e+01 -1.765132e-01 -3.362156e-03
5.288889e+01 -1.780919e-01 -3.367284e-03
5.327778e+01 -1.794581e-01 -3.368348e-03
5.366667e+01 -1.806168e-01 -3.365530e-03
5.405556e+01 -1.815731e-01 -3.359010e-03
5.444444e+01 -1.823327e-01 -3.348968e-03
5.483333e+01 -1.829011e-01 -3.335582e-03
5.522222e+01 -1.832841e-01 -3.319028e-03
5.561111e+01 -1.834877e-01 -3.299480e-03
5.600000e+01 -1.835181e-01 -3.277109e-03
5.638889e+01 -1.833813e-01 -3.252082e-03
5.677778e+01 -1.830835e-01 -3.224563e-03
5.716667e+01 -1.826311e-01 -3.194713e-03
5.755556e+01 -1.820303e-01 -3.162689e-03
5.794444e+01 -1.812875e-01 -3.128643e-03
5.833333e+01 -1.804089e-01 -3.092724e-03
5.872222e+01 -1.794008e-01 -3.055076e-03
5.911111e+01 -1.782696e-01 -3.015839e-03
5.950000e+01 -1.770213e-01 -2.975148e-03
5.988889e+01 -1.756622e-01 -2.933135e-03
6.027778e+01 -1.741983e-01 -2.889925e-03
6.066667e+01 -1.726355e-01 -2.845640e-03
6.105556e+01 -1.709799e-01 -2.800398e-03
6.144444e+01 -1.692371e-01 -2.754310e-03
6.183333e+01 -1.674128e-01 -2.707484e-03
6.222222e+01 -1.655126e-01 -2.660024e-03
6.261111e+01 -1.635419e-01 -2.612027e-03
6.300000e+01 -1.615061e-01 -2.563588e-03
6.338889e+01 -1.594102e-01 -2.514797e-03
6.377778e+01 -1.572593e-01 -2.465738e-03
6.416667e+01 -1.550583e-01 -2.416494e-03
6.455556e+01 -1.528120e-01 -2.367140e-03
6.494444e+01 -1.505249e-01 -2.317749e-03
6.533333e+01 -1.482015e-01 -2.268390e-03
6.572222e+01 -1.458460e-01 -2.219128e-03
6.611111e+01 -1.434627e-01 -2.170024e-03
6.650000e+01 -1.410554e-01 -2.121134e-03
6.688889e+01 -1.386281e-01 -2.072513e-03
6.727778e+01 -1.361844e-01 -2.024210e-03
6.766667e+01 -1.337278e-01 -1.976272e-03
6.805556e+01 -1.312617e-01 -1.928743e-03
6.844444e+01 -1.287893e-01 -1.881662e-03
6.883333e+01 -1.263138e-01 -1.835067e-03
6.922222e+01 -1.238380e-01 -1.788992e-03
6.961111e+01 -1.213648e-01 -1.743469e-03
7.000000e+01 -1.188968e-01 -1.698526e-03
7.077778e+01 -1.139866e-01 -1.610485e-03
7.155556e+01 -1.091255e-01 -1.525046e-03
7.233333e+01 -1.043302e-01 -1.442353e-03
7.311111e+01 -9.961520e-02 -1.362518e-03
7.388889e+01 -9.499321e-02 -1.285622e-03
7.466667e+01 -9.047508e-02 -1.211720e-03
7.544444e+01 -8.607005e-02 -1.140840e-03
7.622222e+01 -8.178582e-02 -1.072992e-03
7.700000e+01 -7.762869e-02 -1.008165e-03
7.777778e+01 -7.360366e-02 -9.463327e-04
7.855556e+01 -6.971455e-02 -8.874554e-04
7.933333e+01 -6.596410e-02 -8.314803e-04
8.011111e+01 -6.235407e-02 -7.783449e-04
8.088889e+01 -5.888532e-02 -7.279778e-04
8.166667e+01 -5.555791e-02 -6.803010e-04
8.244444e+01 -5.237121e-02 -6.352303e-04
8.322222e+01 -4.932393e-02 -5.926773e-04
8.400000e+01 -4.641424e-02 -5.525504e-04
8.477778e+01 -4.363983e-02 -5.147555e-04
8.555556e+01 -4.099796e-02 -4.791969e-04
8.633333e+01 -3.848556e-02 -4.457787e-04
8.711111e+01 -3.609924e-02 -4.144046e-04
8.788889e+01 -3.383539e-02 -3.849792e-04
8.866667e+01 -3.169020e-02 -3.574083e-04
8.944444e+01 -2.965971e-02 -3.315992e-04
9.022222e+01 -2.773986e-02 -3.074615e-04
9.100000e+01 -2.592651e-02 -2.849067e-04
9.177778e+01 -2.421549e-02 -2.638492e-04
9.255556e+01 -2.260262e-02 -2.442060e-04
9.333333e+01 -2.108371e-02 -2.258969e-04
9.488889e+01 -1.830972e-02 -1.929596e-04
9.644444e+01 -1.586438e-02 -1.644924e-04
9.800000e+01 -1.371461e-02 -1.399450e-04
9.955556e+01 -1.182986e-02 -1.188267e-04
1.011111e+02 -1.018200e-02 -1.007011e-04
1.026667e+02 -8.745222e-03 -8.518073e-05
1.042222e+02 -7.495870e-03 -7.192199e-05
1.057778e+02 -6.412383e-03 -6.062127e-05
1.073333e+02 -5.475158e-03 -5.101079e-05
1.088889e+02 -4.666442e-03 -4.285508e-05
1.104444e+02 -3.970222e-03 -3.594768e-05
1.120000e+02 -3.372118e-03 -3.010820e-05
1.135556e+02 -2.859275e-03 -2.517952e-05
1.151111e+02 -2.420251e-03 -2.102535e-05
1.166667e+02 -2.044921e-03 -1.752789e-05
1.182222e+02 -1.724364e-03 -1.458578e-05
1.197778e+02 -1.450762e-03 -1.211212e-05
1.213333e+02 -1.217302e-03 -1.003271e-05
1.228889e+02 -1.018069e-03 -8.284467e-06
1.244444e+02 -8.479475e-04 -6.813864e-06
1.260000e+02 -7.025249e-04 -5.575595e-06
1.275556e+02 -5.779912e-04 -4.531290e-06
1.291111e+02 -4.710431e-04 -3.648354e-06
1.306667e+02 -3.787880e-04 -2.898888e-06
1.322222e+02 -2.986498e-04 -2.258696e-06
1.337778e+02 -2.282751e-04 -1.706375e-06
1.353333e+02 -1.654410e-04 -1.222470e-06
1.368889e+02 -1.079637e-04 -7.886956e-07
1.384444e+02 -5.360831e-05 -3.872190e-07
1.400000e+02 0.000000e+00
