# 
# Output from EIGENRAD program.
# 
# Eigenfunction for specific electronic state.
# The first column contains radius $r$ in bohr units.
# The second column holds value of eginefunction.
# 
# Use this file with gnuplot to create the plot.
#
0.000000e+00 0.000000e+00 -6.102483e-08
4.861111e-02 7.892063e-07 1.623510e-05
9.722222e-02 6.217722e-06 6.395371e-05
1.458333e-01 2.064558e-05 1.415697e-04
1.944444e-01 4.814489e-05 2.476023e-04
2.430556e-01 9.251045e-05 3.806144e-04
2.916667e-01 1.572701e-04 5.392118e-04
3.402778e-01 2.456949e-04 7.220422e-04
3.888889e-01 3.608089e-04 9.277944e-04
4.375000e-01 5.053991e-04 1.155198e-03
4.861111e-01 6.820242e-04 1.403021e-03
5.347222e-01 8.930246e-04 1.670072e-03
5.833333e-01 1.140531e-03 1.955196e-03
6.319444e-01 1.426472e-03 2.257275e-03
6.805556e-01 1.752585e-03 2.575227e-03
7.291667e-01 2.120422e-03 2.908008e-03
7.777778e-01 2.531360e-03 3.254605e-03
8.263889e-01 2.986603e-03 3.614041e-03
8.750000e-01 3.487200e-03 3.985371e-03
9.236111e-01 4.034040e-03 4.367683e-03
9.722222e-01 4.627870e-03 4.760094e-03
1.020833e+00 5.269292e-03 5.161755e-03
1.069444e+00 5.958777e-03 5.571844e-03
1.118056e+00 6.696669e-03 5.989568e-03
1.166667e+00 7.483189e-03 6.414162e-03
1.215278e+00 8.318442e-03 6.844890e-03
1.263889e+00 9.202425e-03 7.281039e-03
1.312500e+00 1.013503e-02 7.721925e-03
1.361111e+00 1.111604e-02 8.166887e-03
1.409722e+00 1.214516e-02 8.615286e-03
1.458333e+00 1.322199e-02 9.066510e-03
1.506944e+00 1.434607e-02 9.519974e-03
1.555556e+00 1.551684e-02 9.975114e-03
1.604167e+00 1.673368e-02 1.043138e-02
1.652778e+00 1.799587e-02 1.088826e-02
1.701389e+00 1.930267e-02 1.134524e-02
1.750000e+00 2.065323e-02 1.180185e-02
1.798611e+00 2.204668e-02 1.225761e-02
1.847222e+00 2.348208e-02 1.271210e-02
1.895833e+00 2.495843e-02 1.316489e-02
1.944444e+00 2.647470e-02 1.361556e-02
1.993056e+00 2.802981e-02 1.406374e-02
2.041667e+00 2.962264e-02 1.450905e-02
2.090278e+00 3.125203e-02 1.495114e-02
2.138889e+00 3.291678e-02 1.538966e-02
2.187500e+00 3.461568e-02 1.582431e-02
2.236111e+00 3.634746e-02 1.625477e-02
2.284722e+00 3.811085e-02 1.668074e-02
2.333333e+00 3.990455e-02 1.710195e-02
2.381944e+00 4.172724e-02 1.751814e-02
2.430556e+00 4.357757e-02 1.792906e-02
2.479167e+00 4.545418e-02 1.833446e-02
2.527778e+00 4.735571e-02 1.873413e-02
2.576389e+00 4.928077e-02 1.912785e-02
2.625000e+00 5.122798e-02 1.951542e-02
2.673611e+00 5.319592e-02 1.989666e-02
2.722222e+00 5.518321e-02 2.027138e-02
2.770833e+00 5.718842e-02 2.063943e-02
2.819444e+00 5.921014e-02 2.100064e-02
2.868056e+00 6.124696e-02 2.135487e-02
2.916667e+00 6.329747e-02 2.170199e-02
3.013889e+00 6.743386e-02 2.237437e-02
3.111111e+00 7.160825e-02 2.301694e-02
3.208333e+00 7.580943e-02 2.362891e-02
3.305556e+00 8.002639e-02 2.420967e-02
3.402778e+00 8.424832e-02 2.475869e-02
3.500000e+00 8.846460e-02 2.527560e-02
3.597222e+00 9.266489e-02 2.576012e-02
3.694444e+00 9.683908e-02 2.621208e-02
3.791667e+00 1.009774e-01 2.663139e-02
3.888889e+00 1.050702e-01 2.701806e-02
3.986111e+00 1.091085e-01 2.737216e-02
4.083333e+00 1.130832e-01 2.769384e-02
4.180556e+00 1.169859e-01 2.798333e-02
4.277778e+00 1.208083e-01 2.824090e-02
4.375000e+00 1.245427e-01 2.846690e-02
4.472222e+00 1.281815e-01 2.866171e-02
4.569444e+00 1.317178e-01 2.882577e-02
4.666667e+00 1.351447e-01 2.895957e-02
4.763889e+00 1.384559e-01 2.906363e-02
4.861111e+00 1.416455e-01 2.913851e-02
4.958333e+00 1.447079e-01 2.918479e-02
5.055556e+00 1.476379e-01 2.920311e-02
5.152778e+00 1.504307e-01 2.919410e-02
5.250000e+00 1.530819e-01 2.915845e-02
5.347222e+00 1.555872e-01 2.909684e-02
5.444444e+00 1.579431e-01 2.900996e-02
5.541667e+00 1.601462e-01 2.889856e-02
5.638889e+00 1.621933e-01 2.876334e-02
5.736111e+00 1.640818e-01 2.860505e-02
5.833333e+00 1.658092e-01 2.842443e-02
5.930556e+00 1.673736e-01 2.822225e-02
6.027778e+00 1.687733e-01 2.799926e-02
6.125000e+00 1.700069e-01 2.775623e-02
6.222222e+00 1.710732e-01 2.749391e-02
6.319444e+00 1.719715e-01 2.721306e-02
6.416667e+00 1.727011e-01 2.691445e-02
6.513889e+00 1.732618e-01 2.659883e-02
6.611111e+00 1.736537e-01 2.626695e-02
6.708333e+00 1.738770e-01 2.591955e-02
6.805556e+00 1.739321e-01 2.555737e-02
6.902778e+00 1.738199e-01 2.518115e-02
7.000000e+00 1.735412e-01 2.479160e-02
7.097222e+00 1.730972e-01 2.438943e-02
7.194444e+00 1.724893e-01 2.397535e-02
7.291667e+00 1.717192e-01 2.355006e-02
7.388889e+00 1.707884e-01 2.311422e-02
7.486111e+00 1.696990e-01 2.266851e-02
7.583333e+00 1.684531e-01 2.221359e-02
7.680556e+00 1.670528e-01 2.175010e-02
7.777778e+00 1.655008e-01 2.127867e-02
7.875000e+00 1.637993e-01 2.079992e-02
7.972222e+00 1.619513e-01 2.031445e-02
8.069444e+00 1.599594e-01 1.982285e-02
8.166667e+00 1.578266e-01 1.932571e-02
8.263889e+00 1.555559e-01 1.882358e-02
8.361111e+00 1.531505e-01 1.831700e-02
8.458333e+00 1.506135e-01 1.780653e-02
8.555556e+00 1.479483e-01 1.729266e-02
8.652778e+00 1.451582e-01 1.677591e-02
8.750000e+00 1.422467e-01 1.625676e-02
8.847222e+00 1.392172e-01 1.573570e-02
8.944444e+00 1.360734e-01 1.521318e-02
9.041667e+00 1.328189e-01 1.468965e-02
9.138889e+00 1.294573e-01 1.416554e-02
9.236111e+00 1.259922e-01 1.364126e-02
9.333333e+00 1.224275e-01 1.311723e-02
9.430556e+00 1.187669e-01 1.259384e-02
9.527778e+00 1.150140e-01 1.207144e-02
9.625000e+00 1.111728e-01 1.155042e-02
9.722222e+00 1.072469e-01 1.103111e-02
9.819444e+00 1.032403e-01 1.051386e-02
9.916667e+00 9.915652e-02 9.998977e-03
1.001389e+01 9.499953e-02 9.486777e-03
1.011111e+01 9.077304e-02 8.977554e-03
1.020833e+01 8.648082e-02 8.471591e-03
1.030556e+01 8.212660e-02 7.969158e-03
1.040278e+01 7.771410e-02 7.470514e-03
1.050000e+01 7.324701e-02 6.975906e-03
1.059722e+01 6.872899e-02 6.485567e-03
1.069444e+01 6.416368e-02 5.999721e-03
1.079167e+01 5.955466e-02 5.518579e-03
1.088889e+01 5.490550e-02 5.042342e-03
1.098611e+01 5.021972e-02 4.571200e-03
1.108333e+01 4.550078e-02 4.105333e-03
1.118056e+01 4.075211e-02 3.644909e-03
1.127778e+01 3.597709e-02 3.190087e-03
1.137500e+01 3.117907e-02 2.741017e-03
1.147222e+01 2.636130e-02 2.297837e-03
1.156944e+01 2.152702e-02 1.860679e-03
1.166667e+01 1.667941e-02 1.429664e-03
1.186111e+01 6.956685e-03 5.865121e-04
1.205556e+01 -2.783028e-03 -2.308503e-04
1.225000e+01 -1.251634e-02 -1.021742e-03
1.244444e+01 -2.222095e-02 -1.785612e-03
1.263889e+01 -3.187561e-02 -2.522027e-03
1.283333e+01 -4.146018e-02 -3.230664e-03
1.302778e+01 -5.095558e-02 -3.911303e-03
1.322222e+01 -6.034380e-02 -4.563817e-03
1.341667e+01 -6.960791e-02 -5.188167e-03
1.361111e+01 -7.873202e-02 -5.784393e-03
1.380556e+01 -8.770131e-02 -6.352610e-03
1.400000e+01 -9.650199e-02 -6.892999e-03
1.419444e+01 -1.051213e-01 -7.405805e-03
1.438889e+01 -1.135475e-01 -7.891329e-03
1.458333e+01 -1.217697e-01 -8.349925e-03
1.477778e+01 -1.297783e-01 -8.781992e-03
1.497222e+01 -1.375644e-01 -9.187974e-03
1.516667e+01 -1.451200e-01 -9.568352e-03
1.536111e+01 -1.524382e-01 -9.923641e-03
1.555556e+01 -1.595127e-01 -1.025439e-02
1.575000e+01 -1.663384e-01 -1.056117e-02
1.594444e+01 -1.729106e-01 -1.084457e-02
1.613889e+01 -1.792258e-01 -1.110522e-02
1.633333e+01 -1.852810e-01 -1.134373e-02
1.652778e+01 -1.910738e-01 -1.156077e-02
1.672222e+01 -1.966028e-01 -1.175698e-02
1.691667e+01 -2.018669e-01 -1.193302e-02
1.711111e+01 -2.068657e-01 -1.208956e-02
1.730556e+01 -2.115995e-01 -1.222726e-02
1.750000e+01 -2.160689e-01 -1.234679e-02
1.769444e+01 -2.202754e-01 -1.244885e-02
1.788889e+01 -2.242208e-01 -1.253408e-02
1.808333e+01 -2.279071e-01 -1.260316e-02
1.827778e+01 -2.313372e-01 -1.265674e-02
1.847222e+01 -2.345139e-01 -1.269549e-02
1.866667e+01 -2.374407e-01 -1.272004e-02
1.886111e+01 -2.401214e-01 -1.273103e-02
1.905556e+01 -2.425600e-01 -1.272910e-02
1.925000e+01 -2.447608e-01 -1.271484e-02
1.944444e+01 -2.467283e-01 -1.268888e-02
1.963889e+01 -2.484674e-01 -1.265181e-02
1.983333e+01 -2.499831e-01 -1.260419e-02
2.002778e+01 -2.512807e-01 -1.254661e-02
2.022222e+01 -2.523654e-01 -1.247961e-02
2.041667e+01 -2.532427e-01 -1.240373e-02
2.061111e+01 -2.539184e-01 -1.231949e-02
2.080556e+01 -2.543982e-01 -1.222742e-02
2.100000e+01 -2.546878e-01 -1.212799e-02
2.119444e+01 -2.547932e-01 -1.202170e-02
2.138889e+01 -2.547203e-01 -1.190900e-02
2.158333e+01 -2.544751e-01 -1.179035e-02
2.177778e+01 -2.540636e-01 -1.166619e-02
2.197222e+01 -2.534918e-01 -1.153692e-02
2.216667e+01 -2.527658e-01 -1.140297e-02
2.236111e+01 -2.518915e-01 -1.126471e-02
2.255556e+01 -2.508749e-01 -1.112253e-02
2.275000e+01 -2.497219e-01 -1.097679e-02
2.294444e+01 -2.484384e-01 -1.082782e-02
2.313889e+01 -2.470303e-01 -1.067598e-02
2.333333e+01 -2.455033e-01 -1.052157e-02
2.372222e+01 -2.421160e-01 -1.020629e-02
2.411111e+01 -2.383194e-01 -9.884214e-03
2.450000e+01 -2.341573e-01 -9.557442e-03
2.488889e+01 -2.296717e-01 -9.227882e-03
2.527778e+01 -2.249025e-01 -8.897240e-03
2.566667e+01 -2.198874e-01 -8.567042e-03
2.605556e+01 -2.146624e-01 -8.238643e-03
2.644444e+01 -2.092614e-01 -7.913246e-03
2.683333e+01 -2.037161e-01 -7.591906e-03
2.722222e+01 -1.980566e-01 -7.275547e-03
2.761111e+01 -1.923106e-01 -6.964972e-03
2.800000e+01 -1.865042e-01 -6.660866e-03
2.838889e+01 -1.806615e-01 -6.363812e-03
2.877778e+01 -1.748048e-01 -6.074297e-03
2.916667e+01 -1.689543e-01 -5.792720e-03
2.955556e+01 -1.631288e-01 -5.519397e-03
2.994444e+01 -1.573452e-01 -5.254572e-03
3.033333e+01 -1.516188e-01 -4.998422e-03
3.072222e+01 -1.459632e-01 -4.751063e-03
3.111111e+01 -1.403906e-01 -4.512556e-03
3.150000e+01 -1.349118e-01 -4.282913e-03
3.188889e+01 -1.295360e-01 -4.062105e-03
3.227778e+01 -1.242715e-01 -3.850063e-03
3.266667e+01 -1.191251e-01 -3.646685e-03
3.305556e+01 -1.141026e-01 -3.451844e-03
3.344444e+01 -1.092090e-01 -3.265387e-03
3.383333e+01 -1.044483e-01 -3.087143e-03
3.422222e+01 -9.982377e-02 -2.916928e-03
3.461111e+01 -9.533802e-02 -2.754549e-03
3.500000e+01 -9.099322e-02 -2.599806e-03
3.538889e+01 -8.678888e-02 -2.452433e-03
3.577778e+01 -8.272602e-02 -2.312218e-03
3.616667e+01 -7.880434e-02 -2.178922e-03
3.655556e+01 -7.502311e-02 -2.052304e-03
3.694444e+01 -7.138113e-02 -1.932121e-03
3.733333e+01 -6.787685e-02 -1.818130e-03
3.772222e+01 -6.450837e-02 -1.710089e-03
3.811111e+01 -6.127349e-02 -1.607759e-03
3.850000e+01 -5.816974e-02 -1.510902e-03
3.888889e+01 -5.519443e-02 -1.419285e-03
3.927778e+01 -5.234464e-02 -1.332678e-03
3.966667e+01 -4.961733e-02 -1.250857e-03
4.005556e+01 -4.700928e-02 -1.173602e-03
4.044444e+01 -4.451719e-02 -1.100700e-03
4.083333e+01 -4.213765e-02 -1.031942e-03
4.122222e+01 -3.986720e-02 -9.671288e-04
4.161111e+01 -3.770233e-02 -9.060640e-04
4.200000e+01 -3.563952e-02 -8.485600e-04
4.238889e+01 -3.367524e-02 -7.944355e-04
4.277778e+01 -3.180595e-02 -7.435158e-04
4.316667e+01 -3.002818e-02 -6.956334e-04
4.355556e+01 -2.833844e-02 -6.506274e-04
4.394444e+01 -2.673333e-02 -6.083437e-04
4.433333e+01 -2.520947e-02 -5.686347e-04
4.472222e+01 -2.376357e-02 -5.313594e-04
4.511111e+01 -2.239238e-02 -4.963828e-04
4.550000e+01 -2.109272e-02 -4.635763e-04
4.588889e+01 -1.986148e-02 -4.328167e-04
4.627778e+01 -1.869559e-02 -4.039864e-04
4.666667e+01 -1.759208e-02 -3.769732e-04
4.705556e+01 -1.654821e-02 -3.516739e-04
4.744444e+01 -1.556119e-02 -3.279876e-04
4.783333e+01 -1.462833e-02 -3.058188e-04
4.822222e+01 -1.374705e-02 -2.850771e-04
4.861111e+01 -1.291485e-02 -2.656770e-04
4.900000e+01 -1.212933e-02 -2.475373e-04
4.938889e+01 -1.138817e-02 -2.305816e-04
4.977778e+01 -1.068915e-02 -2.147374e-04
5.016667e+01 -1.003014e-02 -1.999363e-04
5.055556e+01 -9.409080e-03 -1.861137e-04
5.094444e+01 -8.824017e-03 -1.732086e-04
5.133333e+01 -8.273064e-03 -1.611636e-04
5.172222e+01 -7.754421e-03 -1.499244e-04
5.211111e+01 -7.266365e-03 -1.394398e-04
5.250000e+01 -6.807250e-03 -1.296619e-04
5.288889e+01 -6.375507e-03 -1.205453e-04
5.327778e+01 -5.969638e-03 -1.120474e-04
5.366667e+01 -5.588215e-03 -1.041282e-04
5.405556e+01 -5.229881e-03 -9.675012e-05
5.444444e+01 -4.893344e-03 -8.987775e-05
5.483333e+01 -4.577375e-03 -8.347797e-05
5.522222e+01 -4.280809e-03 -7.751967e-05
5.561111e+01 -4.002536e-03 -7.197368e-05
5.600000e+01 -3.741507e-03 -6.681263e-05
5.638889e+01 -3.496725e-03 -6.201088e-05
5.677778e+01 -3.267243e-03 -5.754440e-05
5.716667e+01 -3.052166e-03 -5.339065e-05
5.755556e+01 -2.850641e-03 -4.952851e-05
5.794444e+01 -2.661861e-03 -4.593815e-05
5.833333e+01 -2.485058e-03 -4.260099e-05
5.872222e+01 -2.319533e-03 -3.950009e-05
5.911111e+01 -2.164598e-03 -3.661914e-05
5.950000e+01 -2.019611e-03 -3.394305e-05
5.988889e+01 -1.883968e-03 -3.145773e-05
6.027778e+01 -1.757098e-03 -2.915001e-05
6.066667e+01 -1.638460e-03 -2.700759e-05
6.105556e+01 -1.527547e-03 -2.501897e-05
6.144444e+01 -1.423880e-03 -2.317345e-05
6.183333e+01 -1.327006e-03 -2.146102e-05
6.222222e+01 -1.236501e-03 -1.987235e-05
6.261111e+01 -1.151965e-03 -1.839873e-05
6.300000e+01 -1.073020e-03 -1.703207e-05
6.338889e+01 -9.993133e-04 -1.576480e-05
6.377778e+01 -9.305106e-04 -1.458989e-05
6.416667e+01 -8.662994e-04 -1.350077e-05
6.455556e+01 -8.063853e-04 -1.249134e-05
6.494444e+01 -7.504922e-04 -1.155591e-05
6.533333e+01 -6.983605e-04 -1.068919e-05
6.572222e+01 -6.497466e-04 -9.886255e-06
6.611111e+01 -6.044219e-04 -9.142516e-06
6.650000e+01 -5.621717e-04 -8.453710e-06
6.688889e+01 -5.227948e-04 -7.815869e-06
6.727778e+01 -4.861024e-04 -7.225304e-06
6.766667e+01 -4.519176e-04 -6.678585e-06
6.805556e+01 -4.200744e-04 -6.172522e-06
6.844444e+01 -3.904176e-04 -5.704153e-06
6.883333e+01 -3.628018e-04 -5.270728e-06
6.922222e+01 -3.370911e-04 -4.869695e-06
6.961111e+01 -3.131585e-04 -4.498686e-06
7.000000e+01 -2.908857e-04 -4.155510e-06
7.077778e+01 -2.508986e-04 -3.544878e-06
7.155556e+01 -2.162633e-04 -3.022313e-06
7.233333e+01 -1.862998e-04 -2.575573e-06
7.311111e+01 -1.604050e-04 -2.193989e-06
7.388889e+01 -1.380460e-04 -1.868291e-06
7.466667e+01 -1.187537e-04 -1.590451e-06
7.544444e+01 -1.021166e-04 -1.353534e-06
7.622222e+01 -8.777521e-05 -1.151570e-06
7.700000e+01 -7.541653e-05 -9.794355e-07
7.777778e+01 -6.476894e-05 -8.327435e-07
7.855556e+01 -5.559752e-05 -7.077477e-07
7.933333e+01 -4.769960e-05 -6.012554e-07
8.011111e+01 -4.090068e-05 -5.105494e-07
8.088889e+01 -3.505072e-05 -4.333193e-07
8.166667e+01 -3.002066e-05 -3.675999e-07
8.244444e+01 -2.569940e-05 -3.117178e-07
8.322222e+01 -2.199104e-05 -2.642448e-07
8.400000e+01 -1.881248e-05 -2.239581e-07
8.477778e+01 -1.609132e-05 -1.898059e-07
8.555556e+01 -1.376417e-05 -1.608799e-07
8.633333e+01 -1.177519e-05 -1.363921e-07
8.711111e+01 -1.007506e-05 -1.156576e-07
8.788889e+01 -8.620245e-06 -9.808117e-08
8.866667e+01 -7.372581e-06 -8.314941e-08
8.944444e+01 -6.299215e-06 -7.042600e-08
9.022222e+01 -5.372874e-06 -5.955155e-08
9.100000e+01 -4.572474e-06 -5.024696e-08
9.177778e+01 -3.884056e-06 -4.232022e-08
9.255556e+01 -3.302060e-06 -3.567652e-08
9.333333e+01 -2.830935e-06 -3.033145e-08
9.488889e+01 -2.066703e-06 -2.178024e-08
9.644444e+01 -1.495661e-06 -1.550801e-08
9.800000e+01 -1.075195e-06 -1.097138e-08
9.955556e+01 -7.701543e-07 -7.735925e-09
1.011111e+02 -5.519485e-07 -5.458832e-09
1.026667e+02 -3.977003e-07 -3.873704e-09
1.042222e+02 -2.894534e-07 -2.777271e-09
1.057778e+02 -2.134374e-07 -2.017790e-09
1.073333e+02 -1.593884e-07 -1.484985e-09
1.088889e+02 -1.199257e-07 -1.101359e-09
1.104444e+02 -8.998478e-08 -8.147515e-10
1.120000e+02 -6.630596e-08 -5.920175e-10
1.135556e+02 -4.697965e-08 -4.137151e-10
1.151111e+02 -3.104726e-08 -2.697156e-10
1.166667e+02 -1.815843e-08 -1.556437e-10
1.182222e+02 -8.284232e-09 -7.007339e-11
1.197778e+02 -1.486500e-09 -1.241048e-11
1.213333e+02 2.256778e-09 1.859982e-11
1.228889e+02 3.169979e-09 2.579549e-11
1.244444e+02 1.742293e-09 1.400057e-11
1.260000e+02 -1.265925e-09 -1.004702e-11
1.275556e+02 -4.872865e-09 -3.820190e-11
1.291111e+02 -7.981071e-09 -6.181553e-11
1.306667e+02 -9.539321e-09 -7.300501e-11
1.322222e+02 -8.760584e-09 -6.625652e-11
1.337778e+02 -5.396070e-09 -4.033607e-11
1.353333e+02 -6.535257e-11 -4.829008e-13
1.368889e+02 5.357430e-09 3.913707e-11
1.384444e+02 7.301285e-09 5.273802e-11
1.400000e+02 0.000000e+00
