# 
# Output from EIGENRAD program.
# 
# Eigenfunction for specific electronic state.
# The first column contains radius $r$ in bohr units.
# The second column holds value of eginefunction.
# 
# Use this file with gnuplot to create the plot.
#
0.000000e+00 0.000000e+00 -1.015352e-07
4.861111e-02 1.018087e-06 2.094350e-05
9.722222e-02 8.023259e-06 8.252495e-05
1.458333e-01 2.664144e-05 1.826842e-04
1.944444e-01 6.212941e-05 3.195227e-04
2.430556e-01 1.193891e-04 4.912010e-04
2.916667e-01 2.029818e-04 6.959376e-04
3.402778e-01 3.171415e-04 9.320075e-04
3.888889e-01 4.657883e-04 1.197741e-03
4.375000e-01 6.525418e-04 1.491524e-03
4.861111e-01 8.807330e-04 1.811794e-03
5.347222e-01 1.153417e-03 2.157040e-03
5.833333e-01 1.473385e-03 2.525803e-03
6.319444e-01 1.843175e-03 2.916673e-03
6.805556e-01 2.265085e-03 3.328288e-03
7.291667e-01 2.741181e-03 3.759333e-03
7.777778e-01 3.273309e-03 4.208540e-03
8.263889e-01 3.863108e-03 4.674685e-03
8.750000e-01 4.512013e-03 5.156586e-03
9.236111e-01 5.221270e-03 5.653105e-03
9.722222e-01 5.991946e-03 6.163144e-03
1.020833e+00 6.824931e-03 6.685647e-03
1.069444e+00 7.720954e-03 7.219594e-03
1.118056e+00 8.680587e-03 7.764003e-03
1.166667e+00 9.704251e-03 8.317929e-03
1.215278e+00 1.079223e-02 8.880463e-03
1.263889e+00 1.194467e-02 9.450727e-03
1.312500e+00 1.316159e-02 1.002788e-02
1.361111e+00 1.444289e-02 1.061110e-02
1.409722e+00 1.578836e-02 1.119962e-02
1.458333e+00 1.719766e-02 1.179268e-02
1.506944e+00 1.867039e-02 1.238957e-02
1.555556e+00 2.020604e-02 1.298960e-02
1.604167e+00 2.180399e-02 1.359210e-02
1.652778e+00 2.346355e-02 1.419643e-02
1.701389e+00 2.518395e-02 1.480200e-02
1.750000e+00 2.696436e-02 1.540820e-02
1.798611e+00 2.880385e-02 1.601450e-02
1.847222e+00 3.070146e-02 1.662034e-02
1.895833e+00 3.265614e-02 1.722521e-02
1.944444e+00 3.466680e-02 1.782864e-02
1.993056e+00 3.673230e-02 1.843015e-02
2.041667e+00 3.885146e-02 1.902928e-02
2.090278e+00 4.102302e-02 1.962563e-02
2.138889e+00 4.324572e-02 2.021878e-02
2.187500e+00 4.551824e-02 2.080834e-02
2.236111e+00 4.783924e-02 2.139395e-02
2.284722e+00 5.020733e-02 2.197525e-02
2.333333e+00 5.262113e-02 2.255191e-02
2.381944e+00 5.507918e-02 2.312362e-02
2.430556e+00 5.758005e-02 2.369008e-02
2.479167e+00 6.012227e-02 2.425100e-02
2.527778e+00 6.270436e-02 2.480612e-02
2.576389e+00 6.532480e-02 2.535518e-02
2.625000e+00 6.798210e-02 2.589794e-02
2.673611e+00 7.067473e-02 2.643419e-02
2.722222e+00 7.340118e-02 2.696370e-02
2.770833e+00 7.615990e-02 2.748628e-02
2.819444e+00 7.894936e-02 2.800174e-02
2.868056e+00 8.176802e-02 2.850991e-02
2.916667e+00 8.461434e-02 2.901063e-02
3.013889e+00 9.038380e-02 2.998909e-02
3.111111e+00 9.624569e-02 3.093611e-02
3.208333e+00 1.021878e-01 3.185075e-02
3.305556e+00 1.081982e-01 3.273222e-02
3.402778e+00 1.142649e-01 3.357990e-02
3.500000e+00 1.203766e-01 3.439330e-02
3.597222e+00 1.265217e-01 3.517206e-02
3.694444e+00 1.326894e-01 3.591592e-02
3.791667e+00 1.388688e-01 3.662473e-02
3.888889e+00 1.450495e-01 3.729845e-02
3.986111e+00 1.512215e-01 3.793710e-02
4.083333e+00 1.573749e-01 3.854079e-02
4.180556e+00 1.635004e-01 3.910972e-02
4.277778e+00 1.695888e-01 3.964413e-02
4.375000e+00 1.756315e-01 4.014434e-02
4.472222e+00 1.816202e-01 4.061073e-02
4.569444e+00 1.875469e-01 4.104370e-02
4.666667e+00 1.934041e-01 4.144374e-02
4.763889e+00 1.991847e-01 4.181136e-02
4.861111e+00 2.048817e-01 4.214710e-02
4.958333e+00 2.104890e-01 4.245156e-02
5.055556e+00 2.160003e-01 4.272534e-02
5.152778e+00 2.214101e-01 4.296908e-02
5.250000e+00 2.267132e-01 4.318346e-02
5.347222e+00 2.319045e-01 4.336915e-02
5.444444e+00 2.369795e-01 4.352685e-02
5.541667e+00 2.419341e-01 4.365728e-02
5.638889e+00 2.467643e-01 4.376115e-02
5.736111e+00 2.514664e-01 4.383918e-02
5.833333e+00 2.560373e-01 4.389211e-02
5.930556e+00 2.604741e-01 4.392070e-02
6.027778e+00 2.647743e-01 4.392569e-02
6.125000e+00 2.689355e-01 4.390783e-02
6.222222e+00 2.729556e-01 4.386786e-02
6.319444e+00 2.768329e-01 4.380653e-02
6.416667e+00 2.805661e-01 4.372458e-02
6.513889e+00 2.841537e-01 4.362275e-02
6.611111e+00 2.875950e-01 4.350177e-02
6.708333e+00 2.908892e-01 4.336236e-02
6.805556e+00 2.940357e-01 4.320524e-02
6.902778e+00 2.970343e-01 4.303112e-02
7.000000e+00 2.998849e-01 4.284071e-02
7.097222e+00 3.025878e-01 4.263468e-02
7.194444e+00 3.051431e-01 4.241372e-02
7.291667e+00 3.075515e-01 4.217850e-02
7.388889e+00 3.098136e-01 4.192967e-02
7.486111e+00 3.119303e-01 4.166787e-02
7.583333e+00 3.139026e-01 4.139374e-02
7.680556e+00 3.157315e-01 4.110790e-02
7.777778e+00 3.174185e-01 4.081096e-02
7.875000e+00 3.189650e-01 4.050349e-02
7.972222e+00 3.203724e-01 4.018609e-02
8.069444e+00 3.216426e-01 3.985932e-02
8.166667e+00 3.227771e-01 3.952373e-02
8.263889e+00 3.237780e-01 3.917986e-02
8.361111e+00 3.246471e-01 3.882822e-02
8.458333e+00 3.253865e-01 3.846934e-02
8.555556e+00 3.259984e-01 3.810371e-02
8.652778e+00 3.264849e-01 3.773180e-02
8.750000e+00 3.268483e-01 3.735409e-02
8.847222e+00 3.270910e-01 3.697104e-02
8.944444e+00 3.272152e-01 3.658307e-02
9.041667e+00 3.272235e-01 3.619062e-02
9.138889e+00 3.271183e-01 3.579410e-02
9.236111e+00 3.269021e-01 3.539392e-02
9.333333e+00 3.265775e-01 3.499045e-02
9.430556e+00 3.261470e-01 3.458407e-02
9.527778e+00 3.256133e-01 3.417515e-02
9.625000e+00 3.249789e-01 3.376404e-02
9.722222e+00 3.242464e-01 3.335106e-02
9.819444e+00 3.234185e-01 3.293654e-02
9.916667e+00 3.224979e-01 3.252080e-02
1.001389e+01 3.214873e-01 3.210414e-02
1.011111e+01 3.203891e-01 3.168683e-02
1.020833e+01 3.192062e-01 3.126917e-02
1.030556e+01 3.179410e-01 3.085142e-02
1.040278e+01 3.165964e-01 3.043383e-02
1.050000e+01 3.151748e-01 3.001665e-02
1.059722e+01 3.136790e-01 2.960011e-02
1.069444e+01 3.121114e-01 2.918444e-02
1.079167e+01 3.104747e-01 2.876985e-02
1.088889e+01 3.087713e-01 2.835655e-02
1.098611e+01 3.070039e-01 2.794473e-02
1.108333e+01 3.051748e-01 2.753457e-02
1.118056e+01 3.032867e-01 2.712626e-02
1.127778e+01 3.013418e-01 2.671996e-02
1.137500e+01 2.993427e-01 2.631584e-02
1.147222e+01 2.972917e-01 2.591404e-02
1.156944e+01 2.951911e-01 2.551472e-02
1.166667e+01 2.930433e-01 2.511799e-02
1.186111e+01 2.886150e-01 2.433288e-02
1.205556e+01 2.840244e-01 2.355963e-02
1.225000e+01 2.792887e-01 2.279908e-02
1.244444e+01 2.744245e-01 2.205197e-02
1.263889e+01 2.694475e-01 2.131893e-02
1.283333e+01 2.643731e-01 2.060050e-02
1.302778e+01 2.592157e-01 1.989715e-02
1.322222e+01 2.539891e-01 1.920926e-02
1.341667e+01 2.487064e-01 1.853712e-02
1.361111e+01 2.433802e-01 1.788099e-02
1.380556e+01 2.380222e-01 1.724104e-02
1.400000e+01 2.326436e-01 1.661740e-02
1.419444e+01 2.272550e-01 1.601014e-02
1.438889e+01 2.218662e-01 1.541928e-02
1.458333e+01 2.164866e-01 1.484479e-02
1.477778e+01 2.111247e-01 1.428664e-02
1.497222e+01 2.057888e-01 1.374471e-02
1.516667e+01 2.004862e-01 1.321887e-02
1.536111e+01 1.952240e-01 1.270898e-02
1.555556e+01 1.900086e-01 1.221484e-02
1.575000e+01 1.848459e-01 1.173625e-02
1.594444e+01 1.797413e-01 1.127297e-02
1.613889e+01 1.746996e-01 1.082476e-02
1.633333e+01 1.697254e-01 1.039135e-02
1.652778e+01 1.648228e-01 9.972470e-03
1.672222e+01 1.599952e-01 9.567820e-03
1.691667e+01 1.552460e-01 9.177105e-03
1.711111e+01 1.505781e-01 8.800018e-03
1.730556e+01 1.459940e-01 8.436249e-03
1.750000e+01 1.414960e-01 8.085483e-03
1.769444e+01 1.370856e-01 7.747382e-03
1.788889e+01 1.327647e-01 7.421628e-03
1.808333e+01 1.285343e-01 7.107890e-03
1.827778e+01 1.243957e-01 6.805841e-03
1.847222e+01 1.203493e-01 6.515153e-03
1.866667e+01 1.163960e-01 6.235498e-03
1.886111e+01 1.125358e-01 5.966552e-03
1.905556e+01 1.087690e-01 5.707992e-03
1.925000e+01 1.050954e-01 5.459500e-03
1.944444e+01 1.015148e-01 5.220760e-03
1.963889e+01 9.802677e-02 4.991462e-03
1.983333e+01 9.463077e-02 4.771299e-03
2.002778e+01 9.132608e-02 4.559971e-03
2.022222e+01 8.811188e-02 4.357181e-03
2.041667e+01 8.498722e-02 4.162639e-03
2.061111e+01 8.195107e-02 3.976063e-03
2.080556e+01 7.900229e-02 3.797173e-03
2.100000e+01 7.613966e-02 3.625698e-03
2.119444e+01 7.336187e-02 3.461373e-03
2.138889e+01 7.066759e-02 3.303939e-03
2.158333e+01 6.805537e-02 3.153145e-03
2.177778e+01 6.552376e-02 3.008744e-03
2.197222e+01 6.307123e-02 2.870499e-03
2.216667e+01 6.069624e-02 2.738176e-03
2.236111e+01 5.839720e-02 2.611552e-03
2.255556e+01 5.617250e-02 2.490407e-03
2.275000e+01 5.402051e-02 2.374528e-03
2.294444e+01 5.193958e-02 2.263711e-03
2.313889e+01 4.992805e-02 2.157755e-03
2.333333e+01 4.798425e-02 2.056468e-03
2.372222e+01 4.429293e-02 1.867149e-03
2.411111e+01 4.085299e-02 1.694364e-03
2.450000e+01 3.765094e-02 1.536773e-03
2.488889e+01 3.467361e-02 1.393136e-03
2.527778e+01 3.190825e-02 1.262304e-03
2.566667e+01 2.934247e-02 1.143213e-03
2.605556e+01 2.696434e-02 1.034879e-03
2.644444e+01 2.476233e-02 9.363907e-04
2.683333e+01 2.272538e-02 8.469087e-04
2.722222e+01 2.084288e-02 7.656566e-04
2.761111e+01 1.910466e-02 6.919192e-04
2.800000e+01 1.750105e-02 6.250376e-04
2.838889e+01 1.602284e-02 5.644055e-04
2.877778e+01 1.466130e-02 5.094660e-04
2.916667e+01 1.340814e-02 4.597078e-04
2.955556e+01 1.225558e-02 4.146625e-04
2.994444e+01 1.119626e-02 3.739011e-04
3.033333e+01 1.022329e-02 3.370316e-04
3.072222e+01 9.330213e-03 3.036959e-04
3.111111e+01 8.510990e-03 2.735675e-04
3.150000e+01 7.759992e-03 2.463489e-04
3.188889e+01 7.071978e-03 2.217693e-04
3.227778e+01 6.442071e-03 1.995822e-04
3.266667e+01 5.865738e-03 1.795634e-04
3.305556e+01 5.338759e-03 1.615087e-04
3.344444e+01 4.857200e-03 1.452319e-04
3.383333e+01 4.417386e-03 1.305631e-04
3.422222e+01 4.015860e-03 1.173466e-04
3.461111e+01 3.649353e-03 1.054388e-04
3.500000e+01 3.314740e-03 9.470686e-05
3.538889e+01 3.009889e-03 8.505180e-05
3.577778e+01 2.732068e-03 7.636216e-05
3.616667e+01 2.479007e-03 6.854397e-05
3.655556e+01 2.248605e-03 6.151200e-05
3.694444e+01 2.038929e-03 5.518905e-05
3.733333e+01 1.848194e-03 4.950521e-05
3.772222e+01 1.674762e-03 4.439721e-05
3.811111e+01 1.517123e-03 3.980789e-05
3.850000e+01 1.373894e-03 3.568557e-05
3.888889e+01 1.243807e-03 3.198360e-05
3.927778e+01 1.125697e-03 2.865989e-05
3.966667e+01 1.018500e-03 2.567646e-05
4.005556e+01 9.212418e-04 2.299910e-05
4.044444e+01 8.330324e-04 2.059696e-05
4.083333e+01 7.530577e-04 1.844223e-05
4.122222e+01 6.805742e-04 1.650989e-05
4.161111e+01 6.149033e-04 1.477738e-05
4.200000e+01 5.554251e-04 1.322441e-05
4.238889e+01 5.015737e-04 1.183267e-05
4.277778e+01 4.528325e-04 1.058569e-05
4.316667e+01 4.087300e-04 9.468648e-06
4.355556e+01 3.688357e-04 8.468167e-06
4.394444e+01 3.327572e-04 7.572224e-06
4.433333e+01 3.001366e-04 6.770000e-06
4.472222e+01 2.706485e-04 6.051769e-06
4.511111e+01 2.439974e-04 5.408810e-06
4.550000e+01 2.199162e-04 4.833323e-06
4.588889e+01 1.981647e-04 4.318360e-06
4.627778e+01 1.785291e-04 3.857772e-06
4.666667e+01 1.608210e-04 3.446164e-06
4.705556e+01 1.448317e-04 3.077886e-06
4.744444e+01 1.304027e-04 2.748535e-06
4.783333e+01 1.173867e-04 2.454078e-06
4.822222e+01 1.056490e-04 2.190878e-06
4.861111e+01 9.506701e-05 1.955664e-06
4.900000e+01 8.552927e-05 1.745495e-06
4.938889e+01 7.693458e-05 1.557730e-06
4.977778e+01 6.919115e-05 1.390001e-06
5.016667e+01 6.221591e-05 1.240184e-06
5.055556e+01 5.593368e-05 1.106380e-06
5.094444e+01 5.027656e-05 9.868899e-07
5.133333e+01 4.518324e-05 8.801930e-07
5.172222e+01 4.059840e-05 7.849315e-07
5.211111e+01 3.647213e-05 6.998916e-07
5.250000e+01 3.275940e-05 6.239885e-07
5.288889e+01 2.941959e-05 5.562527e-07
5.327778e+01 2.641601e-05 4.958168e-07
5.366667e+01 2.371554e-05 4.419044e-07
5.405556e+01 2.128818e-05 3.938204e-07
5.444444e+01 1.910681e-05 3.509414e-07
5.483333e+01 1.714684e-05 3.127084e-07
5.522222e+01 1.538601e-05 2.786199e-07
5.561111e+01 1.380413e-05 2.482261e-07
5.600000e+01 1.238296e-05 2.211243e-07
5.638889e+01 1.110606e-05 1.969547e-07
5.677778e+01 9.958702e-06 1.753979e-07
5.716667e+01 8.927848e-06 1.561723e-07
5.755556e+01 8.002115e-06 1.390329e-07
5.794444e+01 7.171830e-06 1.237708e-07
5.833333e+01 6.429096e-06 1.102131e-07
5.872222e+01 5.761274e-06 9.811062e-08
5.911111e+01 5.161985e-06 8.732682e-08
5.950000e+01 4.624377e-06 7.772062e-08
5.988889e+01 4.142233e-06 6.916531e-08
6.027778e+01 3.709926e-06 6.154716e-08
6.066667e+01 3.322369e-06 5.476432e-08
6.105556e+01 2.974973e-06 4.872567e-08
6.144444e+01 2.663606e-06 4.334983e-08
6.183333e+01 2.384553e-06 3.856420e-08
6.222222e+01 2.134477e-06 3.430410e-08
6.261111e+01 1.910385e-06 3.051191e-08
6.300000e+01 1.709594e-06 2.713640e-08
6.338889e+01 1.529700e-06 2.413199e-08
6.377778e+01 1.368553e-06 2.145815e-08
6.416667e+01 1.224224e-06 1.907881e-08
6.455556e+01 1.094984e-06 1.696188e-08
6.494444e+01 9.792828e-07 1.507878e-08
6.533333e+01 8.757274e-07 1.340399e-08
6.572222e+01 7.830638e-07 1.191475e-08
6.611111e+01 7.001621e-07 1.059069e-08
6.650000e+01 6.260024e-07 9.413571e-09
6.688889e+01 5.596642e-07 8.367072e-09
6.727778e+01 5.003161e-07 7.436573e-09
6.766667e+01 4.472098e-07 6.609012e-09
6.805556e+01 3.996747e-07 5.872771e-09
6.844444e+01 3.571152e-07 5.217592e-09
6.883333e+01 3.190104e-07 4.634534e-09
6.922222e+01 2.849159e-07 4.115960e-09
6.961111e+01 2.544673e-07 3.655556e-09
7.000000e+01 2.273865e-07 3.248379e-09
7.077778e+01 1.815750e-07 2.565424e-09
7.155556e+01 1.447105e-07 2.022352e-09
7.233333e+01 1.151858e-07 1.592431e-09
7.311111e+01 9.163574e-08 1.253376e-09
7.388889e+01 7.291113e-08 9.867672e-10
7.466667e+01 5.805379e-08 7.775062e-10
7.544444e+01 4.627316e-08 6.133408e-10
7.622222e+01 3.692442e-08 4.844312e-10
7.700000e+01 2.948827e-08 3.829645e-10
7.777778e+01 2.355205e-08 3.028120e-10
7.855556e+01 1.879251e-08 2.392258e-10
7.933333e+01 1.496010e-08 1.885726e-10
8.011111e+01 1.186466e-08 1.481026e-10
8.088889e+01 9.362845e-09 1.157495e-10
8.166667e+01 7.346859e-09 8.996154e-11
8.244444e+01 5.734861e-09 6.956030e-11
8.322222e+01 4.462831e-09 5.362547e-11
8.400000e+01 3.477978e-09 4.140450e-11
8.477778e+01 2.733667e-09 3.224508e-11
8.555556e+01 2.185873e-09 2.554916e-11
8.633333e+01 1.791162e-09 2.074704e-11
8.711111e+01 1.506191e-09 1.729045e-11
8.788889e+01 1.288738e-09 1.466326e-11
8.866667e+01 1.100252e-09 1.240885e-11
8.944444e+01 9.099297e-10 1.017313e-11
9.022222e+01 7.003190e-10 7.762157e-12
9.100000e+01 4.744412e-10 5.213640e-12
9.177778e+01 2.644429e-10 2.881339e-12
9.255556e+01 1.417703e-10 1.531732e-12
9.333333e+01 2.288684e-10 2.452161e-12
9.488889e+01 1.472549e-10 1.551867e-12
9.644444e+01 9.146997e-11 9.484213e-13
9.800000e+01 5.479283e-11 5.591105e-13
9.955556e+01 3.182493e-11 3.196701e-13
1.011111e+02 1.831636e-11 1.811508e-13
1.026667e+02 1.100352e-11 1.071772e-13
1.042222e+02 7.458377e-12 7.156225e-14
1.057778e+02 5.948991e-12 5.624046e-14
1.073333e+02 5.311580e-12 4.948677e-14
1.088889e+02 4.833951e-12 4.439343e-14
1.104444e+02 4.150367e-12 3.757878e-14
1.120000e+02 3.147847e-12 2.810578e-14
1.135556e+02 1.883874e-12 1.658989e-14
1.151111e+02 5.155427e-13 4.478653e-15
1.166667e+02 -7.598790e-13 -6.513249e-15
1.182222e+02 -1.752962e-12 -1.482769e-14
1.197778e+02 -2.318704e-12 -1.935838e-14
1.213333e+02 -2.381692e-12 -1.962933e-14
1.228889e+02 -1.949846e-12 -1.586674e-14
1.244444e+02 -1.116732e-12 -8.973743e-15
1.260000e+02 -5.245707e-14 -4.163259e-16
1.275556e+02 1.016864e-12 7.971927e-15
1.291111e+02 1.841059e-12 1.425950e-14
1.306667e+02 2.189284e-12 1.675473e-14
1.322222e+02 1.904819e-12 1.440620e-14
1.337778e+02 9.712993e-13 7.260543e-15
1.353333e+02 -4.096380e-13 -3.026882e-15
1.368889e+02 -1.729277e-12 -1.263271e-14
1.384444e+02 -2.071327e-12 -1.496143e-14
1.400000e+02 0.000000e+00
