# 
# Output from EIGENRAD program.
# 
# Eigenfunction for specific electronic state.
# The first column contains radius $r$ in bohr units.
# The second column holds value of eginefunction.
# 
# Use this file with gnuplot to create the plot.
#
0.000000e+00 0.000000e+00 2.089295e-06
3.472222e-02 3.610500e-05 1.039824e-03
6.944444e-02 1.442257e-04 2.076850e-03
1.041667e-01 3.241083e-04 3.111440e-03
1.388889e-01 5.752707e-04 4.141949e-03
1.736111e-01 8.970159e-04 5.166812e-03
2.083333e-01 1.288446e-03 6.184540e-03
2.430556e-01 1.748475e-03 7.193724e-03
2.777778e-01 2.275842e-03 8.193031e-03
3.125000e-01 2.869125e-03 9.181200e-03
3.472222e-01 3.526752e-03 1.015705e-02
3.819444e-01 4.247014e-03 1.111946e-02
4.166667e-01 5.028077e-03 1.206739e-02
4.513889e-01 5.867994e-03 1.299986e-02
4.861111e-01 6.764714e-03 1.391598e-02
5.208333e-01 7.716099e-03 1.481491e-02
5.555556e-01 8.719929e-03 1.569587e-02
5.902778e-01 9.773915e-03 1.655816e-02
6.250000e-01 1.087571e-02 1.740114e-02
6.597222e-01 1.202292e-02 1.822421e-02
6.944444e-01 1.321311e-02 1.902688e-02
7.291667e-01 1.444381e-02 1.980866e-02
7.638889e-01 1.571256e-02 2.056917e-02
7.986111e-01 1.701684e-02 2.130805e-02
8.333333e-01 1.835418e-02 2.202502e-02
8.680556e-01 1.972208e-02 2.271984e-02
9.027778e-01 2.111808e-02 2.339234e-02
9.375000e-01 2.253973e-02 2.404238e-02
9.722222e-01 2.398461e-02 2.466988e-02
1.006944e+00 2.545034e-02 2.527482e-02
1.041667e+00 2.693461e-02 2.585722e-02
1.076389e+00 2.843495e-02 2.641698e-02
1.111111e+00 2.994913e-02 2.695422e-02
1.145833e+00 3.147490e-02 2.746900e-02
1.180556e+00 3.301003e-02 2.796144e-02
1.215278e+00 3.455236e-02 2.843166e-02
1.250000e+00 3.609977e-02 2.887981e-02
1.284722e+00 3.765018e-02 2.930609e-02
1.319444e+00 3.920159e-02 2.971068e-02
1.354167e+00 4.075203e-02 3.009381e-02
1.388889e+00 4.229957e-02 3.045569e-02
1.423611e+00 4.384236e-02 3.079659e-02
1.458333e+00 4.537859e-02 3.111675e-02
1.493056e+00 4.690650e-02 3.141645e-02
1.527778e+00 4.842439e-02 3.169597e-02
1.562500e+00 4.993061e-02 3.195559e-02
1.597222e+00 5.142357e-02 3.219563e-02
1.631944e+00 5.290172e-02 3.241637e-02
1.666667e+00 5.436358e-02 3.261815e-02
1.701389e+00 5.580771e-02 3.280127e-02
1.736111e+00 5.723274e-02 3.296606e-02
1.770833e+00 5.863733e-02 3.311284e-02
1.805556e+00 6.002021e-02 3.324196e-02
1.840278e+00 6.138015e-02 3.335374e-02
1.875000e+00 6.271599e-02 3.344853e-02
1.909722e+00 6.402659e-02 3.352665e-02
1.944444e+00 6.531088e-02 3.358845e-02
1.979167e+00 6.656784e-02 3.363428e-02
2.013889e+00 6.779649e-02 3.366446e-02
2.048611e+00 6.899588e-02 3.367935e-02
2.083333e+00 7.016514e-02 3.367927e-02
2.152778e+00 7.240995e-02 3.363559e-02
2.222222e+00 7.452474e-02 3.353613e-02
2.291667e+00 7.650401e-02 3.338357e-02
2.361111e+00 7.834293e-02 3.318053e-02
2.430556e+00 8.003729e-02 3.292963e-02
2.500000e+00 8.158350e-02 3.263340e-02
2.569444e+00 8.297857e-02 3.229436e-02
2.638889e+00 8.422004e-02 3.191496e-02
2.708333e+00 8.530598e-02 3.149759e-02
2.777778e+00 8.623499e-02 3.104460e-02
2.847222e+00 8.700611e-02 3.055824e-02
2.916667e+00 8.761885e-02 3.004075e-02
2.986111e+00 8.807316e-02 2.949427e-02
3.055556e+00 8.836936e-02 2.892088e-02
3.125000e+00 8.850818e-02 2.832262e-02
3.194444e+00 8.849069e-02 2.770143e-02
3.263889e+00 8.831832e-02 2.705923e-02
3.333333e+00 8.799279e-02 2.639784e-02
3.402778e+00 8.751613e-02 2.571902e-02
3.472222e+00 8.689063e-02 2.502450e-02
3.541667e+00 8.611887e-02 2.431592e-02
3.611111e+00 8.520362e-02 2.359485e-02
3.680556e+00 8.414791e-02 2.286283e-02
3.750000e+00 8.295496e-02 2.212132e-02
3.819444e+00 8.162816e-02 2.137174e-02
3.888889e+00 8.017108e-02 2.061542e-02
3.958333e+00 7.858746e-02 1.985367e-02
4.027778e+00 7.688116e-02 1.908774e-02
4.097222e+00 7.505616e-02 1.831879e-02
4.166667e+00 7.311658e-02 1.754798e-02
4.305556e+00 6.891113e-02 1.600517e-02
4.444444e+00 6.429805e-02 1.446706e-02
4.583333e+00 5.931363e-02 1.294115e-02
4.722222e+00 5.399453e-02 1.143413e-02
4.861111e+00 4.837763e-02 9.951970e-03
5.000000e+00 4.249981e-02 8.499961e-03
5.138889e+00 3.639772e-02 7.082799e-03
5.277778e+00 3.010765e-02 5.704606e-03
5.416667e+00 2.366532e-02 4.368982e-03
5.555556e+00 1.710576e-02 3.079036e-03
5.694444e+00 1.046314e-02 1.837430e-03
5.833333e+00 3.770663e-03 6.463994e-04
5.972222e+00 -2.939573e-03 -4.922076e-04
6.111111e+00 -9.636665e-03 -1.576909e-03
6.250000e+00 -1.629100e-02 -2.606560e-03
6.388889e+00 -2.287433e-02 -3.580330e-03
6.527778e+00 -2.935985e-02 -4.497679e-03
6.666667e+00 -3.572223e-02 -5.358335e-03
6.805556e+00 -4.193769e-02 -6.162272e-03
6.944444e+00 -4.798397e-02 -6.909692e-03
7.083333e+00 -5.384042e-02 -7.601001e-03
7.222222e+00 -5.948794e-02 -8.236792e-03
7.361111e+00 -6.490899e-02 -8.817825e-03
7.500000e+00 -7.008759e-02 -9.345012e-03
7.638889e+00 -7.500923e-02 -9.819390e-03
7.777778e+00 -7.966089e-02 -1.024211e-02
7.916667e+00 -8.403091e-02 -1.061443e-02
8.055556e+00 -8.810898e-02 -1.093767e-02
8.194444e+00 -9.188600e-02 -1.121321e-02
8.333333e+00 -9.535401e-02 -1.144248e-02
8.472222e+00 -9.850804e-02 -1.162718e-02
8.611111e+00 -1.013429e-01 -1.176885e-02
8.750000e+00 -1.038547e-01 -1.186911e-02
8.888889e+00 -1.060412e-01 -1.192964e-02
9.027778e+00 -1.079009e-01 -1.195210e-02
9.166667e+00 -1.094336e-01 -1.193821e-02
9.305556e+00 -1.106399e-01 -1.188967e-02
9.444444e+00 -1.115218e-01 -1.180819e-02
9.583333e+00 -1.120817e-01 -1.169548e-02
9.722222e+00 -1.123232e-01 -1.155324e-02
9.861111e+00 -1.122506e-01 -1.138316e-02
1.000000e+01 -1.118691e-01 -1.118691e-02
1.013889e+01 -1.111845e-01 -1.096614e-02
1.027778e+01 -1.102031e-01 -1.072246e-02
1.041667e+01 -1.089322e-01 -1.045749e-02
1.055556e+01 -1.073793e-01 -1.017277e-02
1.069444e+01 -1.055526e-01 -9.869856e-03
1.083333e+01 -1.034609e-01 -9.550233e-03
1.097222e+01 -1.011131e-01 -9.215367e-03
1.111111e+01 -9.851869e-02 -8.866682e-03
1.125000e+01 -9.568758e-02 -8.505563e-03
1.138889e+01 -9.262985e-02 -8.133353e-03
1.152778e+01 -8.935590e-02 -7.751355e-03
1.166667e+01 -8.587634e-02 -7.360829e-03
1.180556e+01 -8.220197e-02 -6.962990e-03
1.194444e+01 -7.834375e-02 -6.559011e-03
1.208333e+01 -7.431274e-02 -6.150020e-03
1.222222e+01 -7.012010e-02 -5.737099e-03
1.236111e+01 -6.577703e-02 -5.321288e-03
1.250000e+01 -6.129472e-02 -4.903578e-03
1.263889e+01 -5.668454e-02 -4.484931e-03
1.277778e+01 -5.195762e-02 -4.066248e-03
1.291667e+01 -4.712514e-02 -3.648398e-03
1.305556e+01 -4.219822e-02 -3.232204e-03
1.319444e+01 -3.718785e-02 -2.818447e-03
1.333333e+01 -3.210490e-02 -2.407867e-03
1.347222e+01 -2.696012e-02 -2.001163e-03
1.361111e+01 -2.176408e-02 -1.598994e-03
1.375000e+01 -1.652720e-02 -1.201978e-03
1.388889e+01 -1.125969e-02 -8.106977e-04
1.402778e+01 -5.971576e-03 -4.256965e-04
1.416667e+01 -6.726614e-04 -4.748198e-05
1.430556e+01 4.627477e-03 3.234741e-04
1.444444e+01 9.919500e-03 6.867346e-04
1.458333e+01 1.519432e-02 1.041896e-03
1.472222e+01 2.044309e-02 1.388587e-03
1.486111e+01 2.565726e-02 1.726470e-03
1.500000e+01 3.082852e-02 2.055234e-03
1.513889e+01 3.594886e-02 2.374604e-03
1.527778e+01 4.101055e-02 2.684327e-03
1.541667e+01 4.600616e-02 2.984183e-03
1.555556e+01 5.092852e-02 3.273977e-03
1.569444e+01 5.577080e-02 3.553538e-03
1.583333e+01 6.052644e-02 3.822723e-03
1.597222e+01 6.518918e-02 4.081410e-03
1.611111e+01 6.975306e-02 4.329501e-03
1.625000e+01 7.421243e-02 4.566919e-03
1.638889e+01 7.856192e-02 4.793609e-03
1.652778e+01 8.279645e-02 5.009533e-03
1.666667e+01 8.691124e-02 5.214675e-03
1.694444e+01 9.476361e-02 5.592606e-03
1.722222e+01 1.020880e-01 5.927690e-03
1.750000e+01 1.088560e-01 6.220345e-03
1.777778e+01 1.150441e-01 6.471233e-03
1.805556e+01 1.206332e-01 6.681221e-03
1.833333e+01 1.256082e-01 6.851357e-03
1.861111e+01 1.299584e-01 6.982842e-03
1.888889e+01 1.336768e-01 7.077006e-03
1.916667e+01 1.367597e-01 7.135288e-03
1.944444e+01 1.392070e-01 7.159217e-03
1.972222e+01 1.410216e-01 7.150393e-03
2.000000e+01 1.422094e-01 7.110472e-03
2.027778e+01 1.427789e-01 7.041152e-03
2.055556e+01 1.427411e-01 6.944161e-03
2.083333e+01 1.421092e-01 6.821241e-03
2.111111e+01 1.408986e-01 6.674145e-03
2.138889e+01 1.391266e-01 6.504620e-03
2.166667e+01 1.368121e-01 6.314403e-03
2.194444e+01 1.339754e-01 6.105210e-03
2.222222e+01 1.306385e-01 5.878731e-03
2.250000e+01 1.268240e-01 5.636623e-03
2.277778e+01 1.225560e-01 5.380507e-03
2.305556e+01 1.178590e-01 5.111955e-03
2.333333e+01 1.127582e-01 4.832495e-03
2.361111e+01 1.072795e-01 4.543602e-03
2.388889e+01 1.014487e-01 4.246692e-03
2.416667e+01 9.529215e-02 3.943124e-03
2.444444e+01 8.883584e-02 3.634194e-03
2.472222e+01 8.210579e-02 3.321133e-03
2.500000e+01 7.512765e-02 3.005106e-03
2.527778e+01 6.792833e-02 2.687275e-03
2.555556e+01 6.053256e-02 2.368666e-03
2.583333e+01 5.296555e-02 2.050279e-03
2.611111e+01 4.525192e-02 1.733052e-03
2.638889e+01 3.741570e-02 1.417858e-03
2.666667e+01 2.948027e-02 1.105510e-03
2.694444e+01 2.146831e-02 7.967620e-04
2.722222e+01 1.340176e-02 4.923096e-04
2.750000e+01 5.301822e-03 1.927935e-04
2.777778e+01 -2.811111e-03 -1.012000e-04
2.805556e+01 -1.091746e-02 -3.891371e-04
2.833333e+01 -1.899847e-02 -6.705344e-04
2.861111e+01 -2.703627e-02 -9.449571e-04
2.888889e+01 -3.501384e-02 -1.212018e-03
2.916667e+01 -4.291505e-02 -1.471373e-03
2.944444e+01 -5.072465e-02 -1.722724e-03
2.972222e+01 -5.842830e-02 -1.965812e-03
3.000000e+01 -6.601256e-02 -2.200419e-03
3.027778e+01 -7.346486e-02 -2.426362e-03
3.055556e+01 -8.077354e-02 -2.643498e-03
3.083333e+01 -8.792780e-02 -2.851712e-03
3.111111e+01 -9.491769e-02 -3.050926e-03
3.138889e+01 -1.017341e-01 -3.241088e-03
3.166667e+01 -1.083689e-01 -3.422176e-03
3.194444e+01 -1.148145e-01 -3.594192e-03
3.222222e+01 -1.210642e-01 -3.757164e-03
3.250000e+01 -1.271120e-01 -3.911140e-03
3.277778e+01 -1.329528e-01 -4.056189e-03
3.305556e+01 -1.385820e-01 -4.192396e-03
3.333333e+01 -1.439955e-01 -4.319866e-03
3.361111e+01 -1.491906e-01 -4.438728e-03
3.388889e+01 -1.541645e-01 -4.549117e-03
3.416667e+01 -1.589154e-01 -4.651184e-03
3.444444e+01 -1.634420e-01 -4.745090e-03
3.472222e+01 -1.677433e-01 -4.831007e-03
3.500000e+01 -1.718192e-01 -4.909119e-03
3.527778e+01 -1.756698e-01 -4.979616e-03
3.555556e+01 -1.792959e-01 -5.042696e-03
3.583333e+01 -1.826985e-01 -5.098564e-03
3.611111e+01 -1.858794e-01 -5.147428e-03
3.638889e+01 -1.888403e-01 -5.189503e-03
3.666667e+01 -1.915836e-01 -5.225007e-03
3.694444e+01 -1.941119e-01 -5.254158e-03
3.722222e+01 -1.964283e-01 -5.277179e-03
3.750000e+01 -1.985359e-01 -5.294292e-03
3.777778e+01 -2.004384e-01 -5.305721e-03
3.805556e+01 -2.021393e-01 -5.311691e-03
3.833333e+01 -2.036428e-01 -5.312422e-03
3.861111e+01 -2.049531e-01 -5.308137e-03
3.888889e+01 -2.060744e-01 -5.299057e-03
3.916667e+01 -2.070114e-01 -5.285398e-03
3.944444e+01 -2.077688e-01 -5.267377e-03
3.972222e+01 -2.083513e-01 -5.245206e-03
4.000000e+01 -2.087638e-01 -5.219095e-03
4.027778e+01 -2.090114e-01 -5.189248e-03
4.055556e+01 -2.090991e-01 -5.155869e-03
4.083333e+01 -2.090322e-01 -5.119156e-03
4.111111e+01 -2.088157e-01 -5.079301e-03
4.138889e+01 -2.084549e-01 -5.036495e-03
4.166667e+01 -2.079551e-01 -4.990922e-03
4.194444e+01 -2.073214e-01 -4.942762e-03
4.222222e+01 -2.065592e-01 -4.892191e-03
4.250000e+01 -2.056736e-01 -4.839379e-03
4.277778e+01 -2.046699e-01 -4.784491e-03
4.305556e+01 -2.035532e-01 -4.727688e-03
4.333333e+01 -2.023287e-01 -4.669124e-03
4.361111e+01 -2.010015e-01 -4.608951e-03
4.388889e+01 -1.995765e-01 -4.547312e-03
4.416667e+01 -1.980587e-01 -4.484348e-03
4.444444e+01 -1.964530e-01 -4.420193e-03
4.472222e+01 -1.947642e-01 -4.354977e-03
4.500000e+01 -1.929971e-01 -4.288824e-03
4.527778e+01 -1.911562e-01 -4.221855e-03
4.555556e+01 -1.892461e-01 -4.154183e-03
4.583333e+01 -1.872713e-01 -4.085919e-03
4.611111e+01 -1.852360e-01 -4.017167e-03
4.638889e+01 -1.831447e-01 -3.948029e-03
4.666667e+01 -1.810013e-01 -3.878599e-03
4.694444e+01 -1.788099e-01 -3.808969e-03
4.722222e+01 -1.765745e-01 -3.739225e-03
4.750000e+01 -1.742989e-01 -3.669451e-03
4.777778e+01 -1.719868e-01 -3.599723e-03
4.805556e+01 -1.696417e-01 -3.530117e-03
4.833333e+01 -1.672672e-01 -3.460701e-03
4.861111e+01 -1.648666e-01 -3.391542e-03
4.888889e+01 -1.624432e-01 -3.322702e-03
4.916667e+01 -1.600001e-01 -3.254240e-03
4.944444e+01 -1.575404e-01 -3.186210e-03
4.972222e+01 -1.550670e-01 -3.118665e-03
5.000000e+01 -1.525826e-01 -3.051652e-03
5.055556e+01 -1.475919e-01 -2.919401e-03
5.111111e+01 -1.425884e-01 -2.789772e-03
5.166667e+01 -1.375907e-01 -2.663045e-03
5.222222e+01 -1.326159e-01 -2.539453e-03
5.277778e+01 -1.276794e-01 -2.419188e-03
5.333333e+01 -1.227950e-01 -2.302407e-03
5.388889e+01 -1.179752e-01 -2.189231e-03
5.444444e+01 -1.132309e-01 -2.079752e-03
5.500000e+01 -1.085718e-01 -1.974033e-03
5.555556e+01 -1.040064e-01 -1.872115e-03
5.611111e+01 -9.954184e-02 -1.774013e-03
5.666667e+01 -9.518449e-02 -1.679726e-03
5.722222e+01 -9.093951e-02 -1.589234e-03
5.777778e+01 -8.681118e-02 -1.502501e-03
5.833333e+01 -8.280291e-02 -1.419478e-03
5.888889e+01 -7.891731e-02 -1.340105e-03
5.944444e+01 -7.515624e-02 -1.264311e-03
6.000000e+01 -7.152089e-02 -1.192015e-03
6.055556e+01 -6.801183e-02 -1.123131e-03
6.111111e+01 -6.462907e-02 -1.057567e-03
6.166667e+01 -6.137211e-02 -9.952234e-04
6.222222e+01 -5.824000e-02 -9.360000e-04
6.277778e+01 -5.523139e-02 -8.797921e-04
6.333333e+01 -5.234458e-02 -8.264933e-04
6.388889e+01 -4.957755e-02 -7.759965e-04
6.444444e+01 -4.692804e-02 -7.281938e-04
6.500000e+01 -4.439357e-02 -6.829780e-04
6.555556e+01 -4.197146e-02 -6.402427e-04
6.611111e+01 -3.965892e-02 -5.998828e-04
6.666667e+01 -3.745304e-02 -5.617956e-04
6.777778e+01 -3.334636e-02 -4.919954e-04
6.888889e+01 -2.963054e-02 -4.301208e-04
7.000000e+01 -2.627705e-02 -3.753865e-04
7.111111e+01 -2.325836e-02 -3.270707e-04
7.222222e+01 -2.054803e-02 -2.845112e-04
7.333333e+01 -1.812074e-02 -2.471010e-04
7.444444e+01 -1.595240e-02 -2.142860e-04
7.555556e+01 -1.402013e-02 -1.855606e-04
7.666667e+01 -1.230233e-02 -1.604652e-04
7.777778e+01 -1.077868e-02 -1.385831e-04
7.888889e+01 -9.430174e-03 -1.195374e-04
8.000000e+01 -8.239110e-03 -1.029889e-04
8.111111e+01 -7.189094e-03 -8.863266e-05
8.222222e+01 -6.265024e-03 -7.619624e-05
8.333333e+01 -5.453070e-03 -6.543684e-05
8.444444e+01 -4.740637e-03 -5.613912e-05
8.555556e+01 -4.116332e-03 -4.811297e-05
8.666667e+01 -3.569906e-03 -4.119123e-05
8.777778e+01 -3.092205e-03 -3.522765e-05
8.888889e+01 -2.675091e-03 -3.009477e-05
9.000000e+01 -2.311375e-03 -2.568194e-05
9.111111e+01 -1.994725e-03 -2.189333e-05
9.222222e+01 -1.719573e-03 -1.864597e-05
9.333333e+01 -1.481010e-03 -1.586797e-05
9.444444e+01 -1.274673e-03 -1.349653e-05
9.555556e+01 -1.096621e-03 -1.147627e-05
9.666667e+01 -9.432067e-04 -9.757310e-06
9.777778e+01 -8.109324e-04 -8.293627e-06
9.888889e+01 -6.963018e-04 -7.041254e-06
1.000000e+02 -5.956607e-04 -5.956607e-06
1.003333e+02 -5.686538e-04 -5.667646e-06
1.006667e+02 -5.428324e-04 -5.392375e-06
1.010000e+02 -5.181467e-04 -5.130165e-06
1.013333e+02 -4.945486e-04 -4.880414e-06
1.016667e+02 -4.719922e-04 -4.642546e-06
1.020000e+02 -4.504333e-04 -4.416012e-06
1.023333e+02 -4.298294e-04 -4.200287e-06
1.026667e+02 -4.101399e-04 -3.994869e-06
1.030000e+02 -3.913258e-04 -3.799279e-06
1.033333e+02 -3.733495e-04 -3.613059e-06
1.036667e+02 -3.561751e-04 -3.435772e-06
1.040000e+02 -3.397681e-04 -3.267001e-06
1.043333e+02 -3.240955e-04 -3.106347e-06
1.046667e+02 -3.091256e-04 -2.953429e-06
1.050000e+02 -2.948280e-04 -2.807886e-06
1.053333e+02 -2.811735e-04 -2.669369e-06
1.056667e+02 -2.681342e-04 -2.537547e-06
1.060000e+02 -2.556833e-04 -2.412107e-06
1.063333e+02 -2.437952e-04 -2.292745e-06
1.066667e+02 -2.324452e-04 -2.179174e-06
1.070000e+02 -2.216099e-04 -2.071121e-06
1.073333e+02 -2.112666e-04 -1.968322e-06
1.076667e+02 -2.013937e-04 -1.870529e-06
1.080000e+02 -1.919704e-04 -1.777504e-06
1.083333e+02 -1.829770e-04 -1.689018e-06
1.086667e+02 -1.743944e-04 -1.604856e-06
1.090000e+02 -1.662044e-04 -1.524811e-06
1.093333e+02 -1.583897e-04 -1.448686e-06
1.096667e+02 -1.509335e-04 -1.376294e-06
1.100000e+02 -1.438200e-04 -1.307454e-06
1.103667e+02 -1.363725e-04 -1.235632e-06
1.107333e+02 -1.293017e-04 -1.167685e-06
1.111000e+02 -1.225890e-04 -1.103411e-06
1.114667e+02 -1.162168e-04 -1.042615e-06
1.118333e+02 -1.101683e-04 -9.851116e-07
1.122000e+02 -1.044276e-04 -9.307271e-07
1.125667e+02 -9.897934e-05 -8.792953e-07
1.129333e+02 -9.380909e-05 -8.306590e-07
1.133000e+02 -8.890304e-05 -7.846694e-07
1.136667e+02 -8.424802e-05 -7.411850e-07
1.140333e+02 -7.983153e-05 -7.000719e-07
1.144000e+02 -7.564166e-05 -6.612034e-07
1.147667e+02 -7.166708e-05 -6.244590e-07
1.151333e+02 -6.789700e-05 -5.897250e-07
1.155000e+02 -6.432117e-05 -5.568932e-07
1.158667e+02 -6.092982e-05 -5.258615e-07
1.162333e+02 -5.771368e-05 -4.965330e-07
1.166000e+02 -5.466392e-05 -4.688157e-07
1.169667e+02 -5.177213e-05 -4.426229e-07
1.173333e+02 -4.903032e-05 -4.178721e-07
1.177000e+02 -4.643091e-05 -3.944852e-07
1.180667e+02 -4.396665e-05 -3.723884e-07
1.184333e+02 -4.163070e-05 -3.515117e-07
1.188000e+02 -3.941650e-05 -3.317887e-07
1.191667e+02 -3.731786e-05 -3.131569e-07
1.195333e+02 -3.532888e-05 -2.955567e-07
1.199000e+02 -3.344394e-05 -2.789320e-07
1.202667e+02 -3.165774e-05 -2.632296e-07
1.206333e+02 -2.996522e-05 -2.483992e-07
1.210000e+02 -2.836160e-05 -2.343934e-07
1.214033e+02 -2.669480e-05 -2.198852e-07
1.218067e+02 -2.512423e-05 -2.062632e-07
1.222100e+02 -2.364446e-05 -1.934740e-07
1.226133e+02 -2.225035e-05 -1.814676e-07
1.230167e+02 -2.093705e-05 -1.701968e-07
1.234200e+02 -1.969996e-05 -1.596173e-07
1.238233e+02 -1.853476e-05 -1.496871e-07
1.242267e+02 -1.743734e-05 -1.403671e-07
1.246300e+02 -1.640383e-05 -1.316202e-07
1.250333e+02 -1.543059e-05 -1.234118e-07
1.254367e+02 -1.451415e-05 -1.157090e-07
1.258400e+02 -1.365128e-05 -1.084812e-07
1.262433e+02 -1.283889e-05 -1.016995e-07
1.266467e+02 -1.207408e-05 -9.533677e-08
1.270500e+02 -1.135413e-05 -8.936741e-08
1.274533e+02 -1.067644e-05 -8.376747e-08
1.278567e+02 -1.003859e-05 -7.851440e-08
1.282600e+02 -9.438269e-06 -7.358700e-08
1.286633e+02 -8.873312e-06 -6.896535e-08
1.290667e+02 -8.341672e-06 -6.463073e-08
1.294700e+02 -7.841418e-06 -6.056552e-08
1.298733e+02 -7.370726e-06 -5.675319e-08
1.302767e+02 -6.927876e-06 -5.317818e-08
1.306800e+02 -6.511248e-06 -4.982590e-08
1.310833e+02 -6.119312e-06 -4.668261e-08
1.314867e+02 -5.750626e-06 -4.373543e-08
1.318900e+02 -5.403832e-06 -4.097226e-08
1.322933e+02 -5.077653e-06 -3.838178e-08
1.326967e+02 -4.770890e-06 -3.595335e-08
1.331000e+02 -4.482416e-06 -3.367705e-08
1.335437e+02 -4.184914e-06 -3.133742e-08
1.339873e+02 -3.906879e-06 -2.915857e-08
1.344310e+02 -3.647058e-06 -2.712959e-08
1.348747e+02 -3.404279e-06 -2.524032e-08
1.353183e+02 -3.177441e-06 -2.348123e-08
1.357620e+02 -2.965512e-06 -2.184346e-08
1.362057e+02 -2.767524e-06 -2.031871e-08
1.366493e+02 -2.582572e-06 -1.889926e-08
1.370930e+02 -2.409807e-06 -1.757790e-08
1.375367e+02 -2.248436e-06 -1.634791e-08
1.379803e+02 -2.097717e-06 -1.520301e-08
1.384240e+02 -1.956953e-06 -1.413738e-08
1.388677e+02 -1.825494e-06 -1.314557e-08
1.393113e+02 -1.702732e-06 -1.222250e-08
1.397550e+02 -1.588098e-06 -1.136344e-08
1.401987e+02 -1.481059e-06 -1.056400e-08
1.406423e+02 -1.381117e-06 -9.820063e-09
1.410860e+02 -1.287804e-06 -9.127798e-09
1.415297e+02 -1.200686e-06 -8.483637e-09
1.419733e+02 -1.119354e-06 -7.884252e-09
1.424170e+02 -1.043424e-06 -7.326539e-09
1.428607e+02 -9.725388e-07 -6.807604e-09
1.433043e+02 -9.063636e-07 -6.324747e-09
1.437480e+02 -8.445846e-07 -5.875453e-09
1.441917e+02 -7.869083e-07 -5.457377e-09
1.446353e+02 -7.330606e-07 -5.068337e-09
1.450790e+02 -6.827856e-07 -4.706302e-09
1.455227e+02 -6.358450e-07 -4.369388e-09
1.459663e+02 -5.920172e-07 -4.055848e-09
1.464100e+02 -5.510969e-07 -3.764066e-09
1.468980e+02 -5.091987e-07 -3.466341e-09
1.473861e+02 -4.703284e-07 -3.191132e-09
1.478741e+02 -4.342613e-07 -2.936696e-09
1.483621e+02 -4.007879e-07 -2.701416e-09
1.488502e+02 -3.697128e-07 -2.483792e-09
1.493382e+02 -3.408540e-07 -2.282430e-09
1.498262e+02 -3.140419e-07 -2.096041e-09
1.503143e+02 -2.891184e-07 -1.923426e-09
1.508023e+02 -2.659365e-07 -1.763478e-09
1.512903e+02 -2.443588e-07 -1.615165e-09
1.517784e+02 -2.242576e-07 -1.477533e-09
1.522664e+02 -2.055135e-07 -1.349697e-09
1.527544e+02 -1.880152e-07 -1.230833e-09
1.532425e+02 -1.716584e-07 -1.120175e-09
1.537305e+02 -1.563458e-07 -1.017012e-09
1.542185e+02 -1.419858e-07 -9.206790e-10
1.547066e+02 -1.284925e-07 -8.305561e-10
1.551946e+02 -1.157849e-07 -7.460629e-10
1.556826e+02 -1.037866e-07 -6.666553e-10
1.561707e+02 -9.242516e-08 -5.918215e-10
1.566587e+02 -8.163160e-08 -5.210793e-10
1.571467e+02 -7.134030e-08 -4.539725e-10
1.576348e+02 -6.148840e-08 -3.900688e-10
1.581228e+02 -5.201553e-08 -3.289566e-10
1.586108e+02 -4.286351e-08 -2.702433e-10
1.590989e+02 -3.397606e-08 -2.135531e-10
1.595869e+02 -2.529855e-08 -1.585252e-10
1.600749e+02 -1.677779e-08 -1.048121e-10
1.605630e+02 -8.361881e-09 -5.207852e-11
1.610510e+02 -2.364381e-22
