# 
# Output from EIGENRAD program.
# 
# Eigenfunction for specific electronic state.
# The first column contains radius $r$ in bohr units.
# The second column holds value of eginefunction.
# 
# Use this file with gnuplot to create the plot.
#
0.000000e+00 0.000000e+00 7.412502e-07
1.111111e-01 3.735791e-08 3.362212e-07
2.222222e-01 3.570336e-07 1.606651e-06
3.333333e-01 1.879471e-06 5.638414e-06
4.444444e-01 5.958884e-06 1.340749e-05
5.555556e-01 1.432461e-05 2.578430e-05
6.666667e-01 2.902537e-05 4.353805e-05
7.777778e-01 5.237637e-05 6.734105e-05
8.888889e-01 8.690939e-05 9.777307e-05
1.000000e+00 1.353256e-04 1.353256e-04
1.111111e+00 2.004516e-04 1.804064e-04
1.222222e+00 2.851977e-04 2.333436e-04
1.333333e+00 3.925200e-04 2.943900e-04
1.444444e+00 5.253845e-04 3.637277e-04
1.555556e+00 6.867346e-04 4.414722e-04
1.666667e+00 8.794613e-04 5.276768e-04
1.777778e+00 1.106377e-03 6.223369e-04
1.888889e+00 1.370189e-03 7.253944e-04
2.000000e+00 1.673484e-03 8.367420e-04
2.111111e+00 2.018702e-03 9.562275e-04
2.222222e+00 2.408129e-03 1.083658e-03
2.333333e+00 2.843879e-03 1.218805e-03
2.444444e+00 3.327886e-03 1.361408e-03
2.555556e+00 3.861899e-03 1.511178e-03
2.666667e+00 4.447477e-03 1.667804e-03
2.777778e+00 5.085987e-03 1.830955e-03
2.888889e+00 5.778609e-03 2.000288e-03
3.000000e+00 6.526337e-03 2.175446e-03
3.111111e+00 7.329991e-03 2.356069e-03
3.222222e+00 8.190225e-03 2.541794e-03
3.333333e+00 9.107542e-03 2.732263e-03
3.444444e+00 1.008182e-02 2.926979e-03
3.555556e+00 1.111313e-02 3.125567e-03
3.666667e+00 1.220129e-02 3.327624e-03
3.777778e+00 1.334591e-02 3.532740e-03
3.888889e+00 1.454640e-02 3.740504e-03
4.000000e+00 1.580202e-02 3.950505e-03
4.111111e+00 1.711182e-02 4.162333e-03
4.222222e+00 1.847469e-02 4.375584e-03
4.333333e+00 1.988938e-02 4.589856e-03
4.444444e+00 2.135446e-02 4.804753e-03
4.555556e+00 2.286837e-02 5.019886e-03
4.666667e+00 2.442941e-02 5.234873e-03
4.777778e+00 2.603574e-02 5.449341e-03
4.888889e+00 2.768541e-02 5.662924e-03
5.000000e+00 2.937634e-02 5.875268e-03
5.111111e+00 3.110635e-02 6.086025e-03
5.222222e+00 3.287316e-02 6.294860e-03
5.333333e+00 3.467438e-02 6.501447e-03
5.444444e+00 3.650756e-02 6.705470e-03
5.555556e+00 3.837015e-02 6.906628e-03
5.666667e+00 4.025955e-02 7.104626e-03
5.777778e+00 4.217306e-02 7.299184e-03
5.888889e+00 4.410797e-02 7.490032e-03
6.000000e+00 4.606148e-02 7.676913e-03
6.111111e+00 4.803078e-02 7.859583e-03
6.222222e+00 5.001302e-02 8.037807e-03
6.333333e+00 5.200531e-02 8.211365e-03
6.444444e+00 5.400477e-02 8.380050e-03
6.555556e+00 5.600848e-02 8.543666e-03
6.666667e+00 5.801353e-02 8.702030e-03
6.888889e+00 6.201564e-02 9.002270e-03
7.111111e+00 6.598855e-02 9.279640e-03
7.333333e+00 6.990894e-02 9.533037e-03
7.555556e+00 7.375403e-02 9.761563e-03
7.777778e+00 7.750173e-02 9.964509e-03
8.000000e+00 8.113073e-02 1.014134e-02
8.222222e+00 8.462058e-02 1.029169e-02
8.444444e+00 8.795182e-02 1.041535e-02
8.666667e+00 9.110603e-02 1.051223e-02
8.888889e+00 9.406590e-02 1.058241e-02
9.111111e+00 9.681530e-02 1.062607e-02
9.333333e+00 9.933936e-02 1.064350e-02
9.555556e+00 1.016244e-01 1.063512e-02
9.777778e+00 1.036583e-01 1.060142e-02
1.000000e+01 1.054299e-01 1.054299e-02
1.022222e+01 1.069298e-01 1.046052e-02
1.044444e+01 1.081497e-01 1.035476e-02
1.066667e+01 1.090828e-01 1.022651e-02
1.088889e+01 1.097236e-01 1.007666e-02
1.111111e+01 1.100682e-01 9.906139e-03
1.133333e+01 1.101137e-01 9.715917e-03
1.155556e+01 1.098588e-01 9.507009e-03
1.177778e+01 1.093032e-01 9.280459e-03
1.200000e+01 1.084480e-01 9.037337e-03
1.222222e+01 1.072956e-01 8.778729e-03
1.244444e+01 1.058491e-01 8.505733e-03
1.266667e+01 1.041130e-01 8.219451e-03
1.288889e+01 1.020927e-01 7.920982e-03
1.311111e+01 9.979413e-02 7.611417e-03
1.333333e+01 9.722439e-02 7.291830e-03
1.355556e+01 9.439226e-02 6.963363e-03
1.377778e+01 9.130638e-02 6.627076e-03
1.400000e+01 8.797633e-02 6.284023e-03
1.422222e+01 8.441234e-02 5.935243e-03
1.444444e+01 8.062528e-02 5.581750e-03
1.466667e+01 7.662655e-02 5.224538e-03
1.488889e+01 7.242806e-02 4.864571e-03
1.511111e+01 6.804210e-02 4.502786e-03
1.533333e+01 6.348137e-02 4.140090e-03
1.555556e+01 5.875886e-02 3.777355e-03
1.577778e+01 5.388780e-02 3.415424e-03
1.600000e+01 4.888163e-02 3.055102e-03
1.622222e+01 4.375395e-02 2.697161e-03
1.644444e+01 3.851843e-02 2.342337e-03
1.666667e+01 3.318882e-02 1.991329e-03
1.688889e+01 2.777885e-02 1.644801e-03
1.711111e+01 2.230225e-02 1.303378e-03
1.733333e+01 1.677263e-02 9.676516e-04
1.755556e+01 1.120351e-02 6.381744e-04
1.777778e+01 5.608244e-03 3.154637e-04
1.800000e+01 9.863238e-09 5.479577e-10
1.822222e+01 -5.608246e-03 -3.077696e-04
1.844444e+01 -1.120383e-02 -6.074365e-04
1.866667e+01 -1.677432e-02 -8.986244e-04
1.888889e+01 -2.230762e-02 -1.180992e-03
1.911111e+01 -2.779195e-02 -1.454230e-03
1.933333e+01 -3.321589e-02 -1.718063e-03
1.955556e+01 -3.856840e-02 -1.972248e-03
1.977778e+01 -4.383884e-02 -2.216570e-03
2.000000e+01 -4.901696e-02 -2.450848e-03
2.022222e+01 -5.409287e-02 -2.674922e-03
2.044444e+01 -5.905726e-02 -2.888670e-03
2.066667e+01 -6.390114e-02 -3.091991e-03
2.088889e+01 -6.861599e-02 -3.284808e-03
2.111111e+01 -7.319374e-02 -3.467072e-03
2.133333e+01 -7.762682e-02 -3.638757e-03
2.155556e+01 -8.190810e-02 -3.799860e-03
2.177778e+01 -8.603094e-02 -3.950401e-03
2.200000e+01 -8.998917e-02 -4.090417e-03
2.222222e+01 -9.377707e-02 -4.219968e-03
2.244444e+01 -9.738939e-02 -4.339131e-03
2.266667e+01 -1.008214e-01 -4.448002e-03
2.288889e+01 -1.040687e-01 -4.546690e-03
2.311111e+01 -1.071274e-01 -4.635322e-03
2.333333e+01 -1.099942e-01 -4.714039e-03
2.355556e+01 -1.126661e-01 -4.782995e-03
2.377778e+01 -1.151405e-01 -4.842356e-03
2.400000e+01 -1.174152e-01 -4.892301e-03
2.422222e+01 -1.194887e-01 -4.933019e-03
2.444444e+01 -1.213595e-01 -4.964709e-03
2.466667e+01 -1.230269e-01 -4.987578e-03
2.488889e+01 -1.244903e-01 -5.001843e-03
2.511111e+01 -1.257496e-01 -5.007727e-03
2.533333e+01 -1.268050e-01 -5.005459e-03
2.555556e+01 -1.276571e-01 -4.995276e-03
2.577778e+01 -1.283068e-01 -4.977418e-03
2.600000e+01 -1.287554e-01 -4.952129e-03
2.622222e+01 -1.290044e-01 -4.919658e-03
2.644444e+01 -1.290556e-01 -4.880254e-03
2.666667e+01 -1.289112e-01 -4.834172e-03
2.688889e+01 -1.285737e-01 -4.781668e-03
2.711111e+01 -1.280457e-01 -4.722999e-03
2.733333e+01 -1.273302e-01 -4.658421e-03
2.755556e+01 -1.264302e-01 -4.588193e-03
2.777778e+01 -1.253492e-01 -4.512571e-03
2.800000e+01 -1.240907e-01 -4.431811e-03
2.822222e+01 -1.226586e-01 -4.346169e-03
2.844444e+01 -1.210567e-01 -4.255899e-03
2.866667e+01 -1.192892e-01 -4.161251e-03
2.888889e+01 -1.173604e-01 -4.062475e-03
2.911111e+01 -1.152747e-01 -3.959818e-03
2.933333e+01 -1.130367e-01 -3.853522e-03
2.955556e+01 -1.106509e-01 -3.743828e-03
2.977778e+01 -1.081223e-01 -3.630973e-03
3.000000e+01 -1.054556e-01 -3.515188e-03
3.022222e+01 -1.026559e-01 -3.396703e-03
3.044444e+01 -9.972811e-02 -3.275741e-03
3.066667e+01 -9.667735e-02 -3.152522e-03
3.088889e+01 -9.350877e-02 -3.027262e-03
3.111111e+01 -9.022755e-02 -2.900171e-03
3.133333e+01 -8.683891e-02 -2.771454e-03
3.155556e+01 -8.334807e-02 -2.641312e-03
3.177778e+01 -7.976030e-02 -2.509940e-03
3.200000e+01 -7.608085e-02 -2.377527e-03
3.222222e+01 -7.231498e-02 -2.244258e-03
3.244444e+01 -6.846792e-02 -2.110313e-03
3.266667e+01 -6.454491e-02 -1.975864e-03
3.288889e+01 -6.055112e-02 -1.841081e-03
3.311111e+01 -5.649173e-02 -1.706126e-03
3.333333e+01 -5.237185e-02 -1.571155e-03
3.355556e+01 -4.819656e-02 -1.436321e-03
3.377778e+01 -4.397089e-02 -1.301770e-03
3.400000e+01 -3.969980e-02 -1.167641e-03
3.422222e+01 -3.538818e-02 -1.034070e-03
3.444444e+01 -3.104088e-02 -9.011870e-04
3.466667e+01 -2.666266e-02 -7.691152e-04
3.488889e+01 -2.225819e-02 -6.379735e-04
3.511111e+01 -1.783207e-02 -5.078754e-04
3.533333e+01 -1.338881e-02 -3.789287e-04
3.555556e+01 -8.932849e-03 -2.512364e-04
3.577778e+01 -4.468501e-03 -1.248960e-04
3.600000e+01 -6.355899e-09 -1.765527e-10
3.622222e+01 4.468497e-03 1.233634e-04
3.644444e+01 8.932975e-03 2.451121e-04
3.666667e+01 1.338949e-02 3.651680e-04
3.688889e+01 1.783422e-02 4.834578e-04
3.711111e+01 2.226344e-02 5.999130e-04
3.733333e+01 2.667353e-02 7.144697e-04
3.755556e+01 3.106100e-02 8.270681e-04
3.777778e+01 3.542245e-02 9.376531e-04
3.800000e+01 3.975460e-02 1.046174e-03
3.822222e+01 4.405428e-02 1.152583e-03
3.844444e+01 4.831843e-02 1.256838e-03
3.866667e+01 5.254412e-02 1.358900e-03
3.888889e+01 5.672851e-02 1.458733e-03
3.911111e+01 6.086888e-02 1.556306e-03
3.933333e+01 6.496262e-02 1.651592e-03
3.955556e+01 6.900726e-02 1.744566e-03
3.977778e+01 7.300039e-02 1.835205e-03
4.000000e+01 7.693975e-02 1.923494e-03
4.044444e+01 8.464850e-02 2.092957e-03
4.088889e+01 9.211790e-02 2.252883e-03
4.133333e+01 9.933352e-02 2.403230e-03
4.177778e+01 1.062827e-01 2.544000e-03
4.222222e+01 1.129544e-01 2.675235e-03
4.266667e+01 1.193392e-01 2.797012e-03
4.311111e+01 1.254293e-01 2.909442e-03
4.355556e+01 1.312183e-01 3.012665e-03
4.400000e+01 1.367011e-01 3.106844e-03
4.444444e+01 1.418742e-01 3.192169e-03
4.488889e+01 1.467350e-01 3.268848e-03
4.533333e+01 1.512823e-01 3.337109e-03
4.577778e+01 1.555159e-01 3.397191e-03
4.622222e+01 1.594367e-01 3.449352e-03
4.666667e+01 1.630466e-01 3.493856e-03
4.711111e+01 1.663484e-01 3.530981e-03
4.755556e+01 1.693457e-01 3.561009e-03
4.800000e+01 1.720429e-01 3.584228e-03
4.844444e+01 1.744452e-01 3.600932e-03
4.888889e+01 1.765581e-01 3.611417e-03
4.933333e+01 1.783883e-01 3.615979e-03
4.977778e+01 1.799425e-01 3.614916e-03
5.022222e+01 1.812281e-01 3.608523e-03
5.066667e+01 1.822528e-01 3.597095e-03
5.111111e+01 1.830249e-01 3.580922e-03
5.155556e+01 1.835527e-01 3.560289e-03
5.200000e+01 1.838448e-01 3.535477e-03
5.244444e+01 1.839102e-01 3.506762e-03
5.288889e+01 1.837577e-01 3.474410e-03
5.333333e+01 1.833964e-01 3.438683e-03
5.377778e+01 1.828360e-01 3.399843e-03
5.422222e+01 1.820854e-01 3.358132e-03
5.466667e+01 1.811540e-01 3.313793e-03
5.511111e+01 1.800512e-01 3.267057e-03
5.555556e+01 1.787861e-01 3.218149e-03
5.600000e+01 1.773679e-01 3.167285e-03
5.644444e+01 1.758058e-01 3.114670e-03
5.688889e+01 1.741086e-01 3.060503e-03
5.733333e+01 1.722852e-01 3.004974e-03
5.777778e+01 1.703442e-01 2.948264e-03
5.822222e+01 1.682940e-01 2.890545e-03
5.866667e+01 1.661429e-01 2.831981e-03
5.911111e+01 1.638991e-01 2.772729e-03
5.955556e+01 1.615703e-01 2.712934e-03
6.000000e+01 1.591642e-01 2.652737e-03
6.044444e+01 1.566883e-01 2.592269e-03
6.088889e+01 1.541496e-01 2.531654e-03
6.133333e+01 1.515551e-01 2.471007e-03
6.177778e+01 1.489115e-01 2.410438e-03
6.222222e+01 1.462251e-01 2.350047e-03
6.266667e+01 1.435022e-01 2.289929e-03
6.311111e+01 1.407487e-01 2.230173e-03
6.355556e+01 1.379701e-01 2.170858e-03
6.400000e+01 1.351718e-01 2.112060e-03
6.444444e+01 1.323590e-01 2.053847e-03
6.488889e+01 1.295366e-01 1.996284e-03
6.533333e+01 1.267092e-01 1.939427e-03
6.577778e+01 1.238812e-01 1.883329e-03
6.622222e+01 1.210567e-01 1.828038e-03
6.666667e+01 1.182398e-01 1.773597e-03
6.711111e+01 1.154339e-01 1.720042e-03
6.755556e+01 1.126427e-01 1.667408e-03
6.800000e+01 1.098693e-01 1.615724e-03
6.844444e+01 1.071167e-01 1.565016e-03
6.888889e+01 1.043877e-01 1.515306e-03
6.933333e+01 1.016851e-01 1.466612e-03
6.977778e+01 9.901107e-02 1.418948e-03
7.022222e+01 9.636795e-02 1.372328e-03
7.066667e+01 9.375775e-02 1.326761e-03
7.111111e+01 9.118234e-02 1.282252e-03
7.155556e+01 8.864339e-02 1.238805e-03
7.200000e+01 8.614245e-02 1.196423e-03
7.244444e+01 8.368088e-02 1.155104e-03
7.288889e+01 8.125991e-02 1.114846e-03
7.333333e+01 7.888062e-02 1.075645e-03
7.377778e+01 7.654396e-02 1.037493e-03
7.422222e+01 7.425075e-02 1.000384e-03
7.466667e+01 7.200167e-02 9.643080e-04
7.511111e+01 6.979730e-02 9.292540e-04
7.555556e+01 6.763812e-02 8.952104e-04
7.600000e+01 6.552448e-02 8.621642e-04
7.644444e+01 6.345665e-02 8.301015e-04
7.688889e+01 6.143479e-02 7.990074e-04
7.733333e+01 5.945899e-02 7.688663e-04
7.777778e+01 5.752925e-02 7.396618e-04
7.822222e+01 5.564549e-02 7.113770e-04
7.866667e+01 5.380757e-02 6.839945e-04
7.911111e+01 5.201527e-02 6.574964e-04
7.955556e+01 5.026832e-02 6.318644e-04
8.000000e+01 4.856640e-02 6.070800e-04
8.088889e+01 4.529579e-02 5.599754e-04
8.177778e+01 4.220034e-02 5.160368e-04
8.266667e+01 3.927551e-02 4.751070e-04
8.355556e+01 3.651632e-02 4.370304e-04
8.444444e+01 3.391743e-02 4.016538e-04
8.533333e+01 3.147322e-02 3.688268e-04
8.622222e+01 2.917782e-02 3.384026e-04
8.711111e+01 2.702523e-02 3.102386e-04
8.800000e+01 2.500930e-02 2.841966e-04
8.888889e+01 2.312382e-02 2.601430e-04
8.977778e+01 2.136259e-02 2.379496e-04
9.066667e+01 1.971941e-02 2.174935e-04
9.155556e+01 1.818815e-02 1.986569e-04
9.244444e+01 1.676278e-02 1.813282e-04
9.333333e+01 1.543742e-02 1.654009e-04
9.422222e+01 1.420631e-02 1.507745e-04
9.511111e+01 1.306390e-02 1.373541e-04
9.600000e+01 1.200482e-02 1.250502e-04
9.688889e+01 1.102390e-02 1.137788e-04
9.777778e+01 1.011623e-02 1.034615e-04
9.866667e+01 9.277095e-03 9.402461e-05
9.955556e+01 8.502011e-03 8.539966e-05
1.004444e+02 7.786732e-03 7.752278e-05
1.013333e+02 7.127228e-03 7.033449e-05
1.022222e+02 6.519680e-03 6.377948e-05
1.031111e+02 5.960465e-03 5.780624e-05
1.040000e+02 5.446140e-03 5.236673e-05
1.048889e+02 4.973414e-03 4.741603e-05
1.057778e+02 4.539129e-03 4.291194e-05
1.066667e+02 4.140224e-03 3.881460e-05
1.075556e+02 3.774516e-03 3.509364e-05
1.084444e+02 3.439302e-03 3.171488e-05
1.093333e+02 3.132242e-03 2.864856e-05
1.102222e+02 2.851153e-03 2.586731e-05
1.111111e+02 2.594000e-03 2.334600e-05
1.120000e+02 2.358890e-03 2.106152e-05
1.128889e+02 2.144065e-03 1.899270e-05
1.137778e+02 1.947889e-03 1.712012e-05
1.146667e+02 1.768848e-03 1.542600e-05
1.155556e+02 1.605537e-03 1.389407e-05
1.164444e+02 1.456657e-03 1.250946e-05
1.173333e+02 1.321005e-03 1.125857e-05
1.182222e+02 1.197472e-03 1.012899e-05
1.191111e+02 1.085033e-03 9.109416e-06
1.200000e+02 9.827435e-04 8.189529e-06
1.208889e+02 8.897343e-04 7.359935e-06
1.217778e+02 8.052049e-04 6.612084e-06
1.226667e+02 7.284190e-04 5.938199e-06
1.235556e+02 6.587005e-04 5.331209e-06
1.244444e+02 5.954283e-04 4.784692e-06
1.253333e+02 5.380325e-04 4.292812e-06
1.262222e+02 4.859906e-04 3.850278e-06
1.271111e+02 4.388237e-04 3.452284e-06
1.280000e+02 3.960932e-04 3.094478e-06
1.288889e+02 3.573978e-04 2.772914e-06
1.297778e+02 3.223705e-04 2.484019e-06
1.306667e+02 2.906762e-04 2.224562e-06
1.315556e+02 2.620092e-04 1.991624e-06
1.324444e+02 2.360915e-04 1.782570e-06
1.333333e+02 2.126707e-04 1.595030e-06
1.342222e+02 1.915127e-04 1.426833e-06
1.351111e+02 1.724025e-04 1.276005e-06
1.360000e+02 1.551499e-04 1.140808e-06
1.368889e+02 1.395811e-04 1.019667e-06
1.377778e+02 1.255373e-04 9.111577e-07
1.386667e+02 1.128736e-04 8.139926e-07
1.395556e+02 1.014584e-04 7.270108e-07
1.404444e+02 9.117174e-05 6.491659e-07
1.413333e+02 8.190487e-05 5.795156e-07
1.422222e+02 7.355913e-05 5.172127e-07
1.431111e+02 6.604514e-05 4.614955e-07
1.440000e+02 5.928198e-05 4.116804e-07
1.448889e+02 5.319646e-05 3.671535e-07
1.457778e+02 4.772241e-05 3.273641e-07
1.466667e+02 4.280002e-05 2.918183e-07
1.475556e+02 3.837519e-05 2.600728e-07
1.484444e+02 3.439905e-05 2.317301e-07
1.493333e+02 3.082734e-05 2.064331e-07
1.502222e+02 2.762005e-05 1.838613e-07
1.511111e+02 2.474091e-05 1.637266e-07
1.520000e+02 2.215708e-05 1.457703e-07
1.528889e+02 1.983878e-05 1.297595e-07
1.537778e+02 1.775906e-05 1.154852e-07
1.546667e+02 1.589354e-05 1.027600e-07
1.555556e+02 1.422024e-05 9.141582e-08
1.564444e+02 1.271945e-05 8.130329e-08
1.573333e+02 1.137364e-05 7.229009e-08
1.582222e+02 1.016744e-05 6.426051e-08
1.591111e+02 9.087635e-06 5.711502e-08
1.600000e+02 8.123227e-06 5.077017e-08
1.605333e+02 7.592732e-06 4.729692e-08
1.610667e+02 7.096328e-06 4.405833e-08
1.616000e+02 6.631871e-06 4.103881e-08
1.621333e+02 6.197347e-06 3.822377e-08
1.626667e+02 5.790862e-06 3.559956e-08
1.632000e+02 5.410639e-06 3.315343e-08
1.637333e+02 5.055011e-06 3.087344e-08
1.642667e+02 4.722414e-06 2.874846e-08
1.648000e+02 4.411379e-06 2.676808e-08
1.653333e+02 4.120532e-06 2.492257e-08
1.658667e+02 3.848583e-06 2.320287e-08
1.664000e+02 3.594324e-06 2.160051e-08
1.669333e+02 3.356624e-06 2.010757e-08
1.674667e+02 3.134421e-06 1.871669e-08
1.680000e+02 2.926723e-06 1.742097e-08
1.685333e+02 2.732597e-06 1.621399e-08
1.690667e+02 2.551173e-06 1.508974e-08
1.696000e+02 2.381632e-06 1.404264e-08
1.701333e+02 2.223209e-06 1.306745e-08
1.706667e+02 2.075186e-06 1.215929e-08
1.712000e+02 1.936891e-06 1.131361e-08
1.717333e+02 1.807693e-06 1.052616e-08
1.722667e+02 1.687003e-06 9.792972e-09
1.728000e+02 1.574266e-06 9.110335e-09
1.733333e+02 1.468965e-06 8.474800e-09
1.738667e+02 1.370617e-06 7.883148e-09
1.744000e+02 1.278767e-06 7.332380e-09
1.749333e+02 1.192995e-06 6.819712e-09
1.754667e+02 1.112907e-06 6.342557e-09
1.760000e+02 1.038140e-06 5.898521e-09
1.765867e+02 9.616103e-07 5.445543e-09
1.771733e+02 8.906524e-07 5.027012e-09
1.777600e+02 8.248679e-07 4.640346e-09
1.783467e+02 7.638858e-07 4.283152e-09
1.789333e+02 7.073607e-07 3.953208e-09
1.795200e+02 6.549714e-07 3.648459e-09
1.801067e+02 6.064189e-07 3.366999e-09
1.806933e+02 5.614256e-07 3.107063e-09
1.812800e+02 5.197335e-07 2.867020e-09
1.818667e+02 4.811031e-07 2.645362e-09
1.824533e+02 4.453122e-07 2.440691e-09
1.830400e+02 4.121544e-07 2.251717e-09
1.836267e+02 3.814383e-07 2.077249e-09
1.842133e+02 3.529864e-07 1.916183e-09
1.848000e+02 3.266340e-07 1.767500e-09
1.853867e+02 3.022281e-07 1.630258e-09
1.859733e+02 2.796270e-07 1.503587e-09
1.865600e+02 2.586990e-07 1.386680e-09
1.871467e+02 2.393217e-07 1.278792e-09
1.877333e+02 2.213818e-07 1.179236e-09
1.883200e+02 2.047738e-07 1.087371e-09
1.889067e+02 1.893997e-07 1.002610e-09
1.894933e+02 1.751686e-07 9.244052e-10
1.900800e+02 1.619962e-07 8.522527e-10
1.906667e+02 1.498041e-07 7.856859e-10
1.912533e+02 1.385199e-07 7.242746e-10
1.918400e+02 1.280767e-07 6.676227e-10
1.924267e+02 1.184129e-07 6.153664e-10
1.930133e+02 1.094720e-07 5.671732e-10
1.936000e+02 1.012026e-07 5.227407e-10
1.942453e+02 9.281793e-08 4.778387e-10
1.948907e+02 8.512097e-08 4.367627e-10
1.955360e+02 7.805632e-08 3.991915e-10
1.961813e+02 7.157279e-08 3.648298e-10
1.968267e+02 6.562320e-08 3.334060e-10
1.974720e+02 6.016403e-08 3.046712e-10
1.981173e+02 5.515522e-08 2.783968e-10
1.987627e+02 5.055993e-08 2.543734e-10
1.994080e+02 4.634426e-08 2.324092e-10
2.000533e+02 4.247708e-08 2.123288e-10
2.006987e+02 3.892980e-08 1.939714e-10
2.013440e+02 3.567616e-08 1.771901e-10
2.019893e+02 3.269208e-08 1.618505e-10
2.026347e+02 2.995544e-08 1.478298e-10
2.032800e+02 2.744593e-08 1.350154e-10
2.039253e+02 2.514494e-08 1.233046e-10
2.045707e+02 2.303532e-08 1.126033e-10
2.052160e+02 2.110137e-08 1.028252e-10
2.058613e+02 1.932861e-08 9.389141e-11
2.065067e+02 1.770375e-08 8.572970e-11
2.071520e+02 1.621456e-08 7.827372e-11
2.077973e+02 1.484976e-08 7.146272e-11
2.084427e+02 1.359901e-08 6.524099e-11
2.090880e+02 1.245276e-08 5.955753e-11
2.097333e+02 1.140230e-08 5.436569e-11
2.103787e+02 1.043961e-08 4.962294e-11
2.110240e+02 9.557409e-09 4.529062e-11
2.116693e+02 8.749106e-09 4.133384e-11
2.123147e+02 8.008789e-09 3.772132e-11
2.129600e+02 7.331235e-09 3.442541e-11
2.136699e+02 6.651165e-09 3.112823e-11
2.143797e+02 6.033640e-09 2.814464e-11
2.150896e+02 5.473016e-09 2.544528e-11
2.157995e+02 4.964127e-09 2.300342e-11
2.165093e+02 4.502254e-09 2.079473e-11
2.172192e+02 4.083091e-09 1.879710e-11
2.179291e+02 3.702715e-09 1.699046e-11
2.186389e+02 3.357553e-09 1.535661e-11
2.193488e+02 3.044358e-09 1.387907e-11
2.200587e+02 2.760181e-09 1.254293e-11
2.207685e+02 2.502344e-09 1.133469e-11
2.214784e+02 2.268416e-09 1.024216e-11
2.221883e+02 2.056195e-09 9.254292e-12
2.228981e+02 1.863681e-09 8.361135e-12
2.236080e+02 1.689062e-09 7.553676e-12
2.243179e+02 1.530692e-09 6.823765e-12
2.250277e+02 1.387077e-09 6.164027e-12
2.257376e+02 1.256858e-09 5.567784e-12
2.264475e+02 1.138800e-09 5.028981e-12
2.271573e+02 1.031777e-09 4.542124e-12
2.278672e+02 9.347632e-10 4.102228e-12
2.285771e+02 8.468238e-10 3.704763e-12
2.292869e+02 7.671063e-10 3.345617e-12
2.299968e+02 6.948351e-10 3.021064e-12
2.307067e+02 6.293062e-10 2.727733e-12
2.314165e+02 5.698842e-10 2.462591e-12
2.321264e+02 5.160003e-10 2.222928e-12
2.328363e+02 4.671520e-10 2.006354e-12
2.335461e+02 4.229041e-10 1.810795e-12
2.342560e+02 3.828912e-10 1.634499e-12
2.350369e+02 3.431424e-10 1.459952e-12
2.358177e+02 3.074624e-10 1.303814e-12
2.365986e+02 2.754409e-10 1.164170e-12
2.373794e+02 2.467058e-10 1.039289e-12
2.381603e+02 2.209203e-10 9.276121e-13
2.389411e+02 1.977802e-10 8.277360e-13
2.397220e+02 1.770107e-10 7.383999e-13
2.405028e+02 1.583645e-10 6.584726e-13
2.412837e+02 1.416192e-10 5.869406e-13
2.420645e+02 1.265747e-10 5.228964e-13
2.428454e+02 1.130514e-10 4.655284e-13
2.436262e+02 1.008882e-10 4.141105e-13
2.444071e+02 8.994013e-11 3.679931e-13
2.451879e+02 8.007717e-11 3.265951e-13
2.459688e+02 7.118222e-11 2.893953e-13
2.467497e+02 6.314969e-11 2.559261e-13
2.475305e+02 5.588414e-11 2.257667e-13
2.483114e+02 4.929898e-11 1.985370e-13
2.490922e+02 4.331536e-11 1.738929e-13
2.498731e+02 3.786114e-11 1.515215e-13
2.506539e+02 3.287002e-11 1.311371e-13
2.514348e+02 2.828082e-11 1.124778e-13
2.522156e+02 2.403681e-11 9.530263e-14
2.529965e+02 2.008525e-11 7.938945e-14
2.537773e+02 1.637701e-11 6.453300e-14
2.545582e+02 1.286635e-11 5.054383e-14
2.553390e+02 9.510767e-12 3.724760e-14
2.561199e+02 6.271077e-12 2.448493e-14
2.569007e+02 3.111508e-12 1.211171e-14
2.576816e+02 0.000000e+00
