# 
# Output from EIGENRAD program.
# 
# Eigenfunction for specific electronic state.
# The first column contains radius $r$ in bohr units.
# The second column holds value of eginefunction.
# 
# Use this file with gnuplot to create the plot.
#
0.000000e+00 0.000000e+00 2.248762e-04
3.472222e-02 -9.263440e-05 -2.667871e-03
6.944444e-02 -3.769234e-04 -5.427697e-03
1.041667e-01 -8.399081e-04 -8.063117e-03
1.388889e-01 -1.469713e-03 -1.058193e-02
1.736111e-01 -2.255428e-03 -1.299126e-02
2.083333e-01 -3.186998e-03 -1.529759e-02
2.430556e-01 -4.255119e-03 -1.750678e-02
2.777778e-01 -5.451145e-03 -1.962412e-02
3.125000e-01 -6.766995e-03 -2.165438e-02
3.472222e-01 -8.195076e-03 -2.360182e-02
3.819444e-01 -9.728206e-03 -2.547021e-02
4.166667e-01 -1.135955e-02 -2.726292e-02
4.513889e-01 -1.308256e-02 -2.898291e-02
4.861111e-01 -1.489093e-02 -3.063277e-02
5.208333e-01 -1.677853e-02 -3.221478e-02
5.555556e-01 -1.873940e-02 -3.373092e-02
5.902778e-01 -2.076770e-02 -3.518292e-02
6.250000e-01 -2.285768e-02 -3.657229e-02
6.597222e-01 -2.500370e-02 -3.790034e-02
6.944444e-01 -2.720018e-02 -3.916826e-02
7.291667e-01 -2.944164e-02 -4.037711e-02
7.638889e-01 -3.172268e-02 -4.152787e-02
7.986111e-01 -3.403798e-02 -4.262147e-02
8.333333e-01 -3.638239e-02 -4.365886e-02
8.680556e-01 -3.875086e-02 -4.464099e-02
9.027778e-01 -4.113858e-02 -4.556889e-02
9.375000e-01 -4.354094e-02 -4.644367e-02
9.722222e-01 -4.595364e-02 -4.726660e-02
1.006944e+00 -4.837271e-02 -4.803910e-02
1.041667e+00 -5.079458e-02 -4.876280e-02
1.076389e+00 -5.321603e-02 -4.943941e-02
1.111111e+00 -5.563304e-02 -5.006974e-02
1.145833e+00 -5.804218e-02 -5.065500e-02
1.180556e+00 -6.044017e-02 -5.119638e-02
1.215278e+00 -6.282383e-02 -5.169504e-02
1.250000e+00 -6.519016e-02 -5.215213e-02
1.284722e+00 -6.753626e-02 -5.256877e-02
1.319444e+00 -6.985937e-02 -5.294605e-02
1.354167e+00 -7.215685e-02 -5.328506e-02
1.388889e+00 -7.442616e-02 -5.358684e-02
1.423611e+00 -7.666492e-02 -5.385243e-02
1.458333e+00 -7.887082e-02 -5.408285e-02
1.493056e+00 -8.104169e-02 -5.427909e-02
1.527778e+00 -8.317545e-02 -5.444211e-02
1.562500e+00 -8.527014e-02 -5.457289e-02
1.597222e+00 -8.732389e-02 -5.467235e-02
1.631944e+00 -8.933493e-02 -5.474141e-02
1.666667e+00 -9.130160e-02 -5.478096e-02
1.701389e+00 -9.322232e-02 -5.479190e-02
1.736111e+00 -9.509561e-02 -5.477507e-02
1.770833e+00 -9.692007e-02 -5.473134e-02
1.805556e+00 -9.869440e-02 -5.466151e-02
1.840278e+00 -1.004174e-01 -5.456641e-02
1.875000e+00 -1.020878e-01 -5.444684e-02
1.909722e+00 -1.037047e-01 -5.430355e-02
1.944444e+00 -1.052670e-01 -5.413733e-02
1.979167e+00 -1.067739e-01 -5.394892e-02
2.013889e+00 -1.082245e-01 -5.373905e-02
2.048611e+00 -1.096180e-01 -5.350842e-02
2.083333e+00 -1.109537e-01 -5.325776e-02
2.152778e+00 -1.134493e-01 -5.269903e-02
2.222222e+00 -1.157070e-01 -5.206814e-02
2.291667e+00 -1.177234e-01 -5.137021e-02
2.361111e+00 -1.194961e-01 -5.061012e-02
2.430556e+00 -1.210235e-01 -4.979253e-02
2.500000e+00 -1.223048e-01 -4.892192e-02
2.569444e+00 -1.233399e-01 -4.800257e-02
2.638889e+00 -1.241295e-01 -4.703854e-02
2.708333e+00 -1.246747e-01 -4.603374e-02
2.777778e+00 -1.249775e-01 -4.499191e-02
2.847222e+00 -1.250403e-01 -4.391659e-02
2.916667e+00 -1.248660e-01 -4.281119e-02
2.986111e+00 -1.244580e-01 -4.167895e-02
3.055556e+00 -1.238202e-01 -4.052296e-02
3.125000e+00 -1.229567e-01 -3.934615e-02
3.194444e+00 -1.218723e-01 -3.815134e-02
3.263889e+00 -1.205719e-01 -3.694119e-02
3.333333e+00 -1.190607e-01 -3.571822e-02
3.402778e+00 -1.173443e-01 -3.448486e-02
3.472222e+00 -1.154284e-01 -3.324339e-02
3.541667e+00 -1.133191e-01 -3.199598e-02
3.611111e+00 -1.110224e-01 -3.074467e-02
3.680556e+00 -1.085448e-01 -2.949142e-02
3.750000e+00 -1.058928e-01 -2.823808e-02
3.819444e+00 -1.030729e-01 -2.698637e-02
3.888889e+00 -1.000920e-01 -2.573794e-02
3.958333e+00 -9.695680e-02 -2.449435e-02
4.027778e+00 -9.367427e-02 -2.325706e-02
4.097222e+00 -9.025136e-02 -2.202745e-02
4.166667e+00 -8.669510e-02 -2.080682e-02
4.305556e+00 -7.921118e-02 -1.839743e-02
4.444444e+00 -7.127656e-02 -1.603723e-02
4.583333e+00 -6.294800e-02 -1.373411e-02
4.722222e+00 -5.428117e-02 -1.149484e-02
4.861111e+00 -4.533050e-02 -9.325132e-03
5.000000e+00 -3.614898e-02 -7.229795e-03
5.138889e+00 -2.678802e-02 -5.212804e-03
5.277778e+00 -1.729735e-02 -3.277392e-03
5.416667e+00 -7.724849e-03 -1.426126e-03
5.555556e+00 1.883519e-03 3.390334e-04
5.694444e+00 1.148383e-02 2.016673e-03
5.833333e+00 2.103428e-02 3.605877e-03
5.972222e+00 3.049524e-02 5.106179e-03
6.111111e+00 3.982929e-02 6.517521e-03
6.250000e+00 4.900134e-02 7.840214e-03
6.388889e+00 5.797854e-02 9.074902e-03
6.527778e+00 6.673041e-02 1.022253e-02
6.666667e+00 7.522877e-02 1.128431e-02
6.805556e+00 8.344773e-02 1.226171e-02
6.944444e+00 9.136370e-02 1.315637e-02
7.083333e+00 9.895533e-02 1.397016e-02
7.222222e+00 1.062035e-01 1.470509e-02
7.361111e+00 1.130910e-01 1.536331e-02
7.500000e+00 1.196031e-01 1.594708e-02
7.638889e+00 1.257265e-01 1.645874e-02
7.777778e+00 1.314501e-01 1.690073e-02
7.916667e+00 1.367645e-01 1.727552e-02
8.055556e+00 1.416617e-01 1.758559e-02
8.194444e+00 1.461352e-01 1.783345e-02
8.333333e+00 1.501800e-01 1.802160e-02
8.472222e+00 1.537948e-01 1.815283e-02
8.611111e+00 1.569774e-01 1.822964e-02
8.750000e+00 1.597278e-01 1.825461e-02
8.888889e+00 1.620471e-01 1.823030e-02
9.027778e+00 1.639376e-01 1.815924e-02
9.166667e+00 1.654029e-01 1.804395e-02
9.305556e+00 1.664474e-01 1.788689e-02
9.444444e+00 1.670768e-01 1.769048e-02
9.583333e+00 1.672974e-01 1.745712e-02
9.722222e+00 1.671166e-01 1.718913e-02
9.861111e+00 1.665423e-01 1.688880e-02
1.000000e+01 1.655834e-01 1.655834e-02
1.013889e+01 1.642492e-01 1.619992e-02
1.027778e+01 1.625497e-01 1.581565e-02
1.041667e+01 1.604955e-01 1.540756e-02
1.055556e+01 1.580974e-01 1.497764e-02
1.069444e+01 1.553668e-01 1.452780e-02
1.083333e+01 1.523155e-01 1.405989e-02
1.097222e+01 1.489554e-01 1.357568e-02
1.111111e+01 1.452989e-01 1.307691e-02
1.125000e+01 1.413586e-01 1.256521e-02
1.138889e+01 1.371469e-01 1.204217e-02
1.152778e+01 1.326769e-01 1.150932e-02
1.166667e+01 1.279612e-01 1.096811e-02
1.180556e+01 1.230130e-01 1.041992e-02
1.194444e+01 1.178451e-01 9.866102e-03
1.208333e+01 1.124705e-01 9.307905e-03
1.222222e+01 1.069021e-01 8.746539e-03
1.236111e+01 1.011528e-01 8.183147e-03
1.250000e+01 9.523521e-02 7.618817e-03
1.263889e+01 8.916204e-02 7.054579e-03
1.277778e+01 8.294568e-02 6.491401e-03
1.291667e+01 7.659845e-02 5.930202e-03
1.305556e+01 7.013248e-02 5.371849e-03
1.319444e+01 6.355967e-02 4.817154e-03
1.333333e+01 5.689173e-02 4.266880e-03
1.347222e+01 5.014009e-02 3.721739e-03
1.361111e+01 4.331595e-02 3.182397e-03
1.375000e+01 3.643026e-02 2.649473e-03
1.388889e+01 2.949367e-02 2.123544e-03
1.402778e+01 2.251659e-02 1.605143e-03
1.416667e+01 1.550910e-02 1.094760e-03
1.430556e+01 8.481022e-03 5.928481e-04
1.444444e+01 1.441866e-03 9.982147e-05
1.458333e+01 -5.599165e-03 -3.839428e-04
1.472222e+01 -1.263318e-02 -8.581025e-04
1.486111e+01 -1.965158e-02 -1.322349e-03
1.500000e+01 -2.664612e-02 -1.776408e-03
1.513889e+01 -3.360883e-02 -2.220033e-03
1.527778e+01 -4.053209e-02 -2.653009e-03
1.541667e+01 -4.740858e-02 -3.075151e-03
1.555556e+01 -5.423130e-02 -3.486298e-03
1.569444e+01 -6.099357e-02 -3.886316e-03
1.583333e+01 -6.768903e-02 -4.275097e-03
1.597222e+01 -7.431161e-02 -4.652553e-03
1.611111e+01 -8.085555e-02 -5.018620e-03
1.625000e+01 -8.731541e-02 -5.373256e-03
1.638889e+01 -9.368601e-02 -5.716435e-03
1.652778e+01 -9.996250e-02 -6.048151e-03
1.666667e+01 -1.061403e-01 -6.368416e-03
1.694444e+01 -1.181827e-01 -6.974716e-03
1.722222e+01 -1.297830e-01 -7.535785e-03
1.750000e+01 -1.409141e-01 -8.052234e-03
1.777778e+01 -1.515534e-01 -8.524879e-03
1.805556e+01 -1.616822e-01 -8.954705e-03
1.833333e+01 -1.712855e-01 -9.342843e-03
1.861111e+01 -1.803518e-01 -9.690543e-03
1.888889e+01 -1.888730e-01 -9.999156e-03
1.916667e+01 -1.968438e-01 -1.027011e-02
1.944444e+01 -2.042620e-01 -1.050490e-02
1.972222e+01 -2.111277e-01 -1.070507e-02
2.000000e+01 -2.174436e-01 -1.087218e-02
2.027778e+01 -2.232143e-01 -1.100783e-02
2.055556e+01 -2.284467e-01 -1.111362e-02
2.083333e+01 -2.331492e-01 -1.119116e-02
2.111111e+01 -2.373320e-01 -1.124204e-02
2.138889e+01 -2.410067e-01 -1.126785e-02
2.166667e+01 -2.441861e-01 -1.127013e-02
2.194444e+01 -2.468841e-01 -1.125041e-02
2.222222e+01 -2.491156e-01 -1.121020e-02
2.250000e+01 -2.508963e-01 -1.115095e-02
2.277778e+01 -2.522427e-01 -1.107407e-02
2.305556e+01 -2.531716e-01 -1.098094e-02
2.333333e+01 -2.537003e-01 -1.087287e-02
2.361111e+01 -2.538465e-01 -1.075115e-02
2.388889e+01 -2.536282e-01 -1.061699e-02
2.416667e+01 -2.530631e-01 -1.047158e-02
2.444444e+01 -2.521692e-01 -1.031601e-02
2.472222e+01 -2.509645e-01 -1.015137e-02
2.500000e+01 -2.494666e-01 -9.978663e-03
2.527778e+01 -2.476936e-01 -9.798867e-03
2.555556e+01 -2.456625e-01 -9.612882e-03
2.583333e+01 -2.433907e-01 -9.421574e-03
2.611111e+01 -2.408948e-01 -9.225760e-03
2.638889e+01 -2.381915e-01 -9.026204e-03
2.666667e+01 -2.352967e-01 -8.823625e-03
2.694444e+01 -2.322259e-01 -8.618694e-03
2.722222e+01 -2.289943e-01 -8.412037e-03
2.750000e+01 -2.256165e-01 -8.204237e-03
2.777778e+01 -2.221066e-01 -7.995838e-03
2.805556e+01 -2.184782e-01 -7.787342e-03
2.833333e+01 -2.147444e-01 -7.579214e-03
2.861111e+01 -2.109177e-01 -7.371881e-03
2.888889e+01 -2.070102e-01 -7.165738e-03
2.916667e+01 -2.030334e-01 -6.961145e-03
2.944444e+01 -1.989982e-01 -6.758430e-03
2.972222e+01 -1.949151e-01 -6.557891e-03
3.000000e+01 -1.907939e-01 -6.359798e-03
3.027778e+01 -1.866441e-01 -6.164392e-03
3.055556e+01 -1.824744e-01 -5.971891e-03
3.083333e+01 -1.782933e-01 -5.782485e-03
3.111111e+01 -1.741085e-01 -5.596345e-03
3.138889e+01 -1.699274e-01 -5.413616e-03
3.166667e+01 -1.657569e-01 -5.234428e-03
3.194444e+01 -1.616033e-01 -5.058887e-03
3.222222e+01 -1.574728e-01 -4.887087e-03
3.250000e+01 -1.533708e-01 -4.719101e-03
3.277778e+01 -1.493025e-01 -4.554991e-03
3.305556e+01 -1.452727e-01 -4.394804e-03
3.333333e+01 -1.412859e-01 -4.238576e-03
3.361111e+01 -1.373458e-01 -4.086320e-03
3.388889e+01 -1.334561e-01 -3.938050e-03
3.416667e+01 -1.296203e-01 -3.793763e-03
3.444444e+01 -1.258411e-01 -3.653451e-03
3.472222e+01 -1.221213e-01 -3.517094e-03
3.500000e+01 -1.184633e-01 -3.384667e-03
3.527778e+01 -1.148692e-01 -3.256134e-03
3.555556e+01 -1.113407e-01 -3.131457e-03
3.583333e+01 -1.078795e-01 -3.010590e-03
3.611111e+01 -1.044868e-01 -2.893481e-03
3.638889e+01 -1.011639e-01 -2.780075e-03
3.666667e+01 -9.791150e-02 -2.670314e-03
3.694444e+01 -9.473044e-02 -2.564132e-03
3.722222e+01 -9.162120e-02 -2.461465e-03
3.750000e+01 -8.858412e-02 -2.362243e-03
3.777778e+01 -8.561940e-02 -2.266396e-03
3.805556e+01 -8.272706e-02 -2.173850e-03
3.833333e+01 -7.990699e-02 -2.084530e-03
3.861111e+01 -7.715895e-02 -1.998361e-03
3.888889e+01 -7.448259e-02 -1.915267e-03
3.916667e+01 -7.187744e-02 -1.835169e-03
3.944444e+01 -6.934293e-02 -1.757990e-03
3.972222e+01 -6.687839e-02 -1.683652e-03
4.000000e+01 -6.448307e-02 -1.612077e-03
4.027778e+01 -6.215615e-02 -1.543187e-03
4.055556e+01 -5.989672e-02 -1.476905e-03
4.083333e+01 -5.770384e-02 -1.413155e-03
4.111111e+01 -5.557648e-02 -1.351860e-03
4.138889e+01 -5.351359e-02 -1.292946e-03
4.166667e+01 -5.151404e-02 -1.236337e-03
4.194444e+01 -4.957669e-02 -1.181961e-03
4.222222e+01 -4.770037e-02 -1.129746e-03
4.250000e+01 -4.588386e-02 -1.079620e-03
4.277778e+01 -4.412594e-02 -1.031515e-03
4.305556e+01 -4.242533e-02 -9.853625e-04
4.333333e+01 -4.078078e-02 -9.410950e-04
4.361111e+01 -3.919101e-02 -8.986474e-04
4.388889e+01 -3.765473e-02 -8.579560e-04
4.416667e+01 -3.617066e-02 -8.189582e-04
4.444444e+01 -3.473749e-02 -7.815934e-04
4.472222e+01 -3.335393e-02 -7.458022e-04
4.500000e+01 -3.201870e-02 -7.115267e-04
4.527778e+01 -3.073052e-02 -6.787108e-04
4.555556e+01 -2.948810e-02 -6.472998e-04
4.583333e+01 -2.829019e-02 -6.172406e-04
4.611111e+01 -2.713553e-02 -5.884814e-04
4.638889e+01 -2.602289e-02 -5.609724e-04
4.666667e+01 -2.495103e-02 -5.346649e-04
4.694444e+01 -2.391875e-02 -5.095118e-04
4.722222e+01 -2.292486e-02 -4.854677e-04
4.750000e+01 -2.196820e-02 -4.624884e-04
4.777778e+01 -2.104760e-02 -4.405312e-04
4.805556e+01 -2.016195e-02 -4.195550e-04
4.833333e+01 -1.931013e-02 -3.995199e-04
4.861111e+01 -1.849105e-02 -3.803873e-04
4.888889e+01 -1.770365e-02 -3.621201e-04
4.916667e+01 -1.694689e-02 -3.446825e-04
4.944444e+01 -1.621975e-02 -3.280398e-04
4.972222e+01 -1.552122e-02 -3.121587e-04
5.000000e+01 -1.485034e-02 -2.970068e-04
5.055556e+01 -1.358770e-02 -2.687677e-04
5.111111e+01 -1.242464e-02 -2.430908e-04
5.166667e+01 -1.135417e-02 -2.197581e-04
5.222222e+01 -1.036970e-02 -1.985688e-04
5.277778e+01 -9.465045e-03 -1.793377e-04
5.333333e+01 -8.634368e-03 -1.618944e-04
5.388889e+01 -7.872196e-03 -1.460820e-04
5.444444e+01 -7.173396e-03 -1.317562e-04
5.500000e+01 -6.533159e-03 -1.187847e-04
5.555556e+01 -5.946986e-03 -1.070457e-04
5.611111e+01 -5.410674e-03 -9.642786e-05
5.666667e+01 -4.920304e-03 -8.682890e-05
5.722222e+01 -4.472223e-03 -7.815536e-05
5.777778e+01 -4.063035e-03 -7.032176e-05
5.833333e+01 -3.689584e-03 -6.325002e-05
5.888889e+01 -3.348945e-03 -5.686887e-05
5.944444e+01 -3.038406e-03 -5.111337e-05
6.000000e+01 -2.755462e-03 -4.592436e-05
6.055556e+01 -2.497797e-03 -4.124802e-05
6.111111e+01 -2.263275e-03 -3.703542e-05
6.166667e+01 -2.049930e-03 -3.324210e-05
6.222222e+01 -1.855948e-03 -2.982774e-05
6.277778e+01 -1.679664e-03 -2.675571e-05
6.333333e+01 -1.519546e-03 -2.399283e-05
6.388889e+01 -1.374184e-03 -2.150897e-05
6.444444e+01 -1.242283e-03 -1.927680e-05
6.500000e+01 -1.122650e-03 -1.727154e-05
6.555556e+01 -1.014185e-03 -1.547062e-05
6.611111e+01 -9.158712e-04 -1.385351e-05
6.666667e+01 -8.267660e-04 -1.240149e-05
6.777778e+01 -6.734537e-04 -9.936202e-06
6.888889e+01 -5.474559e-04 -7.946940e-06
7.000000e+01 -4.442903e-04 -6.347004e-06
7.111111e+01 -3.600991e-04 -5.063893e-06
7.222222e+01 -2.915848e-04 -4.037327e-06
7.333333e+01 -2.359497e-04 -3.217497e-06
7.444444e+01 -1.908397e-04 -2.563518e-06
7.555556e+01 -1.542898e-04 -2.042071e-06
7.666667e+01 -1.246754e-04 -1.626201e-06
7.777778e+01 -1.006652e-04 -1.294266e-06
7.888889e+01 -8.117860e-05 -1.029024e-06
8.000000e+01 -6.534660e-05 -8.168325e-07
8.111111e+01 -5.247573e-05 -6.469611e-07
8.222222e+01 -4.201594e-05 -5.110047e-07
8.333333e+01 -3.353179e-05 -4.023814e-07
8.444444e+01 -2.667724e-05 -3.159147e-07
8.555556e+01 -2.117393e-05 -2.474876e-07
8.666667e+01 -1.679299e-05 -1.937652e-07
8.777778e+01 -1.334029e-05 -1.519780e-07
8.888889e+01 -1.064538e-05 -1.197606e-07
9.000000e+01 -8.553748e-06 -9.504164e-08
9.111111e+01 -6.922714e-06 -7.598101e-08
9.222222e+01 -5.620826e-06 -6.094871e-08
9.333333e+01 -4.530738e-06 -4.854363e-08
9.444444e+01 -3.555636e-06 -3.764791e-08
9.555556e+01 -2.629163e-06 -2.751449e-08
9.666667e+01 -1.728867e-06 -1.788483e-08
9.777778e+01 -8.931689e-07 -9.134682e-09
9.888889e+01 -2.418400e-07 -2.445573e-09
1.000000e+02 4.640760e-22
