# 
# Output from EIGENRAD program.
# 
# Eigenfunction for specific electronic state.
# The first column contains radius $r$ in bohr units.
# The second column holds value of eginefunction.
# 
# Use this file with gnuplot to create the plot.
#
0.000000e+00 0.000000e+00 4.057257e-08
4.861111e-02 -6.048164e-07 -1.244194e-05
9.722222e-02 -4.764385e-06 -4.900510e-05
1.458333e-01 -1.581967e-05 -1.084777e-04
1.944444e-01 -3.689036e-05 -1.897219e-04
2.430556e-01 -7.088282e-05 -2.916322e-04
2.916667e-01 -1.204978e-04 -4.131355e-04
3.402778e-01 -1.882383e-04 -5.531900e-04
3.888889e-01 -2.764164e-04 -7.107851e-04
4.375000e-01 -3.871614e-04 -8.849403e-04
4.861111e-01 -5.224259e-04 -1.074705e-03
5.347222e-01 -6.839936e-04 -1.279157e-03
5.833333e-01 -8.734855e-04 -1.497404e-03
6.319444e-01 -1.092366e-03 -1.728580e-03
6.805556e-01 -1.341952e-03 -1.971848e-03
7.291667e-01 -1.623414e-03 -2.226397e-03
7.777778e-01 -1.937787e-03 -2.491441e-03
8.263889e-01 -2.285975e-03 -2.766222e-03
8.750000e-01 -2.668754e-03 -3.050005e-03
9.236111e-01 -3.086782e-03 -3.342080e-03
9.722222e-01 -3.540601e-03 -3.641761e-03
1.020833e+00 -4.030642e-03 -3.948384e-03
1.069444e+00 -4.557235e-03 -4.261310e-03
1.118056e+00 -5.120606e-03 -4.579920e-03
1.166667e+00 -5.720887e-03 -4.903617e-03
1.215278e+00 -6.358121e-03 -5.231825e-03
1.263889e+00 -7.032262e-03 -5.563987e-03
1.312500e+00 -7.743182e-03 -5.899567e-03
1.361111e+00 -8.490677e-03 -6.238049e-03
1.409722e+00 -9.274466e-03 -6.578931e-03
1.458333e+00 -1.009420e-02 -6.921735e-03
1.506944e+00 -1.094946e-02 -7.266001e-03
1.555556e+00 -1.183978e-02 -7.611286e-03
1.604167e+00 -1.276461e-02 -7.957162e-03
1.652778e+00 -1.372337e-02 -8.303217e-03
1.701389e+00 -1.471541e-02 -8.649058e-03
1.750000e+00 -1.574004e-02 -8.994307e-03
1.798611e+00 -1.679651e-02 -9.338599e-03
1.847222e+00 -1.788404e-02 -9.681588e-03
1.895833e+00 -1.900182e-02 -1.002294e-02
1.944444e+00 -2.014898e-02 -1.036233e-02
1.993056e+00 -2.132463e-02 -1.069946e-02
2.041667e+00 -2.252784e-02 -1.103404e-02
2.090278e+00 -2.375765e-02 -1.136579e-02
2.138889e+00 -2.501308e-02 -1.169443e-02
2.187500e+00 -2.629313e-02 -1.201972e-02
2.236111e+00 -2.759676e-02 -1.234141e-02
2.284722e+00 -2.892293e-02 -1.265928e-02
2.333333e+00 -3.027055e-02 -1.297309e-02
2.381944e+00 -3.163856e-02 -1.328266e-02
2.430556e+00 -3.302584e-02 -1.358777e-02
2.479167e+00 -3.443129e-02 -1.388825e-02
2.527778e+00 -3.585377e-02 -1.418391e-02
2.576389e+00 -3.729218e-02 -1.447459e-02
2.625000e+00 -3.874535e-02 -1.476013e-02
2.673611e+00 -4.021215e-02 -1.504039e-02
2.722222e+00 -4.169143e-02 -1.531522e-02
2.770833e+00 -4.318204e-02 -1.558449e-02
2.819444e+00 -4.468282e-02 -1.584809e-02
2.868056e+00 -4.619262e-02 -1.610590e-02
2.916667e+00 -4.771028e-02 -1.635781e-02
3.013889e+00 -5.076458e-02 -1.684355e-02
3.111111e+00 -5.383669e-02 -1.730465e-02
3.208333e+00 -5.691749e-02 -1.774052e-02
3.305556e+00 -5.999804e-02 -1.815067e-02
3.402778e+00 -6.306955e-02 -1.853473e-02
3.500000e+00 -6.612343e-02 -1.889241e-02
3.597222e+00 -6.915129e-02 -1.922352e-02
3.694444e+00 -7.214497e-02 -1.952796e-02
3.791667e+00 -7.509656e-02 -1.980569e-02
3.888889e+00 -7.799840e-02 -2.005673e-02
3.986111e+00 -8.084310e-02 -2.028120e-02
4.083333e+00 -8.362356e-02 -2.047924e-02
4.180556e+00 -8.633296e-02 -2.065107e-02
4.277778e+00 -8.896479e-02 -2.079696e-02
4.375000e+00 -9.151286e-02 -2.091723e-02
4.472222e+00 -9.397128e-02 -2.101221e-02
4.569444e+00 -9.633448e-02 -2.108232e-02
4.666667e+00 -9.859724e-02 -2.112798e-02
4.763889e+00 -1.007546e-01 -2.114966e-02
4.861111e+00 -1.028021e-01 -2.114786e-02
4.958333e+00 -1.047354e-01 -2.112311e-02
5.055556e+00 -1.065506e-01 -2.107594e-02
5.152778e+00 -1.082441e-01 -2.100695e-02
5.250000e+00 -1.098127e-01 -2.091670e-02
5.347222e+00 -1.112533e-01 -2.080582e-02
5.444444e+00 -1.125635e-01 -2.067492e-02
5.541667e+00 -1.137407e-01 -2.052464e-02
5.638889e+00 -1.147830e-01 -2.035561e-02
5.736111e+00 -1.156887e-01 -2.016848e-02
5.833333e+00 -1.164561e-01 -1.996391e-02
5.930556e+00 -1.170844e-01 -1.974256e-02
6.027778e+00 -1.175725e-01 -1.950512e-02
6.125000e+00 -1.179199e-01 -1.925223e-02
6.222222e+00 -1.181262e-01 -1.898457e-02
6.319444e+00 -1.181913e-01 -1.870280e-02
6.416667e+00 -1.181154e-01 -1.840760e-02
6.513889e+00 -1.178989e-01 -1.809962e-02
6.611111e+00 -1.175425e-01 -1.777953e-02
6.708333e+00 -1.170468e-01 -1.744798e-02
6.805556e+00 -1.164132e-01 -1.710561e-02
6.902778e+00 -1.156427e-01 -1.675307e-02
7.000000e+00 -1.147369e-01 -1.639099e-02
7.097222e+00 -1.136975e-01 -1.601999e-02
7.194444e+00 -1.125262e-01 -1.564070e-02
7.291667e+00 -1.112251e-01 -1.525372e-02
7.388889e+00 -1.097963e-01 -1.485965e-02
7.486111e+00 -1.082422e-01 -1.445907e-02
7.583333e+00 -1.065652e-01 -1.405256e-02
7.680556e+00 -1.047680e-01 -1.364068e-02
7.777778e+00 -1.028532e-01 -1.322399e-02
7.875000e+00 -1.008238e-01 -1.280303e-02
7.972222e+00 -9.868270e-02 -1.237832e-02
8.069444e+00 -9.643295e-02 -1.195038e-02
8.166667e+00 -9.407774e-02 -1.151972e-02
8.263889e+00 -9.162034e-02 -1.108683e-02
8.361111e+00 -8.906408e-02 -1.065218e-02
8.458333e+00 -8.641239e-02 -1.021624e-02
8.555556e+00 -8.366874e-02 -9.779463e-03
8.652778e+00 -8.083668e-02 -9.342281e-03
8.750000e+00 -7.791980e-02 -8.905120e-03
8.847222e+00 -7.492176e-02 -8.468394e-03
8.944444e+00 -7.184625e-02 -8.032500e-03
9.041667e+00 -6.869699e-02 -7.597824e-03
9.138889e+00 -6.547772e-02 -7.164736e-03
9.236111e+00 -6.219224e-02 -6.733595e-03
9.333333e+00 -5.884432e-02 -6.304748e-03
9.430556e+00 -5.543777e-02 -5.878526e-03
9.527778e+00 -5.197640e-02 -5.455249e-03
9.625000e+00 -4.846403e-02 -5.035224e-03
9.722222e+00 -4.490447e-02 -4.618745e-03
9.819444e+00 -4.130151e-02 -4.206094e-03
9.916667e+00 -3.765894e-02 -3.797540e-03
1.001389e+01 -3.398054e-02 -3.393341e-03
1.011111e+01 -3.027005e-02 -2.993741e-03
1.020833e+01 -2.653120e-02 -2.598975e-03
1.030556e+01 -2.276769e-02 -2.209263e-03
1.040278e+01 -1.898317e-02 -1.824818e-03
1.050000e+01 -1.518128e-02 -1.445836e-03
1.059722e+01 -1.136560e-02 -1.072508e-03
1.069444e+01 -7.539686e-03 -7.050096e-04
1.079167e+01 -3.707026e-03 -3.435082e-04
1.088889e+01 1.289250e-04 1.184005e-05
1.098611e+01 3.964767e-03 3.608891e-04
1.108333e+01 7.797154e-03 7.035026e-04
1.118056e+01 1.162279e-02 1.039554e-03
1.127778e+01 1.543846e-02 1.368927e-03
1.137500e+01 1.924097e-02 1.691513e-03
1.147222e+01 2.302721e-02 2.007215e-03
1.156944e+01 2.679415e-02 2.315941e-03
1.166667e+01 3.053879e-02 2.617610e-03
1.186111e+01 3.794946e-02 3.199486e-03
1.205556e+01 4.523709e-02 3.752386e-03
1.225000e+01 5.238016e-02 4.275931e-03
1.244444e+01 5.935836e-02 4.769868e-03
1.263889e+01 6.615263e-02 5.234054e-03
1.283333e+01 7.274514e-02 5.668452e-03
1.302778e+01 7.911928e-02 6.073122e-03
1.322222e+01 8.525967e-02 6.448211e-03
1.341667e+01 9.115215e-02 6.793949e-03
1.361111e+01 9.678373e-02 7.110642e-03
1.380556e+01 1.021427e-01 7.398663e-03
1.400000e+01 1.072183e-01 7.658450e-03
1.419444e+01 1.120012e-01 7.890496e-03
1.438889e+01 1.164831e-01 8.095349e-03
1.458333e+01 1.206567e-01 8.273602e-03
1.477778e+01 1.245160e-01 8.425892e-03
1.497222e+01 1.280558e-01 8.552891e-03
1.516667e+01 1.312722e-01 8.655308e-03
1.536111e+01 1.341621e-01 8.733880e-03
1.555556e+01 1.367235e-01 8.789368e-03
1.575000e+01 1.389553e-01 8.822557e-03
1.594444e+01 1.408572e-01 8.834248e-03
1.613889e+01 1.424299e-01 8.825258e-03
1.633333e+01 1.436747e-01 8.796412e-03
1.652778e+01 1.445940e-01 8.748545e-03
1.672222e+01 1.451906e-01 8.682495e-03
1.691667e+01 1.454682e-01 8.599102e-03
1.711111e+01 1.454308e-01 8.499205e-03
1.730556e+01 1.450834e-01 8.383634e-03
1.750000e+01 1.444313e-01 8.253215e-03
1.769444e+01 1.434806e-01 8.108793e-03
1.788889e+01 1.422377e-01 7.951178e-03
1.808333e+01 1.407096e-01 7.781177e-03
1.827778e+01 1.389036e-01 7.599587e-03
1.847222e+01 1.368272e-01 7.407189e-03
1.866667e+01 1.344888e-01 7.204755e-03
1.886111e+01 1.318964e-01 6.993036e-03
1.905556e+01 1.290589e-01 6.772771e-03
1.925000e+01 1.259851e-01 6.544680e-03
1.944444e+01 1.226840e-01 6.309465e-03
1.963889e+01 1.191651e-01 6.067811e-03
1.983333e+01 1.154376e-01 5.820381e-03
2.002778e+01 1.115111e-01 5.567822e-03
2.022222e+01 1.073953e-01 5.310759e-03
2.041667e+01 1.031000e-01 5.049796e-03
2.061111e+01 9.863482e-02 4.785517e-03
2.080556e+01 9.400962e-02 4.518487e-03
2.100000e+01 8.923419e-02 4.249247e-03
2.119444e+01 8.431829e-02 3.978321e-03
2.138889e+01 7.927166e-02 3.706208e-03
2.158333e+01 7.410397e-02 3.433388e-03
2.177778e+01 6.882480e-02 3.160322e-03
2.197222e+01 6.344365e-02 2.887448e-03
2.216667e+01 5.796991e-02 2.615184e-03
2.236111e+01 5.241284e-02 2.343928e-03
2.255556e+01 4.678157e-02 2.074060e-03
2.275000e+01 4.108505e-02 1.805936e-03
2.294444e+01 3.533210e-02 1.539898e-03
2.313889e+01 2.953135e-02 1.276265e-03
2.333333e+01 2.369125e-02 1.015339e-03
2.372222e+01 1.192683e-02 5.027705e-04
2.411111e+01 9.988823e-05 4.142830e-06
2.450000e+01 -1.172823e-02 -4.787033e-04
2.488889e+01 -2.350031e-02 -9.442090e-04
2.527778e+01 -3.516323e-02 -1.391073e-03
2.566667e+01 -4.666790e-02 -1.818230e-03
2.605556e+01 -5.796919e-02 -2.224830e-03
2.644444e+01 -6.902586e-02 -2.610222e-03
2.683333e+01 -7.980051e-02 -2.973932e-03
2.722222e+01 -9.025944e-02 -3.315653e-03
2.761111e+01 -1.003726e-01 -3.635225e-03
2.800000e+01 -1.101135e-01 -3.932624e-03
2.838889e+01 -1.194590e-01 -4.207948e-03
2.877778e+01 -1.283893e-01 -4.461405e-03
2.916667e+01 -1.368879e-01 -4.693300e-03
2.955556e+01 -1.449413e-01 -4.904028e-03
2.994444e+01 -1.525387e-01 -5.094058e-03
3.033333e+01 -1.596725e-01 -5.263930e-03
3.072222e+01 -1.663375e-01 -5.414239e-03
3.111111e+01 -1.725308e-01 -5.545633e-03
3.150000e+01 -1.782522e-01 -5.658799e-03
3.188889e+01 -1.835033e-01 -5.754459e-03
3.227778e+01 -1.882879e-01 -5.833360e-03
3.266667e+01 -1.926114e-01 -5.896267e-03
3.305556e+01 -1.964809e-01 -5.943959e-03
3.344444e+01 -1.999048e-01 -5.977219e-03
3.383333e+01 -2.028927e-01 -5.996827e-03
3.422222e+01 -2.054551e-01 -6.003559e-03
3.461111e+01 -2.076034e-01 -5.998173e-03
3.500000e+01 -2.093494e-01 -5.981412e-03
3.538889e+01 -2.107088e-01 -5.954094e-03
3.577778e+01 -2.116944e-01 -5.916923e-03
3.616667e+01 -2.123209e-01 -5.870625e-03
3.655556e+01 -2.126036e-01 -5.815904e-03
3.694444e+01 -2.125577e-01 -5.753441e-03
3.733333e+01 -2.121987e-01 -5.683894e-03
3.772222e+01 -2.115425e-01 -5.607900e-03
3.811111e+01 -2.106046e-01 -5.526068e-03
3.850000e+01 -2.094009e-01 -5.438983e-03
3.888889e+01 -2.079469e-01 -5.347206e-03
3.927778e+01 -2.062583e-01 -5.251271e-03
3.966667e+01 -2.043503e-01 -5.151687e-03
4.005556e+01 -2.022380e-01 -5.048938e-03
4.044444e+01 -1.999364e-01 -4.943481e-03
4.083333e+01 -1.974598e-01 -4.835750e-03
4.122222e+01 -1.948225e-01 -4.726153e-03
4.161111e+01 -1.920383e-01 -4.615073e-03
4.200000e+01 -1.891205e-01 -4.502869e-03
4.238889e+01 -1.860821e-01 -4.389879e-03
4.277778e+01 -1.829355e-01 -4.276415e-03
4.316667e+01 -1.796928e-01 -4.162768e-03
4.355556e+01 -1.763655e-01 -4.049208e-03
4.394444e+01 -1.729647e-01 -3.935985e-03
4.433333e+01 -1.695009e-01 -3.823328e-03
4.472222e+01 -1.659842e-01 -3.711447e-03
4.511111e+01 -1.624242e-01 -3.600536e-03
4.550000e+01 -1.588300e-01 -3.490770e-03
4.588889e+01 -1.552104e-01 -3.382309e-03
4.627778e+01 -1.515736e-01 -3.275300e-03
4.666667e+01 -1.479274e-01 -3.169872e-03
4.705556e+01 -1.442787e-01 -3.066136e-03
4.744444e+01 -1.406345e-01 -2.964193e-03
4.783333e+01 -1.370011e-01 -2.864135e-03
4.822222e+01 -1.333845e-01 -2.766038e-03
4.861111e+01 -1.297902e-01 -2.669969e-03
4.900000e+01 -1.262232e-01 -2.575984e-03
4.938889e+01 -1.226884e-01 -2.484129e-03
4.977778e+01 -1.191899e-01 -2.394441e-03
5.016667e+01 -1.157319e-01 -2.306948e-03
5.055556e+01 -1.123179e-01 -2.221673e-03
5.094444e+01 -1.089512e-01 -2.138628e-03
5.133333e+01 -1.056348e-01 -2.057820e-03
5.172222e+01 -1.023713e-01 -1.979252e-03
5.211111e+01 -9.916315e-02 -1.902918e-03
5.250000e+01 -9.601240e-02 -1.828808e-03
5.288889e+01 -9.292091e-02 -1.756908e-03
5.327778e+01 -8.989024e-02 -1.687200e-03
5.366667e+01 -8.692175e-02 -1.619660e-03
5.405556e+01 -8.401656e-02 -1.554263e-03
5.444444e+01 -8.117558e-02 -1.490980e-03
5.483333e+01 -7.839953e-02 -1.429779e-03
5.522222e+01 -7.568893e-02 -1.370624e-03
5.561111e+01 -7.304414e-02 -1.313481e-03
5.600000e+01 -7.046534e-02 -1.258310e-03
5.638889e+01 -6.795259e-02 -1.205071e-03
5.677778e+01 -6.550579e-02 -1.153722e-03
5.716667e+01 -6.312472e-02 -1.104222e-03
5.755556e+01 -6.080903e-02 -1.056528e-03
5.794444e+01 -5.855829e-02 -1.010594e-03
5.833333e+01 -5.637196e-02 -9.663764e-04
5.872222e+01 -5.424935e-02 -9.238300e-04
5.911111e+01 -5.218976e-02 -8.829095e-04
5.950000e+01 -5.019239e-02 -8.435695e-04
5.988889e+01 -4.825635e-02 -8.057646e-04
6.027778e+01 -4.638071e-02 -7.694496e-04
6.066667e+01 -4.456450e-02 -7.345796e-04
6.105556e+01 -4.280666e-02 -7.011100e-04
6.144444e+01 -4.110613e-02 -6.689968e-04
6.183333e+01 -3.946180e-02 -6.381962e-04
6.222222e+01 -3.787251e-02 -6.086653e-04
6.261111e+01 -3.633710e-02 -5.803619e-04
6.300000e+01 -3.485438e-02 -5.532441e-04
6.338889e+01 -3.342314e-02 -5.272712e-04
6.377778e+01 -3.204215e-02 -5.024030e-04
6.416667e+01 -3.071018e-02 -4.786002e-04
6.455556e+01 -2.942599e-02 -4.558244e-04
6.494444e+01 -2.818835e-02 -4.340379e-04
6.533333e+01 -2.699601e-02 -4.132043e-04
6.572222e+01 -2.584774e-02 -3.932877e-04
6.611111e+01 -2.474230e-02 -3.742533e-04
6.650000e+01 -2.367847e-02 -3.560673e-04
6.688889e+01 -2.265505e-02 -3.386967e-04
6.727778e+01 -2.167082e-02 -3.221096e-04
6.766667e+01 -2.072461e-02 -3.062750e-04
6.805556e+01 -1.981523e-02 -2.911626e-04
6.844444e+01 -1.894155e-02 -2.767434e-04
6.883333e+01 -1.810242e-02 -2.629891e-04
6.922222e+01 -1.729672e-02 -2.498723e-04
6.961111e+01 -1.652335e-02 -2.373666e-04
7.000000e+01 -1.578123e-02 -2.254461e-04
7.077778e+01 -1.438648e-02 -2.032627e-04
7.155556e+01 -1.310452e-02 -1.831376e-04
7.233333e+01 -1.192742e-02 -1.648953e-04
7.311111e+01 -1.084773e-02 -1.483732e-04
7.388889e+01 -9.858361e-03 -1.334214e-04
7.466667e+01 -8.952668e-03 -1.199018e-04
7.544444e+01 -8.124373e-03 -1.076868e-04
7.622222e+01 -7.367583e-03 -9.665925e-05
7.700000e+01 -6.676761e-03 -8.671119e-05
7.777778e+01 -6.046724e-03 -7.774360e-05
7.855556e+01 -5.472622e-03 -6.966563e-05
7.933333e+01 -4.949927e-03 -6.239403e-05
8.011111e+01 -4.474419e-03 -5.585266e-05
8.088889e+01 -4.042174e-03 -4.997193e-05
8.166667e+01 -3.649550e-03 -4.468836e-05
8.244444e+01 -3.293170e-03 -3.994411e-05
8.322222e+01 -2.969915e-03 -3.568656e-05
8.400000e+01 -2.676904e-03 -3.186791e-05
8.477778e+01 -2.411484e-03 -2.844477e-05
8.555556e+01 -2.171215e-03 -2.537784e-05
8.633333e+01 -1.953856e-03 -2.263154e-05
8.711111e+01 -1.757355e-03 -2.017371e-05
8.788889e+01 -1.579827e-03 -1.797527e-05
8.866667e+01 -1.419549e-03 -1.600996e-05
8.944444e+01 -1.274943e-03 -1.425402e-05
9.022222e+01 -1.144560e-03 -1.268601e-05
9.100000e+01 -1.027067e-03 -1.128646e-05
9.177778e+01 -9.212376e-04 -1.003770e-05
9.255556e+01 -8.259307e-04 -8.923621e-06
9.333333e+01 -7.400824e-04 -7.929455e-06
9.488889e+01 -5.940184e-04 -6.260147e-06
9.644444e+01 -4.755112e-04 -4.930415e-06
9.800000e+01 -3.798137e-04 -3.875650e-06
9.955556e+01 -3.028657e-04 -3.042178e-06
1.011111e+02 -2.412211e-04 -2.385703e-06
1.026667e+02 -1.919799e-04 -1.869934e-06
1.042222e+02 -1.527245e-04 -1.465373e-06
1.057778e+02 -1.214587e-04 -1.148244e-06
1.073333e+02 -9.655256e-05 -8.995580e-07
1.088889e+02 -7.669000e-05 -7.042959e-07
1.104444e+02 -6.082090e-05 -5.506922e-07
1.120000e+02 -4.811731e-05 -4.296188e-07
1.135556e+02 -3.793362e-05 -3.340534e-07
1.151111e+02 -2.977080e-05 -2.586267e-07
1.166667e+02 -2.324470e-05 -1.992403e-07
1.182222e+02 -1.805840e-05 -1.527496e-07
1.197778e+02 -1.397861e-05 -1.167046e-07
1.213333e+02 -1.081617e-05 -8.914423e-08
1.228889e+02 -8.410498e-06 -6.843986e-08
1.244444e+02 -6.618233e-06 -5.318223e-08
1.260000e+02 -5.305808e-06 -4.210959e-08
1.275556e+02 -4.346154e-06 -3.407263e-08
1.291111e+02 -3.619425e-06 -2.803341e-08
1.306667e+02 -3.017788e-06 -2.309531e-08
1.322222e+02 -2.454265e-06 -1.856167e-08
1.337778e+02 -1.875632e-06 -1.402051e-08
1.353333e+02 -1.279365e-06 -9.453433e-09
1.368889e+02 -7.346481e-07 -5.366748e-09
1.384444e+02 -4.074353e-07 -2.942951e-09
1.400000e+02 -5.895609e-07 -4.211149e-09
1.404667e+02 -5.465671e-07 -3.891080e-09
1.409333e+02 -5.066754e-07 -3.595142e-09
1.414000e+02 -4.696657e-07 -3.321540e-09
1.418667e+02 -4.353327e-07 -3.068605e-09
1.423333e+02 -4.034854e-07 -2.834792e-09
1.428000e+02 -3.739459e-07 -2.618669e-09
1.432667e+02 -3.465485e-07 -2.418906e-09
1.437333e+02 -3.211396e-07 -2.234274e-09
1.442000e+02 -2.975762e-07 -2.063635e-09
1.446667e+02 -2.757254e-07 -1.905936e-09
1.451333e+02 -2.554640e-07 -1.760202e-09
1.456000e+02 -2.366774e-07 -1.625531e-09
1.460667e+02 -2.192594e-07 -1.501091e-09
1.465333e+02 -2.031113e-07 -1.386110e-09
1.470000e+02 -1.881417e-07 -1.279875e-09
1.474667e+02 -1.742654e-07 -1.181727e-09
1.479333e+02 -1.614035e-07 -1.091056e-09
1.484000e+02 -1.494828e-07 -1.007297e-09
1.488667e+02 -1.384352e-07 -9.299273e-10
1.493333e+02 -1.281973e-07 -8.584642e-10
1.498000e+02 -1.187104e-07 -7.924595e-10
1.502667e+02 -1.099199e-07 -7.314987e-10
1.507333e+02 -1.017749e-07 -6.751982e-10
1.512000e+02 -9.422826e-08 -6.232028e-10
1.516667e+02 -8.723628e-08 -5.751843e-10
1.521333e+02 -8.075840e-08 -5.308396e-10
1.526000e+02 -7.475712e-08 -4.898894e-10
1.530667e+02 -6.919793e-08 -4.520771e-10
1.535333e+02 -6.404916e-08 -4.171678e-10
1.540000e+02 -5.928193e-08 -3.849476e-10
1.545133e+02 -5.444282e-08 -3.523503e-10
1.550267e+02 -4.999529e-08 -3.224948e-10
1.555400e+02 -4.590817e-08 -2.951535e-10
1.560533e+02 -4.215264e-08 -2.701169e-10
1.565667e+02 -3.870209e-08 -2.471924e-10
1.570800e+02 -3.553199e-08 -2.262031e-10
1.575933e+02 -3.261971e-08 -2.069866e-10
1.581067e+02 -2.994442e-08 -1.893938e-10
1.586200e+02 -2.748696e-08 -1.732881e-10
1.591333e+02 -2.522969e-08 -1.585444e-10
1.596467e+02 -2.315642e-08 -1.450479e-10
1.601600e+02 -2.125223e-08 -1.326937e-10
1.606733e+02 -1.950345e-08 -1.213857e-10
1.611867e+02 -1.789749e-08 -1.110358e-10
1.617000e+02 -1.642280e-08 -1.015634e-10
1.622133e+02 -1.506877e-08 -9.289476e-11
1.627267e+02 -1.382561e-08 -8.496219e-11
1.632400e+02 -1.268436e-08 -7.770375e-11
1.637533e+02 -1.163673e-08 -7.106257e-11
1.642667e+02 -1.067512e-08 -6.498655e-11
1.647800e+02 -9.792516e-09 -5.942782e-11
1.652933e+02 -8.982452e-09 -5.434249e-11
1.658067e+02 -8.238979e-09 -4.969028e-11
1.663200e+02 -7.556623e-09 -4.543424e-11
1.668333e+02 -6.930351e-09 -4.154056e-11
1.673467e+02 -6.355553e-09 -3.797836e-11
1.678600e+02 -5.828021e-09 -3.471954e-11
1.683733e+02 -5.343941e-09 -3.173864e-11
1.688867e+02 -4.899885e-09 -2.901286e-11
1.694000e+02 -4.492812e-09 -2.652191e-11
1.699647e+02 -4.083574e-09 -2.402602e-11
1.705293e+02 -3.711332e-09 -2.176360e-11
1.710940e+02 -3.372799e-09 -1.971314e-11
1.716587e+02 -3.064964e-09 -1.785499e-11
1.722233e+02 -2.785071e-09 -1.617128e-11
1.727880e+02 -2.530604e-09 -1.464572e-11
1.733527e+02 -2.299265e-09 -1.326351e-11
1.739173e+02 -2.088961e-09 -1.201123e-11
1.744820e+02 -1.897784e-09 -1.087668e-11
1.750467e+02 -1.724001e-09 -9.848807e-12
1.756113e+02 -1.566033e-09 -8.917607e-12
1.761760e+02 -1.422447e-09 -8.074009e-12
1.767407e+02 -1.291940e-09 -7.309804e-12
1.773053e+02 -1.173329e-09 -6.617559e-12
1.778700e+02 -1.065538e-09 -5.990543e-12
1.784347e+02 -9.675898e-10 -5.422656e-12
1.789993e+02 -8.785951e-10 -4.908371e-12
1.795640e+02 -7.977439e-10 -4.442671e-12
1.801287e+02 -7.242982e-10 -4.021005e-12
1.806933e+02 -6.575850e-10 -3.639232e-12
1.812580e+02 -5.969900e-10 -3.293592e-12
1.818227e+02 -5.419522e-10 -2.980664e-12
1.823873e+02 -4.919596e-10 -2.697334e-12
1.829520e+02 -4.465456e-10 -2.440780e-12
1.835167e+02 -4.052857e-10 -2.208441e-12
1.840813e+02 -3.677962e-10 -1.998009e-12
1.846460e+02 -3.337324e-10 -1.807417e-12
1.852107e+02 -3.027885e-10 -1.634833e-12
1.857753e+02 -2.746984e-10 -1.478659e-12
1.863400e+02 -2.492363e-10 -1.337535e-12
1.869611e+02 -2.238904e-10 -1.197524e-12
1.875823e+02 -2.010857e-10 -1.071987e-12
1.882034e+02 -1.805707e-10 -9.594442e-13
1.888245e+02 -1.621167e-10 -8.585573e-13
1.894457e+02 -1.455164e-10 -7.681169e-13
1.900668e+02 -1.305822e-10 -6.870332e-13
1.906879e+02 -1.171443e-10 -6.143247e-13
1.913091e+02 -1.050496e-10 -5.491093e-13
1.919302e+02 -9.415992e-11 -4.905946e-13
1.925513e+02 -8.435089e-11 -4.380696e-13
1.931725e+02 -7.551046e-11 -3.908966e-13
1.937936e+02 -6.753780e-11 -3.485038e-13
1.944147e+02 -6.034213e-11 -3.103784e-13
1.950359e+02 -5.384161e-11 -2.760601e-13
1.956570e+02 -4.796244e-11 -2.451353e-13
1.962781e+02 -4.263785e-11 -2.172318e-13
1.968993e+02 -3.780735e-11 -1.920136e-13
1.975204e+02 -3.341587e-11 -1.691768e-13
1.981415e+02 -2.941318e-11 -1.484453e-13
1.987627e+02 -2.575318e-11 -1.295675e-13
1.993838e+02 -2.239344e-11 -1.123132e-13
2.000049e+02 -1.929467e-11 -9.647099e-14
2.006261e+02 -1.642042e-11 -8.184587e-14
2.012472e+02 -1.373666e-11 -6.825765e-14
2.018683e+02 -1.121165e-11 -5.553944e-14
2.024895e+02 -8.815732e-12 -4.353675e-14
2.031106e+02 -6.521228e-12 -3.210678e-14
2.037317e+02 -4.302474e-12 -2.111833e-14
2.043529e+02 -2.135865e-12 -1.045185e-14
2.049740e+02 0.000000e+00
