# 
# Output from EIGENRAD program.
# 
# Eigenfunction for specific electronic state.
# The first column contains radius $r$ in bohr units.
# The second column holds value of eginefunction.
# 
# Use this file with gnuplot to create the plot.
#
0.000000e+00 0.000000e+00 2.931808e-08
4.861111e-02 -4.763257e-07 -9.798700e-06
9.722222e-02 -3.751943e-06 -3.859142e-05
1.458333e-01 -1.245788e-05 -8.542544e-05
1.944444e-01 -2.905062e-05 -1.494032e-04
2.430556e-01 -5.581830e-05 -2.296524e-04
2.916667e-01 -9.488675e-05 -3.253260e-04
3.402778e-01 -1.482254e-04 -4.356012e-04
3.888889e-01 -2.176531e-04 -5.596795e-04
4.375000e-01 -3.048438e-04 -6.967857e-04
4.861111e-01 -4.113318e-04 -8.461682e-04
5.347222e-01 -5.385176e-04 -1.007098e-03
5.833333e-01 -6.876727e-04 -1.178868e-03
6.319444e-01 -8.599453e-04 -1.360793e-03
6.805556e-01 -1.056364e-03 -1.552209e-03
7.291667e-01 -1.277846e-03 -1.752474e-03
7.777778e-01 -1.525196e-03 -1.960966e-03
8.263889e-01 -1.799116e-03 -2.177081e-03
8.750000e-01 -2.100209e-03 -2.400239e-03
9.236111e-01 -2.428980e-03 -2.629873e-03
9.722222e-01 -2.785845e-03 -2.865441e-03
1.020833e+00 -3.171131e-03 -3.106414e-03
1.069444e+00 -3.585081e-03 -3.352284e-03
1.118056e+00 -4.027861e-03 -3.602559e-03
1.166667e+00 -4.499558e-03 -3.856764e-03
1.215278e+00 -5.000189e-03 -4.114441e-03
1.263889e+00 -5.529700e-03 -4.375147e-03
1.312500e+00 -6.087972e-03 -4.638455e-03
1.361111e+00 -6.674824e-03 -4.903952e-03
1.409722e+00 -7.290015e-03 -5.171242e-03
1.458333e+00 -7.933247e-03 -5.439941e-03
1.506944e+00 -8.604176e-03 -5.709684e-03
1.555556e+00 -9.302403e-03 -5.980116e-03
1.604167e+00 -1.002748e-02 -6.250897e-03
1.652778e+00 -1.077892e-02 -6.521698e-03
1.701389e+00 -1.155618e-02 -6.792206e-03
1.750000e+00 -1.235871e-02 -7.062117e-03
1.798611e+00 -1.318588e-02 -7.331143e-03
1.847222e+00 -1.403705e-02 -7.599005e-03
1.895833e+00 -1.491156e-02 -7.865437e-03
1.944444e+00 -1.580869e-02 -8.130184e-03
1.993056e+00 -1.672772e-02 -8.393002e-03
2.041667e+00 -1.766788e-02 -8.653657e-03
2.090278e+00 -1.862840e-02 -8.911927e-03
2.138889e+00 -1.960847e-02 -9.167598e-03
2.187500e+00 -2.060727e-02 -9.420468e-03
2.236111e+00 -2.162396e-02 -9.670344e-03
2.284722e+00 -2.265768e-02 -9.917040e-03
2.333333e+00 -2.370756e-02 -1.016038e-02
2.381944e+00 -2.477271e-02 -1.040021e-02
2.430556e+00 -2.585225e-02 -1.063635e-02
2.479167e+00 -2.694525e-02 -1.086867e-02
2.527778e+00 -2.805082e-02 -1.109703e-02
2.576389e+00 -2.916802e-02 -1.132128e-02
2.625000e+00 -3.029593e-02 -1.154131e-02
2.673611e+00 -3.143363e-02 -1.175699e-02
2.722222e+00 -3.258017e-02 -1.196823e-02
2.770833e+00 -3.373462e-02 -1.217490e-02
2.819444e+00 -3.489605e-02 -1.237692e-02
2.868056e+00 -3.606351e-02 -1.257420e-02
2.916667e+00 -3.723607e-02 -1.276665e-02
3.013889e+00 -3.959274e-02 -1.313676e-02
3.111111e+00 -4.195871e-02 -1.348673e-02
3.208333e+00 -4.432663e-02 -1.381609e-02
3.305556e+00 -4.668922e-02 -1.412447e-02
3.402778e+00 -4.903939e-02 -1.441158e-02
3.500000e+00 -5.137018e-02 -1.467720e-02
3.597222e+00 -5.367483e-02 -1.492119e-02
3.694444e+00 -5.594675e-02 -1.514348e-02
3.791667e+00 -5.817956e-02 -1.534406e-02
3.888889e+00 -6.036711e-02 -1.552297e-02
3.986111e+00 -6.250347e-02 -1.568031e-02
4.083333e+00 -6.458294e-02 -1.581623e-02
4.180556e+00 -6.660007e-02 -1.593091e-02
4.277778e+00 -6.854968e-02 -1.602460e-02
4.375000e+00 -7.042682e-02 -1.609756e-02
4.472222e+00 -7.222683e-02 -1.615010e-02
4.569444e+00 -7.394532e-02 -1.618256e-02
4.666667e+00 -7.557817e-02 -1.619532e-02
4.763889e+00 -7.712153e-02 -1.618878e-02
4.861111e+00 -7.857184e-02 -1.616335e-02
4.958333e+00 -7.992580e-02 -1.611949e-02
5.055556e+00 -8.118041e-02 -1.605766e-02
5.152778e+00 -8.233294e-02 -1.597836e-02
5.250000e+00 -8.338091e-02 -1.588208e-02
5.347222e+00 -8.432214e-02 -1.576934e-02
5.444444e+00 -8.515469e-02 -1.564066e-02
5.541667e+00 -8.587688e-02 -1.549658e-02
5.638889e+00 -8.648728e-02 -1.533765e-02
5.736111e+00 -8.698471e-02 -1.516440e-02
5.833333e+00 -8.736820e-02 -1.497741e-02
5.930556e+00 -8.763715e-02 -1.477722e-02
6.027778e+00 -8.779110e-02 -1.456442e-02
6.125000e+00 -8.782983e-02 -1.433956e-02
6.222222e+00 -8.775332e-02 -1.410321e-02
6.319444e+00 -8.756181e-02 -1.385593e-02
6.416667e+00 -8.725571e-02 -1.359829e-02
6.513889e+00 -8.683565e-02 -1.333085e-02
6.611111e+00 -8.630246e-02 -1.305415e-02
6.708333e+00 -8.565715e-02 -1.276877e-02
6.805556e+00 -8.490091e-02 -1.247524e-02
6.902778e+00 -8.403510e-02 -1.217410e-02
7.000000e+00 -8.306125e-02 -1.186589e-02
7.097222e+00 -8.198104e-02 -1.155114e-02
7.194444e+00 -8.079631e-02 -1.123037e-02
7.291667e+00 -7.950902e-02 -1.090409e-02
7.388889e+00 -7.812130e-02 -1.057281e-02
7.486111e+00 -7.663538e-02 -1.023701e-02
7.583333e+00 -7.505362e-02 -9.897180e-03
7.680556e+00 -7.337849e-02 -9.553799e-03
7.777778e+00 -7.161256e-02 -9.207330e-03
7.875000e+00 -6.975853e-02 -8.858226e-03
7.972222e+00 -6.781915e-02 -8.506932e-03
8.069444e+00 -6.579728e-02 -8.153880e-03
8.166667e+00 -6.369586e-02 -7.799494e-03
8.263889e+00 -6.151789e-02 -7.444182e-03
8.361111e+00 -5.926645e-02 -7.088346e-03
8.458333e+00 -5.694464e-02 -6.732372e-03
8.555556e+00 -5.455567e-02 -6.376636e-03
8.652778e+00 -5.210274e-02 -6.021504e-03
8.750000e+00 -4.958912e-02 -5.667328e-03
8.847222e+00 -4.701812e-02 -5.314451e-03
8.944444e+00 -4.439308e-02 -4.963201e-03
9.041667e+00 -4.171733e-02 -4.613898e-03
9.138889e+00 -3.899426e-02 -4.266849e-03
9.236111e+00 -3.622724e-02 -3.922347e-03
9.333333e+00 -3.341967e-02 -3.580678e-03
9.430556e+00 -3.057494e-02 -3.242114e-03
9.527778e+00 -2.769644e-02 -2.906915e-03
9.625000e+00 -2.478757e-02 -2.575332e-03
9.722222e+00 -2.185169e-02 -2.247603e-03
9.819444e+00 -1.889217e-02 -1.923955e-03
9.916667e+00 -1.591235e-02 -1.604607e-03
1.001389e+01 -1.291555e-02 -1.289763e-03
1.011111e+01 -9.905056e-03 -9.796210e-04
1.020833e+01 -6.884138e-03 -6.743645e-04
1.030556e+01 -3.856022e-03 -3.741693e-04
1.040278e+01 -8.239010e-04 -7.920009e-05
1.050000e+01 2.209073e-03 2.103879e-04
1.059722e+01 5.239789e-03 4.944493e-04
1.069444e+01 8.265183e-03 7.728483e-04
1.079167e+01 1.128224e-02 1.045459e-03
1.088889e+01 1.428799e-02 1.312163e-03
1.098611e+01 1.727953e-02 1.572853e-03
1.108333e+01 2.025400e-02 1.827428e-03
1.118056e+01 2.320859e-02 2.075800e-03
1.127778e+01 2.614057e-02 2.317883e-03
1.137500e+01 2.904726e-02 2.553605e-03
1.147222e+01 3.192604e-02 2.782899e-03
1.156944e+01 3.477435e-02 3.005706e-03
1.166667e+01 3.758971e-02 3.221976e-03
1.186111e+01 4.311183e-02 3.634721e-03
1.205556e+01 4.847420e-02 4.020902e-03
1.225000e+01 5.365924e-02 4.380346e-03
1.244444e+01 5.865060e-02 4.712994e-03
1.263889e+01 6.343311e-02 5.018883e-03
1.283333e+01 6.799285e-02 5.298144e-03
1.302778e+01 7.231707e-02 5.550990e-03
1.322222e+01 7.639422e-02 5.777714e-03
1.341667e+01 8.021394e-02 5.978679e-03
1.361111e+01 8.376702e-02 6.154312e-03
1.380556e+01 8.704541e-02 6.305100e-03
1.400000e+01 9.004218e-02 6.431585e-03
1.419444e+01 9.275153e-02 6.534354e-03
1.438889e+01 9.516873e-02 6.614043e-03
1.458333e+01 9.729011e-02 6.671322e-03
1.477778e+01 9.911307e-02 6.706900e-03
1.497222e+01 1.006360e-01 6.721513e-03
1.516667e+01 1.018582e-01 6.715926e-03
1.536111e+01 1.027801e-01 6.690926e-03
1.555556e+01 1.034027e-01 6.647319e-03
1.575000e+01 1.037284e-01 6.585927e-03
1.594444e+01 1.037598e-01 6.507583e-03
1.613889e+01 1.035008e-01 6.413129e-03
1.633333e+01 1.029557e-01 6.303413e-03
1.652778e+01 1.021298e-01 6.179284e-03
1.672222e+01 1.010289e-01 6.041593e-03
1.691667e+01 9.965919e-02 5.891184e-03
1.711111e+01 9.802779e-02 5.728897e-03
1.730556e+01 9.614207e-02 5.555561e-03
1.750000e+01 9.400991e-02 5.371995e-03
1.769444e+01 9.164005e-02 5.179030e-03
1.788889e+01 8.904125e-02 4.977461e-03
1.808333e+01 8.622273e-02 4.768077e-03
1.827778e+01 8.319406e-02 4.551650e-03
1.847222e+01 7.996508e-02 4.328937e-03
1.866667e+01 7.654593e-02 4.100675e-03
1.886111e+01 7.294693e-02 3.867584e-03
1.905556e+01 6.917863e-02 3.630365e-03
1.925000e+01 6.525168e-02 3.389698e-03
1.944444e+01 6.117690e-02 3.146241e-03
1.963889e+01 5.696518e-02 2.900631e-03
1.983333e+01 5.262745e-02 2.653485e-03
2.002778e+01 4.817469e-02 2.405394e-03
2.022222e+01 4.361788e-02 2.156928e-03
2.041667e+01 3.896798e-02 1.908636e-03
2.061111e+01 3.423587e-02 1.661039e-03
2.080556e+01 2.943239e-02 1.414641e-03
2.100000e+01 2.456826e-02 1.169917e-03
2.119444e+01 1.965409e-02 9.273228e-04
2.138889e+01 1.470036e-02 6.872894e-04
2.158333e+01 9.717368e-03 4.502255e-04
2.177778e+01 4.715255e-03 2.165168e-04
2.197222e+01 -2.960386e-04 -1.347331e-05
2.216667e+01 -5.306782e-03 -2.394037e-04
2.236111e+01 -1.030747e-02 -4.609550e-04
2.255556e+01 -1.528882e-02 -6.778293e-04
2.275000e+01 -2.024181e-02 -8.897498e-04
2.294444e+01 -2.515767e-02 -1.096460e-03
2.313889e+01 -3.002791e-02 -1.297725e-03
2.333333e+01 -3.484430e-02 -1.493327e-03
2.372222e+01 -4.428288e-02 -1.866726e-03
2.411111e+01 -5.341654e-02 -2.215433e-03
2.450000e+01 -6.218875e-02 -2.538316e-03
2.488889e+01 -7.054861e-02 -2.834542e-03
2.527778e+01 -7.845067e-02 -3.103543e-03
2.566667e+01 -8.585484e-02 -3.344994e-03
2.605556e+01 -9.272618e-02 -3.558787e-03
2.644444e+01 -9.903481e-02 -3.745014e-03
2.683333e+01 -1.047557e-01 -3.903938e-03
2.722222e+01 -1.098684e-01 -4.035983e-03
2.761111e+01 -1.143572e-01 -4.141709e-03
2.800000e+01 -1.182105e-01 -4.221802e-03
2.838889e+01 -1.214208e-01 -4.277055e-03
2.877778e+01 -1.239849e-01 -4.308356e-03
2.916667e+01 -1.259029e-01 -4.316672e-03
2.955556e+01 -1.271787e-01 -4.303040e-03
2.994444e+01 -1.278195e-01 -4.268555e-03
3.033333e+01 -1.278354e-01 -4.214354e-03
3.072222e+01 -1.272396e-01 -4.141614e-03
3.111111e+01 -1.260477e-01 -4.051535e-03
3.150000e+01 -1.242781e-01 -3.945335e-03
3.188889e+01 -1.219508e-01 -3.824240e-03
3.227778e+01 -1.190881e-01 -3.689475e-03
3.266667e+01 -1.157137e-01 -3.542258e-03
3.305556e+01 -1.118530e-01 -3.383789e-03
3.344444e+01 -1.075321e-01 -3.215246e-03
3.383333e+01 -1.027782e-01 -3.037780e-03
3.422222e+01 -9.761892e-02 -2.852501e-03
3.461111e+01 -9.208212e-02 -2.660479e-03
3.500000e+01 -8.619568e-02 -2.462734e-03
3.538889e+01 -7.999154e-02 -2.260358e-03
3.577778e+01 -7.349742e-02 -2.054276e-03
3.616667e+01 -6.674270e-02 -1.845420e-03
3.655556e+01 -5.975649e-02 -1.634676e-03
3.694444e+01 -5.256750e-02 -1.422880e-03
3.733333e+01 -4.520397e-02 -1.210821e-03
3.772222e+01 -3.769355e-02 -9.992400e-04
3.811111e+01 -3.006325e-02 -7.888317e-04
3.850000e+01 -2.233937e-02 -5.802434e-04
3.888889e+01 -1.454740e-02 -3.740759e-04
3.927778e+01 -6.711991e-03 -1.708852e-04
3.966667e+01 1.143102e-03 2.881770e-05
4.005556e+01 8.995083e-03 2.245652e-04
4.044444e+01 1.682215e-02 4.159322e-04
4.083333e+01 2.460352e-02 6.025352e-04
4.122222e+01 3.231948e-02 7.840306e-04
4.161111e+01 3.995140e-02 9.601137e-04
4.200000e+01 4.748173e-02 1.130517e-03
4.238889e+01 5.489403e-02 1.295010e-03
4.277778e+01 6.217300e-02 1.453395e-03
4.316667e+01 6.930441e-02 1.605507e-03
4.355556e+01 7.627515e-02 1.751215e-03
4.394444e+01 8.307321e-02 1.890414e-03
4.433333e+01 8.968762e-02 2.023029e-03
4.472222e+01 9.610847e-02 2.149009e-03
4.511111e+01 1.023268e-01 2.268329e-03
4.550000e+01 1.083348e-01 2.380984e-03
4.588889e+01 1.141252e-01 2.486990e-03
4.627778e+01 1.196921e-01 2.586383e-03
4.666667e+01 1.250299e-01 2.679212e-03
4.705556e+01 1.301349e-01 2.765559e-03
4.744444e+01 1.350036e-01 2.845510e-03
4.783333e+01 1.396333e-01 2.919162e-03
4.822222e+01 1.440220e-01 2.986631e-03
4.861111e+01 1.481686e-01 3.048040e-03
4.900000e+01 1.520727e-01 3.103524e-03
4.938889e+01 1.557344e-01 3.153227e-03
4.977778e+01 1.591546e-01 3.197301e-03
5.016667e+01 1.623346e-01 3.235905e-03
5.055556e+01 1.652764e-01 3.269203e-03
5.094444e+01 1.679824e-01 3.297364e-03
5.133333e+01 1.704555e-01 3.320562e-03
5.172222e+01 1.726991e-01 3.338973e-03
5.211111e+01 1.747168e-01 3.352775e-03
5.250000e+01 1.765129e-01 3.362150e-03
5.288889e+01 1.780916e-01 3.367278e-03
5.327778e+01 1.794578e-01 3.368343e-03
5.366667e+01 1.806165e-01 3.365524e-03
5.405556e+01 1.815728e-01 3.359004e-03
5.444444e+01 1.823324e-01 3.348962e-03
5.483333e+01 1.829007e-01 3.335576e-03
5.522222e+01 1.832838e-01 3.319022e-03
5.561111e+01 1.834874e-01 3.299474e-03
5.600000e+01 1.835177e-01 3.277103e-03
5.638889e+01 1.833809e-01 3.252075e-03
5.677778e+01 1.830832e-01 3.224557e-03
5.716667e+01 1.826308e-01 3.194707e-03
5.755556e+01 1.820300e-01 3.162683e-03
5.794444e+01 1.812871e-01 3.128637e-03
5.833333e+01 1.804085e-01 3.092718e-03
5.872222e+01 1.794005e-01 3.055070e-03
5.911111e+01 1.782692e-01 3.015833e-03
5.950000e+01 1.770210e-01 2.975142e-03
5.988889e+01 1.756618e-01 2.933129e-03
6.027778e+01 1.741979e-01 2.889919e-03
6.066667e+01 1.726352e-01 2.845635e-03
6.105556e+01 1.709795e-01 2.800393e-03
6.144444e+01 1.692367e-01 2.754305e-03
6.183333e+01 1.674125e-01 2.707479e-03
6.222222e+01 1.655123e-01 2.660019e-03
6.261111e+01 1.635416e-01 2.612022e-03
6.300000e+01 1.615058e-01 2.563584e-03
6.338889e+01 1.594099e-01 2.514793e-03
6.377778e+01 1.572590e-01 2.465734e-03
6.416667e+01 1.550581e-01 2.416490e-03
6.455556e+01 1.528118e-01 2.367136e-03
6.494444e+01 1.505247e-01 2.317745e-03
6.533333e+01 1.482013e-01 2.268387e-03
6.572222e+01 1.458458e-01 2.219125e-03
6.611111e+01 1.434625e-01 2.170021e-03
6.650000e+01 1.410552e-01 2.121131e-03
6.688889e+01 1.386279e-01 2.072510e-03
6.727778e+01 1.361842e-01 2.024208e-03
6.766667e+01 1.337276e-01 1.976270e-03
6.805556e+01 1.312615e-01 1.928741e-03
6.844444e+01 1.287892e-01 1.881660e-03
6.883333e+01 1.263136e-01 1.835065e-03
6.922222e+01 1.238379e-01 1.788990e-03
6.961111e+01 1.213647e-01 1.743467e-03
7.000000e+01 1.188968e-01 1.698525e-03
7.077778e+01 1.139865e-01 1.610484e-03
7.155556e+01 1.091254e-01 1.525045e-03
7.233333e+01 1.043302e-01 1.442352e-03
7.311111e+01 9.961522e-02 1.362518e-03
7.388889e+01 9.499326e-02 1.285623e-03
7.466667e+01 9.047516e-02 1.211721e-03
7.544444e+01 8.607016e-02 1.140842e-03
7.622222e+01 8.178596e-02 1.072994e-03
7.700000e+01 7.762886e-02 1.008167e-03
7.777778e+01 7.360387e-02 9.463355e-04
7.855556e+01 6.971480e-02 8.874585e-04
7.933333e+01 6.596439e-02 8.314839e-04
8.011111e+01 6.235440e-02 7.783489e-04
8.088889e+01 5.888568e-02 7.279823e-04
8.166667e+01 5.555831e-02 6.803059e-04
8.244444e+01 5.237165e-02 6.352357e-04
8.322222e+01 4.932441e-02 5.926832e-04
8.400000e+01 4.641477e-02 5.525568e-04
8.477778e+01 4.364041e-02 5.147623e-04
8.555556e+01 4.099859e-02 4.792043e-04
8.633333e+01 3.848624e-02 4.457866e-04
8.711111e+01 3.609998e-02 4.144130e-04
8.788889e+01 3.383619e-02 3.849882e-04
8.866667e+01 3.169105e-02 3.574179e-04
8.944444e+01 2.966062e-02 3.316095e-04
9.022222e+01 2.774084e-02 3.074723e-04
9.100000e+01 2.592756e-02 2.849182e-04
9.177778e+01 2.421662e-02 2.638614e-04
9.255556e+01 2.260383e-02 2.442190e-04
9.333333e+01 2.108501e-02 2.259108e-04
9.488889e+01 1.831116e-02 1.929748e-04
9.644444e+01 1.586605e-02 1.645097e-04
9.800000e+01 1.371656e-02 1.399649e-04
9.955556e+01 1.183212e-02 1.188495e-04
1.011111e+02 1.018462e-02 1.007270e-04
1.026667e+02 8.748219e-03 8.520993e-05
1.042222e+02 7.499298e-03 7.195489e-05
1.057778e+02 6.416308e-03 6.065837e-05
1.073333e+02 5.479665e-03 5.105278e-05
1.088889e+02 4.671642e-03 4.290283e-05
1.104444e+02 3.976249e-03 3.600226e-05
1.120000e+02 3.379135e-03 3.017085e-05
1.135556e+02 2.867473e-03 2.525172e-05
1.151111e+02 2.429856e-03 2.110878e-05
1.166667e+02 2.056193e-03 1.762451e-05
1.182222e+02 1.737611e-03 1.469783e-05
1.197778e+02 1.466344e-03 1.224220e-05
1.213333e+02 1.235644e-03 1.018388e-05
1.228889e+02 1.039678e-03 8.460308e-06
1.244444e+02 8.734309e-04 7.018641e-06
1.260000e+02 7.326144e-04 5.814400e-06
1.275556e+02 6.135719e-04 4.810232e-06
1.291111e+02 5.131872e-04 3.974772e-06
1.306667e+02 4.287954e-04 3.281598e-06
1.322222e+02 3.580943e-04 2.708276e-06
1.337778e+02 2.990578e-04 2.235482e-06
1.353333e+02 2.498510e-04 1.846190e-06
1.368889e+02 2.087468e-04 1.524936e-06
1.384444e+02 1.740441e-04 1.257140e-06
1.400000e+02 1.439874e-04 1.028482e-06
1.404667e+02 1.361981e-04 9.696114e-07
1.409333e+02 1.288194e-04 9.140450e-07
1.414000e+02 1.218305e-04 8.616015e-07
1.418667e+02 1.152113e-04 8.121095e-07
1.423333e+02 1.089429e-04 7.654067e-07
1.428000e+02 1.030073e-04 7.213395e-07
1.432667e+02 9.738730e-05 6.797625e-07
1.437333e+02 9.206666e-05 6.405380e-07
1.442000e+02 8.702986e-05 6.035358e-07
1.446667e+02 8.226218e-05 5.686326e-07
1.451333e+02 7.774966e-05 5.357119e-07
1.456000e+02 7.347901e-05 5.046636e-07
1.460667e+02 6.943763e-05 4.753832e-07
1.465333e+02 6.561355e-05 4.477722e-07
1.470000e+02 6.199540e-05 4.217374e-07
1.474667e+02 5.857238e-05 3.971907e-07
1.479333e+02 5.533426e-05 3.740486e-07
1.484000e+02 5.227131e-05 3.522326e-07
1.488667e+02 4.937430e-05 3.316679e-07
1.493333e+02 4.663447e-05 3.122844e-07
1.498000e+02 4.404351e-05 2.940154e-07
1.502667e+02 4.159353e-05 2.767981e-07
1.507333e+02 3.927704e-05 2.605730e-07
1.512000e+02 3.708694e-05 2.452840e-07
1.516667e+02 3.501650e-05 2.308780e-07
1.521333e+02 3.305934e-05 2.173050e-07
1.526000e+02 3.120939e-05 2.045176e-07
1.530667e+02 2.946094e-05 1.924713e-07
1.535333e+02 2.780855e-05 1.811238e-07
1.540000e+02 2.624709e-05 1.704357e-07
1.545133e+02 2.462865e-05 1.593950e-07
1.550267e+02 2.310811e-05 1.490589e-07
1.555400e+02 2.167970e-05 1.393834e-07
1.560533e+02 2.033797e-05 1.303271e-07
1.565667e+02 1.907778e-05 1.218508e-07
1.570800e+02 1.789427e-05 1.139182e-07
1.575933e+02 1.678288e-05 1.064949e-07
1.581067e+02 1.573930e-05 9.954865e-08
1.586200e+02 1.475949e-05 9.304934e-08
1.591333e+02 1.383961e-05 8.696864e-08
1.596467e+02 1.297608e-05 8.127998e-08
1.601600e+02 1.216551e-05 7.595847e-08
1.606733e+02 1.140472e-05 7.098077e-08
1.611867e+02 1.069071e-05 6.632500e-08
1.617000e+02 1.002066e-05 6.197067e-08
1.622133e+02 9.391916e-06 5.789855e-08
1.627267e+02 8.801987e-06 5.409062e-08
1.632400e+02 8.248519e-06 5.053001e-08
1.637533e+02 7.729303e-06 4.720089e-08
1.642667e+02 7.242258e-06 4.408842e-08
1.647800e+02 6.785426e-06 4.117870e-08
1.652933e+02 6.356967e-06 3.845870e-08
1.658067e+02 5.955146e-06 3.591620e-08
1.663200e+02 5.578335e-06 3.353977e-08
1.668333e+02 5.225001e-06 3.131868e-08
1.673467e+02 4.893704e-06 2.924291e-08
1.678600e+02 4.583094e-06 2.730308e-08
1.683733e+02 4.291903e-06 2.549040e-08
1.688867e+02 4.018945e-06 2.379670e-08
1.694000e+02 3.763112e-06 2.221436e-08
1.699647e+02 3.500185e-06 2.059360e-08
1.705293e+02 3.255357e-06 1.908972e-08
1.710940e+02 3.027407e-06 1.769441e-08
1.716587e+02 2.815192e-06 1.639994e-08
1.722233e+02 2.617644e-06 1.519913e-08
1.727880e+02 2.433765e-06 1.408527e-08
1.733527e+02 2.262622e-06 1.305214e-08
1.739173e+02 2.103346e-06 1.209394e-08
1.744820e+02 1.955124e-06 1.120530e-08
1.750467e+02 1.817198e-06 1.038122e-08
1.756113e+02 1.688864e-06 9.617054e-09
1.761760e+02 1.569461e-06 8.908483e-09
1.767407e+02 1.458377e-06 8.251506e-09
1.773053e+02 1.355038e-06 7.642401e-09
1.778700e+02 1.258913e-06 7.077715e-09
1.784347e+02 1.169503e-06 6.554239e-09
1.789993e+02 1.086346e-06 6.068994e-09
1.795640e+02 1.009009e-06 5.619214e-09
1.801287e+02 9.370881e-07 5.202326e-09
1.806933e+02 8.702089e-07 4.815943e-09
1.812580e+02 8.080201e-07 4.457845e-09
1.818227e+02 7.501947e-07 4.125969e-09
1.823873e+02 6.964277e-07 3.818399e-09
1.829520e+02 6.464345e-07 3.533356e-09
1.835167e+02 5.999501e-07 3.269186e-09
1.840813e+02 5.567279e-07 3.024358e-09
1.846460e+02 5.165386e-07 2.797453e-09
1.852107e+02 4.791697e-07 2.587161e-09
1.857753e+02 4.444250e-07 2.392271e-09
1.863400e+02 4.121238e-07 2.211676e-09
1.869611e+02 3.791966e-07 2.028211e-09
1.875823e+02 3.487923e-07 1.859410e-09
1.882034e+02 3.207148e-07 1.704086e-09
1.888245e+02 2.947818e-07 1.561142e-09
1.894457e+02 2.708243e-07 1.429562e-09
1.900668e+02 2.486853e-07 1.308410e-09
1.906879e+02 2.282191e-07 1.196820e-09
1.913091e+02 2.092908e-07 1.093993e-09
1.919302e+02 1.917753e-07 9.991931e-10
1.925513e+02 1.755565e-07 9.117388e-10
1.931725e+02 1.605268e-07 8.310025e-10
1.937936e+02 1.465863e-07 7.564042e-10
1.944147e+02 1.336422e-07 6.874078e-10
1.950359e+02 1.216083e-07 6.235175e-10
1.956570e+02 1.104042e-07 5.642741e-10
1.962781e+02 9.995497e-08 5.092517e-10
1.968993e+02 9.019062e-08 4.580546e-10
1.975204e+02 8.104546e-08 4.103144e-10
1.981415e+02 7.245779e-08 3.656870e-10
1.987627e+02 6.436947e-08 3.238509e-10
1.993838e+02 5.672546e-08 2.845039e-10
2.000049e+02 4.947357e-08 2.473617e-10
2.006261e+02 4.256402e-08 2.121560e-10
2.012472e+02 3.594924e-08 1.786323e-10
2.018683e+02 2.958357e-08 1.465488e-10
2.024895e+02 2.342299e-08 1.156751e-10
2.031106e+02 1.742500e-08 8.579068e-11
2.037317e+02 1.154836e-08 5.668416e-11
2.043529e+02 5.753030e-09 2.815243e-11
2.049740e+02 0.000000e+00
