# 
# Output from EIGENRAD program.
# 
# Eigenfunction for specific electronic state.
# The first column contains radius $r$ in bohr units.
# The second column holds value of eginefunction.
# 
# Use this file with gnuplot to create the plot.
#
0.000000e+00 0.000000e+00 2.838250e-06
3.472222e-02 4.932834e-05 1.420656e-03
6.944444e-02 1.970501e-04 2.837521e-03
1.041667e-01 4.428227e-04 4.251098e-03
1.388889e-01 7.859947e-04 5.659162e-03
1.736111e-01 1.225624e-03 7.059595e-03
2.083333e-01 1.760497e-03 8.450387e-03
2.430556e-01 2.389147e-03 9.829634e-03
2.777778e-01 3.109870e-03 1.119553e-02
3.125000e-01 3.920744e-03 1.254638e-02
3.472222e-01 4.819647e-03 1.388058e-02
3.819444e-01 5.804268e-03 1.519663e-02
4.166667e-01 6.872133e-03 1.649312e-02
4.513889e-01 8.020610e-03 1.776874e-02
4.861111e-01 9.246933e-03 1.902226e-02
5.208333e-01 1.054821e-02 2.025257e-02
5.555556e-01 1.192146e-02 2.145862e-02
5.902778e-01 1.336357e-02 2.263947e-02
6.250000e-01 1.487140e-02 2.379424e-02
6.597222e-01 1.644170e-02 2.492216e-02
6.944444e-01 1.807119e-02 2.602252e-02
7.291667e-01 1.975656e-02 2.709472e-02
7.638889e-01 2.149446e-02 2.813820e-02
7.986111e-01 2.328153e-02 2.915252e-02
8.333333e-01 2.511440e-02 3.013728e-02
8.680556e-01 2.698974e-02 3.109218e-02
9.027778e-01 2.890421e-02 3.201697e-02
9.375000e-01 3.085452e-02 3.291149e-02
9.722222e-01 3.283742e-02 3.377563e-02
1.006944e+00 3.484970e-02 3.460936e-02
1.041667e+00 3.688824e-02 3.541271e-02
1.076389e+00 3.894974e-02 3.618557e-02
1.111111e+00 4.103119e-02 3.692807e-02
1.145833e+00 4.312955e-02 3.764033e-02
1.180556e+00 4.524183e-02 3.832250e-02
1.215278e+00 4.736513e-02 3.897474e-02
1.250000e+00 4.949660e-02 3.959728e-02
1.284722e+00 5.163345e-02 4.019036e-02
1.319444e+00 5.377297e-02 4.075425e-02
1.354167e+00 5.591252e-02 4.128924e-02
1.388889e+00 5.804952e-02 4.179565e-02
1.423611e+00 6.018147e-02 4.227381e-02
1.458333e+00 6.230595e-02 4.272408e-02
1.493056e+00 6.442058e-02 4.314681e-02
1.527778e+00 6.652309e-02 4.354239e-02
1.562500e+00 6.861126e-02 4.391120e-02
1.597222e+00 7.068294e-02 4.425367e-02
1.631944e+00 7.273607e-02 4.457019e-02
1.666667e+00 7.476864e-02 4.486118e-02
1.701389e+00 7.677873e-02 4.512709e-02
1.736111e+00 7.876449e-02 4.536835e-02
1.770833e+00 8.072412e-02 4.558539e-02
1.805556e+00 8.265592e-02 4.577866e-02
1.840278e+00 8.455823e-02 4.594862e-02
1.875000e+00 8.642947e-02 4.609572e-02
1.909722e+00 8.826813e-02 4.622040e-02
1.944444e+00 9.007277e-02 4.632314e-02
1.979167e+00 9.184200e-02 4.640438e-02
2.013889e+00 9.357449e-02 4.646457e-02
2.048611e+00 9.526899e-02 4.650418e-02
2.083333e+00 9.692429e-02 4.652366e-02
2.152778e+00 1.001129e-01 4.650404e-02
2.222222e+00 1.031318e-01 4.640933e-02
2.291667e+00 1.059737e-01 4.624309e-02
2.361111e+00 1.086320e-01 4.600885e-02
2.430556e+00 1.111008e-01 4.571006e-02
2.500000e+00 1.133753e-01 4.535013e-02
2.569444e+00 1.154513e-01 4.493238e-02
2.638889e+00 1.173252e-01 4.446008e-02
2.708333e+00 1.189944e-01 4.393641e-02
2.777778e+00 1.204568e-01 4.336446e-02
2.847222e+00 1.217109e-01 4.274725e-02
2.916667e+00 1.227558e-01 4.208771e-02
2.986111e+00 1.235912e-01 4.138868e-02
3.055556e+00 1.242173e-01 4.065292e-02
3.125000e+00 1.246347e-01 3.988311e-02
3.194444e+00 1.248447e-01 3.908183e-02
3.263889e+00 1.248489e-01 3.825158e-02
3.333333e+00 1.246493e-01 3.739478e-02
3.402778e+00 1.242482e-01 3.651375e-02
3.472222e+00 1.236484e-01 3.561075e-02
3.541667e+00 1.228531e-01 3.468793e-02
3.611111e+00 1.218655e-01 3.374738e-02
3.680556e+00 1.206895e-01 3.279110e-02
3.750000e+00 1.193288e-01 3.182101e-02
3.819444e+00 1.177877e-01 3.083896e-02
3.888889e+00 1.160706e-01 2.984673e-02
3.958333e+00 1.141821e-01 2.884600e-02
4.027778e+00 1.121269e-01 2.783840e-02
4.097222e+00 1.099100e-01 2.682550e-02
4.166667e+00 1.075365e-01 2.580876e-02
4.305556e+00 1.023413e-01 2.376959e-02
4.444444e+00 9.658237e-02 2.173103e-02
4.583333e+00 9.030492e-02 1.970289e-02
4.722222e+00 8.355461e-02 1.769392e-02
4.861111e+00 7.637737e-02 1.571192e-02
5.000000e+00 6.881917e-02 1.376383e-02
5.138889e+00 6.092575e-02 1.185582e-02
5.277778e+00 5.274241e-02 9.993299e-03
5.416667e+00 4.431383e-02 8.181014e-03
5.555556e+00 3.568383e-02 6.423089e-03
5.694444e+00 2.689525e-02 4.723068e-03
5.833333e+00 1.798977e-02 3.083960e-03
5.972222e+00 9.007758e-03 1.508276e-03
6.111111e+00 -1.182864e-05 -1.935595e-06
6.250000e+00 -9.031576e-03 -1.445052e-03
6.388889e+00 -1.801570e-02 -2.819848e-03
6.527778e+00 -2.693011e-02 -4.125464e-03
6.666667e+00 -3.574250e-02 -5.361375e-03
6.805556e+00 -4.442238e-02 -6.527370e-03
6.944444e+00 -5.294109e-02 -7.623516e-03
7.083333e+00 -6.127184e-02 -8.650142e-03
7.222222e+00 -6.938972e-02 -9.607807e-03
7.361111e+00 -7.727164e-02 -1.049728e-02
7.500000e+00 -8.489633e-02 -1.131951e-02
7.638889e+00 -9.224430e-02 -1.207562e-02
7.777778e+00 -9.929774e-02 -1.276685e-02
7.916667e+00 -1.060405e-01 -1.339459e-02
8.055556e+00 -1.124579e-01 -1.396029e-02
8.194444e+00 -1.185367e-01 -1.446550e-02
8.333333e+00 -1.242650e-01 -1.491180e-02
8.472222e+00 -1.296347e-01 -1.530114e-02
8.611111e+00 -1.346369e-01 -1.563525e-02
8.750000e+00 -1.392648e-01 -1.591597e-02
8.888889e+00 -1.435129e-01 -1.614520e-02
9.027778e+00 -1.473770e-01 -1.632484e-02
9.166667e+00 -1.508544e-01 -1.645684e-02
9.305556e+00 -1.539432e-01 -1.654315e-02
9.444444e+00 -1.566430e-01 -1.658573e-02
9.583333e+00 -1.589542e-01 -1.658653e-02
9.722222e+00 -1.608785e-01 -1.654751e-02
9.861111e+00 -1.624184e-01 -1.647060e-02
1.000000e+01 -1.635771e-01 -1.635771e-02
1.013889e+01 -1.643591e-01 -1.621076e-02
1.027778e+01 -1.647692e-01 -1.603160e-02
1.041667e+01 -1.648133e-01 -1.582207e-02
1.055556e+01 -1.644977e-01 -1.558400e-02
1.069444e+01 -1.638296e-01 -1.531913e-02
1.083333e+01 -1.628166e-01 -1.502922e-02
1.097222e+01 -1.614668e-01 -1.471596e-02
1.111111e+01 -1.597889e-01 -1.438100e-02
1.125000e+01 -1.577919e-01 -1.402595e-02
1.138889e+01 -1.554854e-01 -1.365238e-02
1.152778e+01 -1.528791e-01 -1.326180e-02
1.166667e+01 -1.499831e-01 -1.285569e-02
1.180556e+01 -1.468078e-01 -1.243548e-02
1.194444e+01 -1.433638e-01 -1.200255e-02
1.208333e+01 -1.396618e-01 -1.155822e-02
1.222222e+01 -1.357129e-01 -1.110378e-02
1.236111e+01 -1.315279e-01 -1.064046e-02
1.250000e+01 -1.271180e-01 -1.016944e-02
1.263889e+01 -1.224946e-01 -9.691878e-03
1.277778e+01 -1.176687e-01 -9.208852e-03
1.291667e+01 -1.126515e-01 -8.721409e-03
1.305556e+01 -1.074544e-01 -8.230551e-03
1.319444e+01 -1.020885e-01 -7.737231e-03
1.333333e+01 -9.656478e-02 -7.242359e-03
1.347222e+01 -9.089437e-02 -6.746799e-03
1.361111e+01 -8.508813e-02 -6.251372e-03
1.375000e+01 -7.915681e-02 -5.756859e-03
1.388889e+01 -7.311107e-02 -5.263997e-03
1.402778e+01 -6.696136e-02 -4.773483e-03
1.416667e+01 -6.071800e-02 -4.285976e-03
1.430556e+01 -5.439110e-02 -3.802096e-03
1.444444e+01 -4.799060e-02 -3.322426e-03
1.458333e+01 -4.152621e-02 -2.847512e-03
1.472222e+01 -3.500745e-02 -2.377865e-03
1.486111e+01 -2.844360e-02 -1.913962e-03
1.500000e+01 -2.184370e-02 -1.456247e-03
1.513889e+01 -1.521657e-02 -1.005131e-03
1.527778e+01 -8.570783e-03 -5.609967e-04
1.541667e+01 -1.914644e-03 -1.241931e-04
1.555556e+01 4.743784e-03 3.049576e-04
1.569444e+01 1.139670e-02 7.261614e-04
1.583333e+01 1.803656e-02 1.139151e-03
1.597222e+01 2.465609e-02 1.543686e-03
1.611111e+01 3.124826e-02 1.939547e-03
1.625000e+01 3.780633e-02 2.326544e-03
1.638889e+01 4.432380e-02 2.704503e-03
1.652778e+01 5.079442e-02 3.073276e-03
1.666667e+01 5.721222e-02 3.432733e-03
1.694444e+01 6.986649e-02 4.123269e-03
1.722222e+01 8.224521e-02 4.775528e-03
1.750000e+01 9.430945e-02 5.389112e-03
1.777778e+01 1.060245e-01 5.963880e-03
1.805556e+01 1.173599e-01 6.499931e-03
1.833333e+01 1.282887e-01 6.997563e-03
1.861111e+01 1.387878e-01 7.457255e-03
1.888889e+01 1.488377e-01 7.879642e-03
1.916667e+01 1.584219e-01 8.265492e-03
1.944444e+01 1.675273e-01 8.615691e-03
1.972222e+01 1.761435e-01 8.931220e-03
2.000000e+01 1.842629e-01 9.213146e-03
2.027778e+01 1.918805e-01 9.462601e-03
2.055556e+01 1.989937e-01 9.680775e-03
2.083333e+01 2.056021e-01 9.868901e-03
2.111111e+01 2.117074e-01 1.002825e-02
2.138889e+01 2.173132e-01 1.016010e-02
2.166667e+01 2.224248e-01 1.026576e-02
2.194444e+01 2.270492e-01 1.034654e-02
2.222222e+01 2.311947e-01 1.040376e-02
2.250000e+01 2.348712e-01 1.043872e-02
2.277778e+01 2.380893e-01 1.045270e-02
2.305556e+01 2.408610e-01 1.044698e-02
2.333333e+01 2.431990e-01 1.042282e-02
2.361111e+01 2.451168e-01 1.038142e-02
2.388889e+01 2.466285e-01 1.032398e-02
2.416667e+01 2.477487e-01 1.025167e-02
2.444444e+01 2.484923e-01 1.016559e-02
2.472222e+01 2.488744e-01 1.006683e-02
2.500000e+01 2.489104e-01 9.956417e-03
2.527778e+01 2.486170e-01 9.835398e-03
2.555556e+01 2.480094e-01 9.704716e-03
2.583333e+01 2.471037e-01 9.565303e-03
2.611111e+01 2.459156e-01 9.418046e-03
2.638889e+01 2.444611e-01 9.263790e-03
2.666667e+01 2.427557e-01 9.103339e-03
2.694444e+01 2.408147e-01 8.937455e-03
2.722222e+01 2.386534e-01 8.766860e-03
2.750000e+01 2.362865e-01 8.592236e-03
2.777778e+01 2.337286e-01 8.414228e-03
2.805556e+01 2.309938e-01 8.233443e-03
2.833333e+01 2.280961e-01 8.050450e-03
2.861111e+01 2.250488e-01 7.865783e-03
2.888889e+01 2.218650e-01 7.679943e-03
2.916667e+01 2.185574e-01 7.493395e-03
2.944444e+01 2.151380e-01 7.306574e-03
2.972222e+01 2.116188e-01 7.119883e-03
3.000000e+01 2.080108e-01 6.933695e-03
3.027778e+01 2.043251e-01 6.748353e-03
3.055556e+01 2.005720e-01 6.564173e-03
3.083333e+01 1.967612e-01 6.381446e-03
3.111111e+01 1.929024e-01 6.200435e-03
3.138889e+01 1.890045e-01 6.021381e-03
3.166667e+01 1.850759e-01 5.844502e-03
3.194444e+01 1.811248e-01 5.669995e-03
3.222222e+01 1.771589e-01 5.498034e-03
3.250000e+01 1.731853e-01 5.328778e-03
3.277778e+01 1.692109e-01 5.162367e-03
3.305556e+01 1.652422e-01 4.998923e-03
3.333333e+01 1.612852e-01 4.838557e-03
3.361111e+01 1.573454e-01 4.681351e-03
3.388889e+01 1.534280e-01 4.527384e-03
3.416667e+01 1.495380e-01 4.376721e-03
3.444444e+01 1.456798e-01 4.229412e-03
3.472222e+01 1.418575e-01 4.085497e-03
3.500000e+01 1.380752e-01 3.945005e-03
3.527778e+01 1.343362e-01 3.807955e-03
3.555556e+01 1.306438e-01 3.674357e-03
3.583333e+01 1.270009e-01 3.544212e-03
3.611111e+01 1.234102e-01 3.417513e-03
3.638889e+01 1.198740e-01 3.294247e-03
3.666667e+01 1.163945e-01 3.174395e-03
3.694444e+01 1.129735e-01 3.057930e-03
3.722222e+01 1.096128e-01 2.944821e-03
3.750000e+01 1.063137e-01 2.835032e-03
3.777778e+01 1.030775e-01 2.728521e-03
3.805556e+01 9.990519e-02 2.625246e-03
3.833333e+01 9.679767e-02 2.525157e-03
3.861111e+01 9.375561e-02 2.428203e-03
3.888889e+01 9.077951e-02 2.334330e-03
3.916667e+01 8.786975e-02 2.243483e-03
3.944444e+01 8.502653e-02 2.155602e-03
3.972222e+01 8.224993e-02 2.070628e-03
4.000000e+01 7.953993e-02 1.988498e-03
4.027778e+01 7.689635e-02 1.909151e-03
4.055556e+01 7.431893e-02 1.832522e-03
4.083333e+01 7.180732e-02 1.758547e-03
4.111111e+01 6.936104e-02 1.687160e-03
4.138889e+01 6.697956e-02 1.618298e-03
4.166667e+01 6.466228e-02 1.551895e-03
4.194444e+01 6.240847e-02 1.487884e-03
4.222222e+01 6.021740e-02 1.426202e-03
4.250000e+01 5.808825e-02 1.366782e-03
4.277778e+01 5.602015e-02 1.309562e-03
4.305556e+01 5.401217e-02 1.254476e-03
4.333333e+01 5.206337e-02 1.201462e-03
4.361111e+01 5.017275e-02 1.150458e-03
4.388889e+01 4.833929e-02 1.101401e-03
4.416667e+01 4.656192e-02 1.054232e-03
4.444444e+01 4.483956e-02 1.008890e-03
4.472222e+01 4.317112e-02 9.653171e-04
4.500000e+01 4.155549e-02 9.234553e-04
4.527778e+01 3.999152e-02 8.832483e-04
4.555556e+01 3.847808e-02 8.446408e-04
4.583333e+01 3.701402e-02 8.075786e-04
4.611111e+01 3.559819e-02 7.720089e-04
4.638889e+01 3.422942e-02 7.378798e-04
4.666667e+01 3.290658e-02 7.051410e-04
4.694444e+01 3.162850e-02 6.737432e-04
4.722222e+01 3.039404e-02 6.436385e-04
4.750000e+01 2.920206e-02 6.147802e-04
4.777778e+01 2.805143e-02 5.871229e-04
4.805556e+01 2.694102e-02 5.606224e-04
4.833333e+01 2.586973e-02 5.352359e-04
4.861111e+01 2.483646e-02 5.109215e-04
4.888889e+01 2.384013e-02 4.876390e-04
4.916667e+01 2.287966e-02 4.653491e-04
4.944444e+01 2.195401e-02 4.440137e-04
4.972222e+01 2.106213e-02 4.235959e-04
5.000000e+01 2.020299e-02 4.040599e-04
5.055556e+01 1.857894e-02 3.674955e-04
5.111111e+01 1.707423e-02 3.340611e-04
5.166667e+01 1.568131e-02 3.035093e-04
5.222222e+01 1.439297e-02 2.756101e-04
5.277778e+01 1.320237e-02 2.501502e-04
5.333333e+01 1.210300e-02 2.269312e-04
5.388889e+01 1.108868e-02 2.057694e-04
5.444444e+01 1.015359e-02 1.864945e-04
5.500000e+01 9.292185e-03 1.689488e-04
5.555556e+01 8.499262e-03 1.529867e-04
5.611111e+01 7.769902e-03 1.384735e-04
5.666667e+01 7.099478e-03 1.252849e-04
5.722222e+01 6.483642e-03 1.133064e-04
5.777778e+01 5.918318e-03 1.024324e-04
5.833333e+01 5.399688e-03 9.256608e-05
5.888889e+01 4.924183e-03 8.361821e-05
5.944444e+01 4.488474e-03 7.550704e-05
6.000000e+01 4.089458e-03 6.815763e-05
6.055556e+01 3.724249e-03 6.150136e-05
6.111111e+01 3.390168e-03 5.547548e-05
6.166667e+01 3.084731e-03 5.002266e-05
6.222222e+01 2.805633e-03 4.509053e-05
6.277778e+01 2.550744e-03 4.063132e-05
6.333333e+01 2.318092e-03 3.660146e-05
6.388889e+01 2.105852e-03 3.296117e-05
6.444444e+01 1.912335e-03 2.967416e-05
6.500000e+01 1.735971e-03 2.670725e-05
6.555556e+01 1.575305e-03 2.403008e-05
6.611111e+01 1.428975e-03 2.161475e-05
6.666667e+01 1.295705e-03 1.943557e-05
6.777778e+01 1.064690e-03 1.570854e-05
6.888889e+01 8.732107e-04 1.267564e-05
7.000000e+01 7.150223e-04 1.021460e-05
7.111111e+01 5.847215e-04 8.222647e-06
7.222222e+01 4.776631e-04 6.613796e-06
7.333333e+01 3.898798e-04 5.316543e-06
7.444444e+01 3.180082e-04 4.271752e-06
7.555556e+01 2.592176e-04 3.430821e-06
7.666667e+01 2.111445e-04 2.754059e-06
7.777778e+01 1.718314e-04 2.209261e-06
7.888889e+01 1.396698e-04 1.770462e-06
8.000000e+01 1.133477e-04 1.416847e-06
8.111111e+01 9.180264e-05 1.131813e-06
8.222222e+01 7.417763e-05 9.021604e-07
8.333333e+01 5.978301e-05 7.173962e-07
8.444444e+01 4.806213e-05 5.691568e-07
8.555556e+01 3.856174e-05 4.507216e-07
8.666667e+01 3.090696e-05 3.566188e-07
8.777778e+01 2.478069e-05 2.823116e-07
8.888889e+01 1.990759e-05 2.239603e-07
9.000000e+01 1.604261e-05 1.782513e-07
9.111111e+01 1.296405e-05 1.422883e-07
9.222222e+01 1.047106e-05 1.135417e-07
9.333333e+01 8.385834e-06 8.984822e-08
9.444444e+01 6.560164e-06 6.946056e-08
9.555556e+01 4.886659e-06 5.113945e-08
9.666667e+01 3.314413e-06 3.428703e-08
9.777778e+01 1.869238e-06 1.911721e-08
9.888889e+01 6.784194e-07 6.860421e-09
1.000000e+02 1.977773e-21
