# 
# Output from EIGENRAD program.
# 
# Eigenfunction for specific electronic state.
# The first column contains radius $r$ in bohr units.
# The second column holds value of eginefunction.
# 
# Use this file with gnuplot to create the plot.
#
0.000000e+00 0.000000e+00 -2.089351e-06
3.472222e-02 -3.610596e-05 -1.039852e-03
6.944444e-02 -1.442295e-04 -2.076905e-03
1.041667e-01 -3.241169e-04 -3.111523e-03
1.388889e-01 -5.752860e-04 -4.142059e-03
1.736111e-01 -8.970397e-04 -5.166949e-03
2.083333e-01 -1.288480e-03 -6.184704e-03
2.430556e-01 -1.748521e-03 -7.193915e-03
2.777778e-01 -2.275902e-03 -8.193248e-03
3.125000e-01 -2.869201e-03 -9.181444e-03
3.472222e-01 -3.526846e-03 -1.015732e-02
3.819444e-01 -4.247127e-03 -1.111975e-02
4.166667e-01 -5.028211e-03 -1.206771e-02
4.513889e-01 -5.868150e-03 -1.300021e-02
4.861111e-01 -6.764894e-03 -1.391635e-02
5.208333e-01 -7.716304e-03 -1.481530e-02
5.555556e-01 -8.720161e-03 -1.569629e-02
5.902778e-01 -9.774174e-03 -1.655860e-02
6.250000e-01 -1.087600e-02 -1.740160e-02
6.597222e-01 -1.202324e-02 -1.822470e-02
6.944444e-01 -1.321346e-02 -1.902738e-02
7.291667e-01 -1.444420e-02 -1.980919e-02
7.638889e-01 -1.571297e-02 -2.056971e-02
7.986111e-01 -1.701730e-02 -2.130861e-02
8.333333e-01 -1.835467e-02 -2.202560e-02
8.680556e-01 -1.972261e-02 -2.272044e-02
9.027778e-01 -2.111864e-02 -2.339296e-02
9.375000e-01 -2.254033e-02 -2.404301e-02
9.722222e-01 -2.398524e-02 -2.467053e-02
1.006944e+00 -2.545102e-02 -2.527549e-02
1.041667e+00 -2.693532e-02 -2.585791e-02
1.076389e+00 -2.843570e-02 -2.641768e-02
1.111111e+00 -2.994993e-02 -2.695493e-02
1.145833e+00 -3.147573e-02 -2.746973e-02
1.180556e+00 -3.301091e-02 -2.796218e-02
1.215278e+00 -3.455328e-02 -2.843241e-02
1.250000e+00 -3.610072e-02 -2.888058e-02
1.284722e+00 -3.765118e-02 -2.930687e-02
1.319444e+00 -3.920263e-02 -2.971147e-02
1.354167e+00 -4.075311e-02 -3.009460e-02
1.388889e+00 -4.230069e-02 -3.045650e-02
1.423611e+00 -4.384353e-02 -3.079740e-02
1.458333e+00 -4.537980e-02 -3.111757e-02
1.493056e+00 -4.690775e-02 -3.141728e-02
1.527778e+00 -4.842568e-02 -3.169681e-02
1.562500e+00 -4.993194e-02 -3.195644e-02
1.597222e+00 -5.142493e-02 -3.219648e-02
1.631944e+00 -5.290312e-02 -3.241723e-02
1.666667e+00 -5.436502e-02 -3.261901e-02
1.701389e+00 -5.580919e-02 -3.280214e-02
1.736111e+00 -5.723425e-02 -3.296693e-02
1.770833e+00 -5.863888e-02 -3.311372e-02
1.805556e+00 -6.002180e-02 -3.324284e-02
1.840278e+00 -6.138178e-02 -3.335463e-02
1.875000e+00 -6.271765e-02 -3.344941e-02
1.909722e+00 -6.402828e-02 -3.352754e-02
1.944444e+00 -6.531261e-02 -3.358934e-02
1.979167e+00 -6.656960e-02 -3.363517e-02
2.013889e+00 -6.779828e-02 -3.366535e-02
2.048611e+00 -6.899771e-02 -3.368024e-02
2.083333e+00 -7.016700e-02 -3.368016e-02
2.152778e+00 -7.241186e-02 -3.363648e-02
2.222222e+00 -7.452671e-02 -3.353702e-02
2.291667e+00 -7.650604e-02 -3.338445e-02
2.361111e+00 -7.834500e-02 -3.318141e-02
2.430556e+00 -8.003941e-02 -3.293050e-02
2.500000e+00 -8.158566e-02 -3.263426e-02
2.569444e+00 -8.298076e-02 -3.229522e-02
2.638889e+00 -8.422226e-02 -3.191581e-02
2.708333e+00 -8.530824e-02 -3.149843e-02
2.777778e+00 -8.623727e-02 -3.104542e-02
2.847222e+00 -8.700841e-02 -3.055905e-02
2.916667e+00 -8.762117e-02 -3.004154e-02
2.986111e+00 -8.807548e-02 -2.949505e-02
3.055556e+00 -8.837169e-02 -2.892164e-02
3.125000e+00 -8.851051e-02 -2.832336e-02
3.194444e+00 -8.849303e-02 -2.770216e-02
3.263889e+00 -8.832065e-02 -2.705994e-02
3.333333e+00 -8.799511e-02 -2.639853e-02
3.402778e+00 -8.751843e-02 -2.571970e-02
3.472222e+00 -8.689292e-02 -2.502516e-02
3.541667e+00 -8.612114e-02 -2.431656e-02
3.611111e+00 -8.520587e-02 -2.359547e-02
3.680556e+00 -8.415013e-02 -2.286343e-02
3.750000e+00 -8.295714e-02 -2.212190e-02
3.819444e+00 -8.163030e-02 -2.137230e-02
3.888889e+00 -8.017319e-02 -2.061596e-02
3.958333e+00 -7.858952e-02 -1.985420e-02
4.027778e+00 -7.688317e-02 -1.908824e-02
4.097222e+00 -7.505813e-02 -1.831927e-02
4.166667e+00 -7.311850e-02 -1.754844e-02
4.305556e+00 -6.891293e-02 -1.600558e-02
4.444444e+00 -6.429973e-02 -1.446744e-02
4.583333e+00 -5.931517e-02 -1.294149e-02
4.722222e+00 -5.399593e-02 -1.143443e-02
4.861111e+00 -4.837888e-02 -9.952227e-03
5.000000e+00 -4.250090e-02 -8.500180e-03
5.138889e+00 -3.639865e-02 -7.082980e-03
5.277778e+00 -3.010841e-02 -5.704751e-03
5.416667e+00 -2.366591e-02 -4.369091e-03
5.555556e+00 -1.710617e-02 -3.079111e-03
5.694444e+00 -1.046338e-02 -1.837471e-03
5.833333e+00 -3.770722e-03 -6.464095e-04
5.972222e+00 2.939693e-03 4.922277e-04
6.111111e+00 9.636963e-03 1.576958e-03
6.250000e+00 1.629147e-02 2.606636e-03
6.388889e+00 2.287498e-02 3.580432e-03
6.527778e+00 2.936067e-02 4.497805e-03
6.666667e+00 3.572322e-02 5.358483e-03
6.805556e+00 4.193884e-02 6.162442e-03
6.944444e+00 4.798529e-02 6.909881e-03
7.083333e+00 5.384189e-02 7.601208e-03
7.222222e+00 5.948956e-02 8.237015e-03
7.361111e+00 6.491075e-02 8.818064e-03
7.500000e+00 7.008948e-02 9.345264e-03
7.638889e+00 7.501125e-02 9.819655e-03
7.777778e+00 7.966303e-02 1.024239e-02
7.916667e+00 8.403317e-02 1.061472e-02
8.055556e+00 8.811134e-02 1.093796e-02
8.194444e+00 9.188846e-02 1.121351e-02
8.333333e+00 9.535656e-02 1.144279e-02
8.472222e+00 9.851066e-02 1.162749e-02
8.611111e+00 1.013455e-01 1.176916e-02
8.750000e+00 1.038575e-01 1.186943e-02
8.888889e+00 1.060440e-01 1.192995e-02
9.027778e+00 1.079038e-01 1.195242e-02
9.166667e+00 1.094365e-01 1.193852e-02
9.305556e+00 1.106429e-01 1.188998e-02
9.444444e+00 1.115247e-01 1.180850e-02
9.583333e+00 1.120846e-01 1.169578e-02
9.722222e+00 1.123261e-01 1.155354e-02
9.861111e+00 1.122536e-01 1.138346e-02
1.000000e+01 1.118720e-01 1.118720e-02
1.013889e+01 1.111874e-01 1.096642e-02
1.027778e+01 1.102060e-01 1.072274e-02
1.041667e+01 1.089350e-01 1.045776e-02
1.055556e+01 1.073821e-01 1.017304e-02
1.069444e+01 1.055554e-01 9.870111e-03
1.083333e+01 1.034635e-01 9.550479e-03
1.097222e+01 1.011157e-01 9.215604e-03
1.111111e+01 9.852121e-02 8.866909e-03
1.125000e+01 9.569002e-02 8.505780e-03
1.138889e+01 9.263221e-02 8.133560e-03
1.152778e+01 8.935817e-02 7.751552e-03
1.166667e+01 8.587850e-02 7.361015e-03
1.180556e+01 8.220403e-02 6.963165e-03
1.194444e+01 7.834570e-02 6.559175e-03
1.208333e+01 7.431458e-02 6.150172e-03
1.222222e+01 7.012183e-02 5.737241e-03
1.236111e+01 6.577863e-02 5.321417e-03
1.250000e+01 6.129620e-02 4.903696e-03
1.263889e+01 5.668589e-02 4.485038e-03
1.277778e+01 5.195884e-02 4.066344e-03
1.291667e+01 4.712624e-02 3.648483e-03
1.305556e+01 4.219918e-02 3.232277e-03
1.319444e+01 3.718867e-02 2.818510e-03
1.333333e+01 3.210558e-02 2.407919e-03
1.347222e+01 2.696066e-02 2.001204e-03
1.361111e+01 2.176448e-02 1.599023e-03
1.375000e+01 1.652746e-02 1.201997e-03
1.388889e+01 1.125981e-02 8.107062e-04
1.402778e+01 5.971552e-03 4.256948e-04
1.416667e+01 6.724945e-04 4.747020e-05
1.430556e+01 -4.627786e-03 -3.234957e-04
1.444444e+01 -9.919951e-03 -6.867658e-04
1.458333e+01 -1.519491e-02 -1.041936e-03
1.472222e+01 -2.044382e-02 -1.388637e-03
1.486111e+01 -2.565813e-02 -1.726528e-03
1.500000e+01 -3.082952e-02 -2.055302e-03
1.513889e+01 -3.595000e-02 -2.374679e-03
1.527778e+01 -4.101183e-02 -2.684411e-03
1.541667e+01 -4.600756e-02 -2.984274e-03
1.555556e+01 -5.093006e-02 -3.274075e-03
1.569444e+01 -5.577246e-02 -3.553644e-03
1.583333e+01 -6.052822e-02 -3.822835e-03
1.597222e+01 -6.519109e-02 -4.081529e-03
1.611111e+01 -6.975509e-02 -4.329626e-03
1.625000e+01 -7.421457e-02 -4.567051e-03
1.638889e+01 -7.856417e-02 -4.793746e-03
1.652778e+01 -8.279881e-02 -5.009676e-03
1.666667e+01 -8.691371e-02 -5.214822e-03
1.694444e+01 -9.476627e-02 -5.592763e-03
1.722222e+01 -1.020908e-01 -5.927855e-03
1.750000e+01 -1.088590e-01 -6.220517e-03
1.777778e+01 -1.150473e-01 -6.471410e-03
1.805556e+01 -1.206364e-01 -6.681403e-03
1.833333e+01 -1.256116e-01 -6.851543e-03
1.861111e+01 -1.299619e-01 -6.983030e-03
1.888889e+01 -1.336804e-01 -7.077195e-03
1.916667e+01 -1.367633e-01 -7.135478e-03
1.944444e+01 -1.392107e-01 -7.159407e-03
1.972222e+01 -1.410253e-01 -7.150581e-03
2.000000e+01 -1.422132e-01 -7.110658e-03
2.027778e+01 -1.427826e-01 -7.041335e-03
2.055556e+01 -1.427448e-01 -6.944339e-03
2.083333e+01 -1.421128e-01 -6.821415e-03
2.111111e+01 -1.409022e-01 -6.674314e-03
2.138889e+01 -1.391301e-01 -6.504784e-03
2.166667e+01 -1.368155e-01 -6.314560e-03
2.194444e+01 -1.339787e-01 -6.105360e-03
2.222222e+01 -1.306416e-01 -5.878874e-03
2.250000e+01 -1.268271e-01 -5.636759e-03
2.277778e+01 -1.225589e-01 -5.380635e-03
2.305556e+01 -1.178617e-01 -5.112075e-03
2.333333e+01 -1.127608e-01 -4.832607e-03
2.361111e+01 -1.072819e-01 -4.543705e-03
2.388889e+01 -1.014510e-01 -4.246786e-03
2.416667e+01 -9.529421e-02 -3.943209e-03
2.444444e+01 -8.883771e-02 -3.634270e-03
2.472222e+01 -8.210745e-02 -3.321200e-03
2.500000e+01 -7.512910e-02 -3.005164e-03
2.527778e+01 -6.792957e-02 -2.687324e-03
2.555556e+01 -6.053359e-02 -2.368706e-03
2.583333e+01 -5.296635e-02 -2.050310e-03
2.611111e+01 -4.525250e-02 -1.733074e-03
2.638889e+01 -3.741606e-02 -1.417872e-03
2.666667e+01 -2.948040e-02 -1.105515e-03
2.694444e+01 -2.146821e-02 -7.967583e-04
2.722222e+01 -1.340144e-02 -4.922977e-04
2.750000e+01 -5.301272e-03 -1.927735e-04
2.777778e+01 2.811886e-03 1.012279e-04
2.805556e+01 1.091845e-02 3.891726e-04
2.833333e+01 1.899969e-02 6.705773e-04
2.861111e+01 2.703771e-02 9.450072e-04
2.888889e+01 3.501549e-02 1.212075e-03
2.916667e+01 4.291690e-02 1.471437e-03
2.944444e+01 5.072671e-02 1.722794e-03
2.972222e+01 5.843057e-02 1.965888e-03
3.000000e+01 6.601502e-02 2.200501e-03
3.027778e+01 7.346752e-02 2.426450e-03
3.055556e+01 8.077638e-02 2.643591e-03
3.083333e+01 8.793081e-02 2.851810e-03
3.111111e+01 9.492088e-02 3.051028e-03
3.138889e+01 1.017375e-01 3.241195e-03
3.166667e+01 1.083724e-01 3.422287e-03
3.194444e+01 1.148181e-01 3.594307e-03
3.222222e+01 1.210680e-01 3.757282e-03
3.250000e+01 1.271160e-01 3.911261e-03
3.277778e+01 1.329569e-01 4.056313e-03
3.305556e+01 1.385862e-01 4.192524e-03
3.333333e+01 1.439998e-01 4.319995e-03
3.361111e+01 1.491950e-01 4.438859e-03
3.388889e+01 1.541691e-01 4.549251e-03
3.416667e+01 1.589201e-01 4.651319e-03
3.444444e+01 1.634467e-01 4.745226e-03
3.472222e+01 1.677481e-01 4.831145e-03
3.500000e+01 1.718240e-01 4.909258e-03
3.527778e+01 1.756747e-01 4.979755e-03
3.555556e+01 1.793008e-01 5.042836e-03
3.583333e+01 1.827035e-01 5.098704e-03
3.611111e+01 1.858844e-01 5.147568e-03
3.638889e+01 1.888453e-01 5.189643e-03
3.666667e+01 1.915887e-01 5.225146e-03
3.694444e+01 1.941171e-01 5.254297e-03
3.722222e+01 1.964335e-01 5.277317e-03
3.750000e+01 1.985411e-01 5.294429e-03
3.777778e+01 2.004435e-01 5.305857e-03
3.805556e+01 2.021445e-01 5.311825e-03
3.833333e+01 2.036480e-01 5.312555e-03
3.861111e+01 2.049582e-01 5.308269e-03
3.888889e+01 2.060795e-01 5.299187e-03
3.916667e+01 2.070165e-01 5.285527e-03
3.944444e+01 2.077738e-01 5.267504e-03
3.972222e+01 2.083562e-01 5.245331e-03
4.000000e+01 2.087687e-01 5.219217e-03
4.027778e+01 2.090162e-01 5.189368e-03
4.055556e+01 2.091039e-01 5.155987e-03
4.083333e+01 2.090369e-01 5.119271e-03
4.111111e+01 2.088203e-01 5.079414e-03
4.138889e+01 2.084595e-01 5.036605e-03
4.166667e+01 2.079595e-01 4.991029e-03
4.194444e+01 2.073258e-01 4.942867e-03
4.222222e+01 2.065635e-01 4.892293e-03
4.250000e+01 2.056778e-01 4.839478e-03
4.277778e+01 2.046740e-01 4.784587e-03
4.305556e+01 2.035572e-01 4.727780e-03
4.333333e+01 2.023326e-01 4.669214e-03
4.361111e+01 2.010052e-01 4.609037e-03
4.388889e+01 1.995801e-01 4.547395e-03
4.416667e+01 1.980622e-01 4.484428e-03
4.444444e+01 1.964564e-01 4.420270e-03
4.472222e+01 1.947675e-01 4.355051e-03
4.500000e+01 1.930003e-01 4.288895e-03
4.527778e+01 1.911592e-01 4.221922e-03
4.555556e+01 1.892490e-01 4.154247e-03
4.583333e+01 1.872741e-01 4.085979e-03
4.611111e+01 1.852387e-01 4.017225e-03
4.638889e+01 1.831472e-01 3.948083e-03
4.666667e+01 1.810037e-01 3.878650e-03
4.694444e+01 1.788122e-01 3.809016e-03
4.722222e+01 1.765766e-01 3.739270e-03
4.750000e+01 1.743009e-01 3.669492e-03
4.777778e+01 1.719886e-01 3.599761e-03
4.805556e+01 1.696434e-01 3.530151e-03
4.833333e+01 1.672687e-01 3.460732e-03
4.861111e+01 1.648680e-01 3.391570e-03
4.888889e+01 1.624444e-01 3.322727e-03
4.916667e+01 1.600012e-01 3.254261e-03
4.944444e+01 1.575413e-01 3.186228e-03
4.972222e+01 1.550677e-01 3.118679e-03
5.000000e+01 1.525832e-01 3.051663e-03
5.055556e+01 1.475922e-01 2.919406e-03
5.111111e+01 1.425883e-01 2.789771e-03
5.166667e+01 1.375903e-01 2.663037e-03
5.222222e+01 1.326151e-01 2.539439e-03
5.277778e+01 1.276783e-01 2.419168e-03
5.333333e+01 1.227936e-01 2.302381e-03
5.388889e+01 1.179735e-01 2.189198e-03
5.444444e+01 1.132288e-01 2.079713e-03
5.500000e+01 1.085694e-01 1.973988e-03
5.555556e+01 1.040035e-01 1.872064e-03
5.611111e+01 9.953865e-02 1.773956e-03
5.666667e+01 9.518092e-02 1.679663e-03
5.722222e+01 9.093556e-02 1.589165e-03
5.777778e+01 8.680684e-02 1.502426e-03
5.833333e+01 8.279818e-02 1.419397e-03
5.888889e+01 7.891217e-02 1.340018e-03
5.944444e+01 7.515069e-02 1.264217e-03
6.000000e+01 7.151491e-02 1.191915e-03
6.055556e+01 6.800541e-02 1.123025e-03
6.111111e+01 6.462220e-02 1.057454e-03
6.166667e+01 6.136477e-02 9.951043e-04
6.222222e+01 5.823217e-02 9.358742e-04
6.277778e+01 5.522305e-02 8.796593e-04
6.333333e+01 5.233572e-02 8.263534e-04
6.388889e+01 4.956814e-02 7.758492e-04
6.444444e+01 4.691807e-02 7.280390e-04
6.500000e+01 4.438300e-02 6.828153e-04
6.555556e+01 4.196026e-02 6.400718e-04
6.611111e+01 3.964707e-02 5.997035e-04
6.666667e+01 3.744050e-02 5.616075e-04
6.777778e+01 3.333240e-02 4.917895e-04
6.888889e+01 2.961490e-02 4.298938e-04
7.000000e+01 2.625950e-02 3.751358e-04
7.111111e+01 2.323868e-02 3.267940e-04
7.222222e+01 2.052598e-02 2.842058e-04
7.333333e+01 1.809605e-02 2.467643e-04
7.444444e+01 1.592474e-02 2.139144e-04
7.555556e+01 1.398911e-02 1.851500e-04
7.666667e+01 1.226747e-02 1.600105e-04
7.777778e+01 1.073943e-02 1.380784e-04
7.888889e+01 9.385872e-03 1.189758e-04
8.000000e+01 8.188995e-03 1.023624e-04
8.111111e+01 7.132284e-03 8.793227e-05
8.222222e+01 6.200503e-03 7.541153e-05
8.333333e+01 5.379666e-03 6.455600e-05
8.444444e+01 4.657003e-03 5.514872e-05
8.555556e+01 4.020911e-03 4.699766e-05
8.666667e+01 3.460898e-03 3.993343e-05
8.777778e+01 2.967517e-03 3.380716e-05
8.888889e+01 2.532290e-03 2.848826e-05
9.000000e+01 2.147617e-03 2.386242e-05
9.111111e+01 1.806684e-03 1.982945e-05
9.222222e+01 1.503349e-03 1.630137e-05
9.333333e+01 1.232031e-03 1.320034e-05
9.444444e+01 9.875813e-04 1.045674e-05
9.555556e+01 7.651404e-04 8.007283e-06
9.666667e+01 5.599960e-04 5.793062e-06
9.777778e+01 3.674224e-04 3.757729e-06
9.888889e+01 1.825126e-04 1.845633e-06
1.000000e+02 1.220336e-18
