# 
# Output from EIGENRAD program.
# 
# Eigenfunction for specific electronic state.
# The first column contains radius $r$ in bohr units.
# The second column holds value of eginefunction.
# 
# Use this file with gnuplot to create the plot.
#
0.000000e+00 0.000000e+00 -1.999998e+00
2.430556e-02 -4.744381e-02 -1.951974e+00
4.861111e-02 -9.260916e-02 -1.905103e+00
7.291667e-02 -1.355781e-01 -1.859357e+00
9.722222e-02 -1.764300e-01 -1.814709e+00
1.215278e-01 -2.152419e-01 -1.771133e+00
1.458333e-01 -2.520880e-01 -1.728604e+00
1.701389e-01 -2.870405e-01 -1.687095e+00
1.944444e-01 -3.201691e-01 -1.646584e+00
2.187500e-01 -3.515411e-01 -1.607045e+00
2.430556e-01 -3.812219e-01 -1.568456e+00
2.673611e-01 -4.092745e-01 -1.530793e+00
2.916667e-01 -4.357602e-01 -1.494035e+00
3.159722e-01 -4.607378e-01 -1.458159e+00
3.402778e-01 -4.842647e-01 -1.423145e+00
3.645833e-01 -5.063960e-01 -1.388972e+00
3.888889e-01 -5.271852e-01 -1.355619e+00
4.131944e-01 -5.466841e-01 -1.323067e+00
4.375000e-01 -5.649425e-01 -1.291297e+00
4.618056e-01 -5.820088e-01 -1.260290e+00
4.861111e-01 -5.979298e-01 -1.230027e+00
5.104167e-01 -6.127506e-01 -1.200491e+00
5.347222e-01 -6.265148e-01 -1.171664e+00
5.590278e-01 -6.392647e-01 -1.143529e+00
5.833333e-01 -6.510410e-01 -1.116070e+00
6.076389e-01 -6.618831e-01 -1.089271e+00
6.319444e-01 -6.718292e-01 -1.063114e+00
6.562500e-01 -6.809160e-01 -1.037586e+00
6.805556e-01 -6.891790e-01 -1.012671e+00
7.048611e-01 -6.966526e-01 -9.883544e-01
7.291667e-01 -7.033698e-01 -9.646215e-01
7.534722e-01 -7.093628e-01 -9.414585e-01
7.777778e-01 -7.146624e-01 -9.188516e-01
8.020833e-01 -7.192985e-01 -8.967877e-01
8.263889e-01 -7.232998e-01 -8.752535e-01
8.506944e-01 -7.266942e-01 -8.542365e-01
8.750000e-01 -7.295085e-01 -8.337241e-01
8.993056e-01 -7.317687e-01 -8.137042e-01
9.236111e-01 -7.334997e-01 -7.941651e-01
9.479167e-01 -7.347256e-01 -7.750951e-01
9.722222e-01 -7.354697e-01 -7.564831e-01
9.965278e-01 -7.357544e-01 -7.383180e-01
1.020833e+00 -7.356014e-01 -7.205891e-01
1.045139e+00 -7.350315e-01 -7.032859e-01
1.069444e+00 -7.340648e-01 -6.863983e-01
1.093750e+00 -7.327207e-01 -6.699161e-01
1.118056e+00 -7.310179e-01 -6.538297e-01
1.142361e+00 -7.289744e-01 -6.381296e-01
1.166667e+00 -7.266075e-01 -6.228065e-01
1.190972e+00 -7.239340e-01 -6.078513e-01
1.215278e+00 -7.209699e-01 -5.932552e-01
1.239583e+00 -7.177307e-01 -5.790096e-01
1.263889e+00 -7.142314e-01 -5.651061e-01
1.288194e+00 -7.104862e-01 -5.515365e-01
1.312500e+00 -7.065092e-01 -5.382927e-01
1.336806e+00 -7.023134e-01 -5.253669e-01
1.361111e+00 -6.979118e-01 -5.127515e-01
1.385417e+00 -6.933166e-01 -5.004390e-01
1.409722e+00 -6.885397e-01 -4.884222e-01
1.434028e+00 -6.835924e-01 -4.766940e-01
1.458333e+00 -6.784857e-01 -4.652473e-01
1.506944e+00 -6.678353e-01 -4.431718e-01
1.555556e+00 -6.566685e-01 -4.221441e-01
1.604167e+00 -6.450581e-01 -4.021142e-01
1.652778e+00 -6.330711e-01 -3.830346e-01
1.701389e+00 -6.207692e-01 -3.648602e-01
1.750000e+00 -6.082092e-01 -3.475481e-01
1.798611e+00 -5.954435e-01 -3.310574e-01
1.847222e+00 -5.825198e-01 -3.153491e-01
1.895833e+00 -5.694820e-01 -3.003861e-01
1.944444e+00 -5.563700e-01 -2.861331e-01
1.993056e+00 -5.432202e-01 -2.725565e-01
2.041667e+00 -5.300659e-01 -2.596241e-01
2.090278e+00 -5.169369e-01 -2.473054e-01
2.138889e+00 -5.038606e-01 -2.355712e-01
2.187500e+00 -4.908614e-01 -2.243938e-01
2.236111e+00 -4.779615e-01 -2.137467e-01
2.284722e+00 -4.651806e-01 -2.036049e-01
2.333333e+00 -4.525364e-01 -1.939442e-01
2.381944e+00 -4.400447e-01 -1.847418e-01
2.430556e+00 -4.277196e-01 -1.759760e-01
2.479167e+00 -4.155732e-01 -1.676262e-01
2.527778e+00 -4.036165e-01 -1.596725e-01
2.576389e+00 -3.918588e-01 -1.520962e-01
2.625000e+00 -3.803083e-01 -1.448794e-01
2.673611e+00 -3.689718e-01 -1.380050e-01
2.722222e+00 -3.578550e-01 -1.314569e-01
2.770833e+00 -3.469626e-01 -1.252196e-01
2.819444e+00 -3.362982e-01 -1.192782e-01
2.868056e+00 -3.258647e-01 -1.136187e-01
2.916667e+00 -3.156636e-01 -1.082275e-01
2.965278e+00 -3.056972e-01 -1.030923e-01
3.013889e+00 -2.959660e-01 -9.820071e-02
3.062500e+00 -2.864701e-01 -9.354125e-02
3.111111e+00 -2.772089e-01 -8.910287e-02
3.159722e+00 -2.681817e-01 -8.487508e-02
3.208333e+00 -2.593870e-01 -8.084788e-02
3.256944e+00 -2.508230e-01 -7.701176e-02
3.305556e+00 -2.424878e-01 -7.335766e-02
3.354167e+00 -2.343789e-01 -6.987693e-02
3.402778e+00 -2.264935e-01 -6.656137e-02
3.451389e+00 -2.188288e-01 -6.340313e-02
3.500000e+00 -2.113816e-01 -6.039474e-02
3.548611e+00 -2.041484e-01 -5.752911e-02
3.597222e+00 -1.971258e-01 -5.479945e-02
3.645833e+00 -1.903100e-01 -5.219930e-02
3.694444e+00 -1.836971e-01 -4.972253e-02
3.743056e+00 -1.772834e-01 -4.736328e-02
3.791667e+00 -1.710647e-01 -4.511597e-02
3.840278e+00 -1.650370e-01 -4.297529e-02
3.888889e+00 -1.591962e-01 -4.093617e-02
3.937500e+00 -1.535381e-01 -3.899380e-02
3.986111e+00 -1.480585e-01 -3.714359e-02
4.034722e+00 -1.427532e-01 -3.538118e-02
4.083333e+00 -1.376181e-01 -3.370239e-02
4.131944e+00 -1.326489e-01 -3.210326e-02
4.180556e+00 -1.278414e-01 -3.058001e-02
4.229167e+00 -1.231916e-01 -2.912904e-02
4.277778e+00 -1.186952e-01 -2.774692e-02
4.326389e+00 -1.143481e-01 -2.643038e-02
4.375000e+00 -1.101462e-01 -2.517628e-02
4.423611e+00 -1.060857e-01 -2.398171e-02
4.472222e+00 -1.021626e-01 -2.284381e-02
4.520833e+00 -9.837291e-02 -2.175991e-02
4.569444e+00 -9.471286e-02 -2.072743e-02
4.618056e+00 -9.117865e-02 -1.974395e-02
4.666667e+00 -8.776659e-02 -1.880713e-02
4.715278e+00 -8.447305e-02 -1.791476e-02
4.763889e+00 -8.129446e-02 -1.706473e-02
4.812500e+00 -7.822733e-02 -1.625503e-02
4.861111e+00 -7.526824e-02 -1.548375e-02
4.909722e+00 -7.241384e-02 -1.474907e-02
4.958333e+00 -6.966086e-02 -1.404925e-02
5.006944e+00 -6.700610e-02 -1.338263e-02
5.055556e+00 -6.444645e-02 -1.274765e-02
5.104167e+00 -6.197884e-02 -1.214279e-02
5.152778e+00 -5.960031e-02 -1.156664e-02
5.201389e+00 -5.730795e-02 -1.101782e-02
5.250000e+00 -5.509895e-02 -1.049504e-02
5.298611e+00 -5.297056e-02 -9.997065e-03
5.347222e+00 -5.092009e-02 -9.522719e-03
5.395833e+00 -4.894495e-02 -9.070879e-03
5.444444e+00 -4.704261e-02 -8.640479e-03
5.493056e+00 -4.521059e-02 -8.230500e-03
5.541667e+00 -4.344653e-02 -7.839975e-03
5.590278e+00 -4.174808e-02 -7.467979e-03
5.638889e+00 -4.011300e-02 -7.113635e-03
5.687500e+00 -3.853909e-02 -6.776105e-03
5.736111e+00 -3.702424e-02 -6.454590e-03
5.784722e+00 -3.556638e-02 -6.148330e-03
5.833333e+00 -3.416350e-02 -5.856599e-03
5.930556e+00 -3.151504e-02 -5.314012e-03
6.027778e+00 -2.906409e-02 -4.821692e-03
6.125000e+00 -2.679677e-02 -4.374983e-03
6.222222e+00 -2.470010e-02 -3.969659e-03
6.319444e+00 -2.276192e-02 -3.601886e-03
6.416667e+00 -2.097086e-02 -3.268187e-03
6.513889e+00 -1.931631e-02 -2.965403e-03
6.611111e+00 -1.778833e-02 -2.690672e-03
6.708333e+00 -1.637768e-02 -2.441394e-03
6.805556e+00 -1.507574e-02 -2.215210e-03
6.902778e+00 -1.387446e-02 -2.009982e-03
7.000000e+00 -1.276636e-02 -1.823766e-03
7.097222e+00 -1.174450e-02 -1.654802e-03
7.194444e+00 -1.080240e-02 -1.501492e-03
7.291667e+00 -9.934054e-03 -1.362385e-03
7.388889e+00 -9.133883e-03 -1.236165e-03
7.486111e+00 -8.396709e-03 -1.121638e-03
7.583333e+00 -7.717729e-03 -1.017722e-03
7.680556e+00 -7.092489e-03 -9.234343e-04
7.777778e+00 -6.516860e-03 -8.378821e-04
7.875000e+00 -5.987018e-03 -7.602563e-04
7.972222e+00 -5.499420e-03 -6.898227e-04
8.069444e+00 -5.050784e-03 -6.259147e-04
8.166667e+00 -4.638074e-03 -5.679275e-04
8.263889e+00 -4.258482e-03 -5.153121e-04
8.361111e+00 -3.909410e-03 -4.675707e-04
8.458333e+00 -3.588460e-03 -4.242515e-04
8.555556e+00 -3.293419e-03 -3.849451e-04
8.652778e+00 -3.022248e-03 -3.492807e-04
8.750000e+00 -2.773073e-03 -3.169226e-04
8.847222e+00 -2.544128e-03 -2.875623e-04
8.944444e+00 -2.333788e-03 -2.609204e-04
9.041667e+00 -2.140581e-03 -2.367463e-04
9.138889e+00 -1.963142e-03 -2.148119e-04
9.236111e+00 -1.800212e-03 -1.949101e-04
9.333333e+00 -1.650625e-03 -1.768527e-04
9.430556e+00 -1.513307e-03 -1.604685e-04
9.527778e+00 -1.387269e-03 -1.456025e-04
9.625000e+00 -1.271596e-03 -1.321138e-04
9.722222e+00 -1.165448e-03 -1.198747e-04
9.819444e+00 -1.068053e-03 -1.087691e-04
9.916667e+00 -9.786979e-04 -9.869222e-05
1.001389e+01 -8.967296e-04 -8.954859e-05
1.011111e+01 -8.215464e-04 -8.125184e-05
1.020833e+01 -7.525951e-04 -7.372360e-05
1.030556e+01 -6.893675e-04 -6.689280e-05
1.040278e+01 -6.313960e-04 -6.069494e-05
1.050000e+01 -5.782504e-04 -5.507147e-05
1.059722e+01 -5.295351e-04 -4.996924e-05
1.069444e+01 -4.848859e-04 -4.533998e-05
1.079167e+01 -4.439675e-04 -4.113985e-05
1.088889e+01 -4.064712e-04 -3.732899e-05
1.098611e+01 -3.721130e-04 -3.387122e-05
1.108333e+01 -3.406315e-04 -3.073367e-05
1.118056e+01 -3.117869e-04 -2.788653e-05
1.127778e+01 -2.853592e-04 -2.530279e-05
1.137500e+01 -2.611479e-04 -2.295806e-05
1.147222e+01 -2.389709e-04 -2.083039e-05
1.156944e+01 -2.186641e-04 -1.890014e-05
1.166667e+01 -2.000816e-04 -1.714985e-05
1.186111e+01 -1.675248e-04 -1.412387e-05
1.205556e+01 -1.401630e-04 -1.162643e-05
1.225000e+01 -1.172128e-04 -9.568390e-06
1.244444e+01 -9.799360e-05 -7.874486e-06
1.263889e+01 -8.191790e-05 -6.481417e-06
1.283333e+01 -6.848129e-05 -5.336204e-06
1.302778e+01 -5.725346e-05 -4.394722e-06
1.322222e+01 -4.786974e-05 -3.620400e-06
1.341667e+01 -4.002302e-05 -2.983083e-06
1.361111e+01 -3.345641e-05 -2.458022e-06
1.380556e+01 -2.795627e-05 -2.025002e-06
1.400000e+01 -2.334595e-05 -1.667568e-06
1.419444e+01 -1.947994e-05 -1.372364e-06
1.438889e+01 -1.623869e-05 -1.128557e-06
1.458333e+01 -1.352387e-05 -9.273508e-07
1.477778e+01 -1.125426e-05 -7.615667e-07
1.497222e+01 -9.362177e-06 -6.253031e-07
1.516667e+01 -7.790377e-06 -5.136512e-07
1.536111e+01 -6.489612e-06 -4.224702e-07
1.555556e+01 -5.416666e-06 -3.482142e-07
1.575000e+01 -4.532961e-06 -2.878071e-07
1.594444e+01 -3.803713e-06 -2.385604e-07
1.613889e+01 -3.197634e-06 -1.981322e-07
1.633333e+01 -2.687180e-06 -1.645212e-07
1.652778e+01 -2.249358e-06 -1.360956e-07
1.672222e+01 -1.867067e-06 -1.116519e-07
1.691667e+01 -1.531004e-06 -9.050268e-08
1.711111e+01 -1.242103e-06 -7.259046e-08
1.730556e+01 -1.014539e-06 -5.862503e-08
1.750000e+01 -8.792631e-07 -5.024361e-08
1.769444e+01 -7.322259e-07 -4.138168e-08
1.788889e+01 -6.093527e-07 -3.406320e-08
1.808333e+01 -5.068926e-07 -2.803093e-08
1.827778e+01 -4.216003e-07 -2.306628e-08
1.847222e+01 -3.506852e-07 -1.898446e-08
1.866667e+01 -2.917634e-07 -1.563018e-08
1.886111e+01 -2.428120e-07 -1.287369e-08
1.905556e+01 -2.021270e-07 -1.060725e-08
1.925000e+01 -1.682831e-07 -8.741978e-09
1.944444e+01 -1.400966e-07 -7.204968e-09
1.963889e+01 -1.165917e-07 -5.936778e-09
1.983333e+01 -9.696862e-08 -4.889174e-09
2.002778e+01 -8.057503e-08 -4.023164e-09
2.022222e+01 -6.688029e-08 -3.307267e-09
2.041667e+01 -5.545230e-08 -2.716031e-09
2.061111e+01 -4.593722e-08 -2.228760e-09
2.080556e+01 -3.804195e-08 -1.828452e-09
2.100000e+01 -3.151946e-08 -1.500927e-09
2.119444e+01 -2.615680e-08 -1.234135e-09
2.138889e+01 -2.176597e-08 -1.017630e-09
2.158333e+01 -1.817760e-08 -8.422052e-10
2.177778e+01 -1.523732e-08 -6.996728e-10
2.197222e+01 -1.280502e-08 -5.827822e-10
2.216667e+01 -1.075683e-08 -4.852706e-10
2.236111e+01 -8.989907e-09 -4.020331e-10
2.255556e+01 -7.430012e-09 -3.294094e-10
2.275000e+01 -6.041872e-09 -2.655768e-10
2.294444e+01 -4.842327e-09 -2.110457e-10
2.313889e+01 -3.916264e-09 -1.692503e-10
2.333333e+01 -3.435335e-09 -1.472287e-10
2.352778e+01 -2.853105e-09 -1.212654e-10
2.372222e+01 -2.367892e-09 -9.981747e-11
2.391667e+01 -1.964439e-09 -8.213684e-11
2.411111e+01 -1.629569e-09 -6.758582e-11
2.430556e+01 -1.351972e-09 -5.562397e-11
2.450000e+01 -1.122006e-09 -4.579615e-11
2.469444e+01 -9.315105e-10 -3.772146e-11
2.488889e+01 -7.736299e-10 -3.108334e-11
2.508333e+01 -6.426468e-10 -2.562047e-11
2.527778e+01 -5.338306e-10 -2.111857e-11
2.547222e+01 -4.432959e-10 -1.740311e-11
2.566667e+01 -3.678719e-10 -1.433267e-11
2.586111e+01 -3.049849e-10 -1.179319e-11
2.605556e+01 -2.525515e-10 -9.692808e-12
2.625000e+01 -2.088832e-10 -7.957456e-12
2.644444e+01 -1.726036e-10 -6.527026e-12
2.663889e+01 -1.425761e-10 -5.352178e-12
2.683333e+01 -1.178442e-10 -4.391709e-12
2.702778e+01 -9.758270e-11 -3.610460e-12
2.722222e+01 -8.106092e-11 -2.977748e-12
2.741667e+01 -6.761731e-11 -2.466285e-12
2.761111e+01 -5.664587e-11 -2.051561e-12
2.780556e+01 -4.759407e-11 -1.711675e-12
2.800000e+01 -3.997240e-11 -1.427586e-12
2.819444e+01 -3.337558e-11 -1.183764e-12
2.838889e+01 -2.751536e-11 -9.692300e-13
2.858333e+01 -2.226497e-11 -7.789493e-13
2.877778e+01 -1.771510e-11 -6.155826e-13
2.897222e+01 -1.424164e-11 -4.915617e-13
2.916667e+01 -1.258490e-11 -4.314825e-13
2.936111e+01 -1.043495e-11 -3.554005e-13
2.955556e+01 -8.646141e-12 -2.925386e-13
2.975000e+01 -7.161255e-12 -2.407144e-13
2.994444e+01 -5.930923e-12 -1.980642e-13
3.013889e+01 -4.912821e-12 -1.630060e-13
3.033333e+01 -4.070909e-12 -1.342058e-13
3.052778e+01 -3.374727e-12 -1.105461e-13
3.072222e+01 -2.798722e-12 -9.109764e-14
3.091667e+01 -2.321624e-12 -7.509296e-14
3.111111e+01 -1.925870e-12 -6.190296e-14
3.130556e+01 -1.597065e-12 -5.101540e-14
3.150000e+01 -1.323495e-12 -4.201572e-14
3.169444e+01 -1.095675e-12 -3.456994e-14
3.188889e+01 -9.059501e-13 -2.840958e-14
3.208333e+01 -7.481348e-13 -2.331849e-14
3.227778e+01 -6.171996e-13 -1.912150e-14
3.247222e+01 -5.090000e-13 -1.567493e-14
3.266667e+01 -4.200507e-13 -1.285870e-14
3.286111e+01 -3.473438e-13 -1.057006e-14
3.305556e+01 -2.882104e-13 -8.718971e-15
3.325000e+01 -2.402278e-13 -7.224896e-15
3.344444e+01 -2.011693e-13 -6.015029e-15
3.363889e+01 -1.689995e-13 -5.023933e-15
3.383333e+01 -1.419130e-13 -4.194474e-15
3.402778e+01 -1.184175e-13 -3.480025e-15
3.422222e+01 -9.746104e-14 -2.847888e-15
3.441667e+01 -7.860342e-14 -2.283877e-15
3.461111e+01 -6.223194e-14 -1.798034e-15
3.480556e+01 -4.982108e-14 -1.431412e-15
3.500000e+01 -4.423646e-14 -1.263899e-15
3.538889e+01 -3.068405e-14 -8.670531e-16
3.577778e+01 -2.094905e-14 -5.855325e-16
3.616667e+01 -1.411643e-14 -3.903161e-16
3.655556e+01 -9.441345e-15 -2.582739e-16
3.694444e+01 -6.327623e-15 -1.712740e-16
3.733333e+01 -4.307661e-15 -1.153838e-16
3.772222e+01 -3.023664e-15 -8.015604e-17
3.811111e+01 -2.210273e-15 -5.799551e-17
3.850000e+01 -1.678569e-15 -4.359921e-17
3.888889e+01 -1.301450e-15 -3.346586e-17
3.927778e+01 -1.000383e-15 -2.546945e-17
3.966667e+01 -7.335378e-16 -1.849255e-17
4.005556e+01 -4.852868e-16 -1.211534e-17
4.044444e+01 -2.570904e-16 -6.356631e-18
4.083333e+01 -5.975133e-17 -1.463298e-18
4.122222e+01 9.295244e-17 2.254911e-18
4.161111e+01 1.892596e-16 4.548295e-18
4.200000e+01 2.230417e-16 5.310517e-18
4.238889e+01 1.960436e-16 4.624881e-18
4.277778e+01 1.187480e-16 2.775928e-18
4.316667e+01 9.864998e-18 2.285328e-19
4.355556e+01 -1.055555e-16 -2.423467e-18
4.394444e+01 -1.993854e-16 -4.537216e-18
4.433333e+01 -2.450574e-16 -5.527610e-18
4.472222e+01 -2.235782e-16 -4.999265e-18
4.511111e+01 -1.309188e-16 -2.902141e-18
4.550000e+01 1.322070e-17 2.905647e-19
4.588889e+01 1.552695e-16 3.383596e-18
4.627778e+01 1.962694e-16 4.241116e-18
4.666667e+01 -2.101746e-17 -4.503741e-19
4.744444e+01 -1.124713e-17 -2.370590e-19
4.822222e+01 -5.189491e-18 -1.076162e-19
4.900000e+01 -1.752305e-18 -3.576134e-20
4.977778e+01 -7.704596e-20 -1.547798e-21
5.055556e+01 4.937050e-19 9.765594e-21
5.133333e+01 4.465984e-19 8.699968e-21
5.211111e+01 1.256222e-19 2.410661e-21
5.288889e+01 -2.420358e-19 -4.576307e-21
5.366667e+01 -5.223680e-19 -9.733565e-21
5.444444e+01 -6.531681e-19 -1.199696e-20
5.522222e+01 -6.248940e-19 -1.131599e-20
5.600000e+01 -4.637729e-19 -8.281659e-21
5.677778e+01 -2.171473e-19 -3.824513e-21
5.755556e+01 5.893638e-20 1.023991e-21
5.833333e+01 3.098983e-19 5.312543e-21
5.911111e+01 4.905533e-19 8.298834e-21
5.988889e+01 5.707975e-19 9.530941e-21
6.066667e+01 5.390533e-19 8.885493e-21
6.144444e+01 4.034726e-19 6.566461e-21
6.222222e+01 1.908982e-19 3.068007e-21
6.300000e+01 -5.641642e-20 -8.954987e-22
6.377778e+01 -2.863292e-19 -4.489483e-21
6.455556e+01 -4.445733e-19 -6.886678e-21
6.533333e+01 -4.847622e-19 -7.419830e-21
6.611111e+01 -3.806373e-19 -5.757538e-21
6.688889e+01 -1.405564e-19 -2.101341e-21
6.766667e+01 1.757752e-19 2.597664e-21
6.844444e+01 4.383328e-19 6.404212e-21
6.922222e+01 4.255576e-19 6.147703e-21
7.000000e+01 -1.990981e-19 -2.844259e-21
7.077778e+01 -1.064753e-19 -1.504361e-21
7.155556e+01 -4.931028e-20 -6.891188e-22
7.233333e+01 -1.709355e-20 -2.363163e-22
7.311111e+01 -1.580240e-21 -2.161422e-23
7.388889e+01 3.527546e-21 4.774122e-23
7.466667e+01 2.876423e-21 3.852352e-23
7.544444e+01 -2.645098e-22 -3.506020e-24
7.622222e+01 -3.751859e-21 -4.922264e-23
7.700000e+01 -6.338065e-21 -8.231254e-23
7.777778e+01 -7.463480e-21 -9.595903e-23
7.855556e+01 -7.070385e-21 -9.000490e-23
7.933333e+01 -5.438962e-21 -6.855835e-23
8.011111e+01 -3.045203e-21 -3.801224e-23
8.088889e+01 -4.407650e-22 -5.449018e-24
8.166667e+01 1.845223e-21 2.259457e-23
8.244444e+01 3.382416e-21 4.102661e-23
8.322222e+01 3.893559e-21 4.678509e-23
8.400000e+01 3.286849e-21 3.912916e-23
8.477778e+01 1.666352e-21 1.965552e-23
8.555556e+01 -6.795285e-22 -7.942541e-24
8.633333e+01 -3.311520e-21 -3.835738e-23
8.711111e+01 -5.694906e-21 -6.537519e-23
8.788889e+01 -7.276885e-21 -8.279641e-23
8.866667e+01 -7.585885e-21 -8.555509e-23
8.944444e+01 -6.352815e-21 -7.102527e-23
9.022222e+01 -3.654269e-21 -4.050298e-23
9.100000e+01 -7.766619e-23 -8.534747e-25
9.177778e+01 3.091654e-21 3.368630e-23
9.255556e+01 3.661396e-21 3.955890e-23
9.333333e+01 -1.698670e-21 -1.820004e-23
9.488889e+01 -6.883883e-22 -7.254678e-24
9.644444e+01 -1.060228e-22 -1.099315e-24
9.800000e+01 1.827069e-22 1.864356e-24
9.955556e+01 2.818298e-22 2.830880e-24
1.011111e+02 2.695412e-22 2.665792e-24
1.026667e+02 2.023027e-22 1.970481e-24
1.042222e+02 1.186254e-22 1.138197e-24
1.057778e+02 4.253653e-23 4.021311e-25
1.073333e+02 -1.327089e-23 -1.236419e-25
1.088889e+02 -4.460571e-23 -4.096442e-25
1.104444e+02 -5.326273e-23 -4.822581e-25
1.120000e+02 -4.482403e-23 -4.002146e-25
1.135556e+02 -2.677699e-23 -2.358052e-25
1.151111e+02 -6.949348e-24 -6.037079e-26
1.166667e+02 7.738834e-24 6.633287e-26
1.182222e+02 1.220637e-23 1.032494e-25
1.197778e+02 3.825164e-24 3.193550e-26
1.213333e+02 -1.728246e-23 -1.424379e-25
1.228889e+02 -4.826335e-23 -3.927397e-25
1.244444e+02 -8.386998e-23 -6.739552e-25
1.260000e+02 -1.171139e-22 -9.294757e-25
1.275556e+02 -1.402362e-22 -1.099412e-24
1.291111e+02 -1.459942e-22 -1.130764e-24
1.306667e+02 -1.292664e-22 -9.892838e-25
1.322222e+02 -8.897293e-23 -6.729045e-25
1.337778e+02 -3.031371e-23 -2.265975e-25
1.353333e+02 3.267667e-23 2.414532e-25
1.368889e+02 7.425713e-23 5.424628e-25
1.384444e+02 5.379146e-23 3.885419e-25
1.400000e+02 -8.775734e-23 -6.268382e-25
1.404667e+02 -6.646135e-23 -4.731468e-25
1.409333e+02 -4.837180e-23 -3.432247e-25
1.414000e+02 -3.346779e-23 -2.366888e-25
1.418667e+02 -2.161184e-23 -1.523391e-25
1.423333e+02 -1.257743e-23 -8.836600e-26
1.428000e+02 -6.073966e-24 -4.253478e-26
1.432667e+02 -1.769362e-24 -1.235013e-26
1.437333e+02 6.900046e-25 4.800588e-27
1.442000e+02 1.661758e-24 1.152398e-26
1.446667e+02 1.492520e-24 1.031696e-26
1.451333e+02 5.054036e-25 3.482340e-27
1.456000e+02 -1.009991e-24 -6.936751e-27
1.460667e+02 -2.805082e-24 -1.920412e-26
1.465333e+02 -4.677307e-24 -3.191975e-26
1.470000e+02 -6.472622e-24 -4.403144e-26
1.474667e+02 -8.085503e-24 -5.482936e-26
1.479333e+02 -9.456437e-24 -6.392364e-26
1.484000e+02 -1.056692e-23 -7.120568e-26
1.488667e+02 -1.143197e-23 -7.679332e-26
1.493333e+02 -1.209006e-23 -8.096021e-26
1.498000e+02 -1.259069e-23 -8.404997e-26
1.502667e+02 -1.297930e-23 -8.637513e-26
1.507333e+02 -1.327983e-23 -8.810147e-26
1.512000e+02 -1.347462e-23 -8.911787e-26
1.516667e+02 -1.348198e-23 -8.889215e-26
1.521333e+02 -1.313109e-23 -8.631307e-26
1.526000e+02 -1.213457e-23 -7.951882e-26
1.530667e+02 -1.005837e-23 -6.571235e-26
1.535333e+02 -6.289302e-24 -4.096376e-26
1.540000e+02 0.000000e+00
