# 
# Output from EIGENRAD program.
# 
# Eigenfunction for specific electronic state.
# The first column contains radius $r$ in bohr units.
# The second column holds value of eginefunction.
# 
# Use this file with gnuplot to create the plot.
#
0.000000e+00 0.000000e+00 -7.071067e-01
2.430556e-02 -1.677268e-02 -6.900759e-01
4.861111e-02 -3.273246e-02 -6.733534e-01
7.291667e-02 -4.790145e-02 -6.569342e-01
9.722222e-02 -6.230130e-02 -6.408133e-01
1.215278e-01 -7.595317e-02 -6.249861e-01
1.458333e-01 -8.887780e-02 -6.094477e-01
1.701389e-01 -1.010954e-01 -5.941936e-01
1.944444e-01 -1.126259e-01 -5.792190e-01
2.187500e-01 -1.234886e-01 -5.645195e-01
2.430556e-01 -1.337026e-01 -5.500906e-01
2.673611e-01 -1.432863e-01 -5.359279e-01
2.916667e-01 -1.522579e-01 -5.220270e-01
3.159722e-01 -1.606352e-01 -5.083839e-01
3.402778e-01 -1.684355e-01 -4.949941e-01
3.645833e-01 -1.756758e-01 -4.818537e-01
3.888889e-01 -1.823727e-01 -4.689584e-01
4.131944e-01 -1.885425e-01 -4.563044e-01
4.375000e-01 -1.942009e-01 -4.438877e-01
4.618056e-01 -1.993635e-01 -4.317044e-01
4.861111e-01 -2.040454e-01 -4.197506e-01
5.104167e-01 -2.082615e-01 -4.080226e-01
5.347222e-01 -2.120263e-01 -3.965167e-01
5.590278e-01 -2.153539e-01 -3.852293e-01
5.833333e-01 -2.182580e-01 -3.741566e-01
6.076389e-01 -2.207524e-01 -3.632953e-01
6.319444e-01 -2.228500e-01 -3.526418e-01
6.562500e-01 -2.245639e-01 -3.421926e-01
6.805556e-01 -2.259066e-01 -3.319444e-01
7.048611e-01 -2.268905e-01 -3.218939e-01
7.291667e-01 -2.275275e-01 -3.120377e-01
7.534722e-01 -2.278294e-01 -3.023727e-01
7.777778e-01 -2.278077e-01 -2.928956e-01
8.020833e-01 -2.274736e-01 -2.836034e-01
8.263889e-01 -2.268379e-01 -2.744929e-01
8.506944e-01 -2.259114e-01 -2.655612e-01
8.750000e-01 -2.247045e-01 -2.568051e-01
8.993056e-01 -2.232273e-01 -2.482219e-01
9.236111e-01 -2.214898e-01 -2.398085e-01
9.479167e-01 -2.195017e-01 -2.315622e-01
9.722222e-01 -2.172723e-01 -2.234801e-01
9.965278e-01 -2.148110e-01 -2.155595e-01
1.020833e+00 -2.121267e-01 -2.077976e-01
1.045139e+00 -2.092282e-01 -2.001918e-01
1.069444e+00 -2.061240e-01 -1.927394e-01
1.093750e+00 -2.028226e-01 -1.854378e-01
1.118056e+00 -1.993320e-01 -1.782845e-01
1.142361e+00 -1.956601e-01 -1.712769e-01
1.166667e+00 -1.918148e-01 -1.644127e-01
1.190972e+00 -1.878035e-01 -1.576893e-01
1.215278e+00 -1.836337e-01 -1.511043e-01
1.239583e+00 -1.793124e-01 -1.446554e-01
1.263889e+00 -1.748466e-01 -1.383402e-01
1.288194e+00 -1.702433e-01 -1.321565e-01
1.312500e+00 -1.655089e-01 -1.261020e-01
1.336806e+00 -1.606499e-01 -1.201745e-01
1.361111e+00 -1.556727e-01 -1.143718e-01
1.385417e+00 -1.505833e-01 -1.086917e-01
1.409722e+00 -1.453877e-01 -1.031322e-01
1.434028e+00 -1.400917e-01 -9.769109e-02
1.458333e+00 -1.347010e-01 -9.236641e-02
1.506944e+00 -1.236571e-01 -8.205818e-02
1.555556e+00 -1.122983e-01 -7.219179e-02
1.604167e+00 -1.006646e-01 -6.275193e-02
1.652778e+00 -8.879348e-02 -5.372379e-02
1.701389e+00 -7.672078e-02 -4.509303e-02
1.750000e+00 -6.448010e-02 -3.684577e-02
1.798611e+00 -5.210322e-02 -2.896859e-02
1.847222e+00 -3.962006e-02 -2.144845e-02
1.895833e+00 -2.705879e-02 -1.427277e-02
1.944444e+00 -1.444594e-02 -7.429339e-03
1.993056e+00 -1.806384e-03 -9.063391e-04
2.041667e+00 1.083649e-02 5.307670e-03
2.090278e+00 2.346079e-02 1.122377e-02
2.138889e+00 3.604601e-02 1.685268e-02
2.187500e+00 4.857298e-02 2.220479e-02
2.236111e+00 6.102380e-02 2.729015e-02
2.284722e+00 7.338180e-02 3.211848e-02
2.333333e+00 8.563146e-02 3.669920e-02
2.381944e+00 9.775836e-02 4.104141e-02
2.430556e+00 1.097491e-01 4.515393e-02
2.479167e+00 1.215914e-01 4.904529e-02
2.527778e+00 1.332739e-01 5.272373e-02
2.576389e+00 1.447859e-01 5.619724e-02
2.625000e+00 1.561180e-01 5.947352e-02
2.673611e+00 1.672613e-01 6.256005e-02
2.722222e+00 1.782077e-01 6.546406e-02
2.770833e+00 1.889501e-01 6.819252e-02
2.819444e+00 1.994819e-01 7.075219e-02
2.868056e+00 2.097972e-01 7.314962e-02
2.916667e+00 2.198908e-01 7.539114e-02
2.965278e+00 2.297581e-01 7.748283e-02
3.013889e+00 2.393949e-01 7.943058e-02
3.062500e+00 2.487978e-01 8.124011e-02
3.111111e+00 2.579638e-01 8.291694e-02
3.159722e+00 2.668904e-01 8.446640e-02
3.208333e+00 2.755754e-01 8.589364e-02
3.256944e+00 2.840174e-01 8.720363e-02
3.305556e+00 2.922150e-01 8.840119e-02
3.354167e+00 3.001676e-01 8.949095e-02
3.402778e+00 3.078745e-01 9.047740e-02
3.451389e+00 3.153357e-01 9.136487e-02
3.500000e+00 3.225514e-01 9.215756e-02
3.548611e+00 3.295222e-01 9.285949e-02
3.597222e+00 3.362488e-01 9.347457e-02
3.645833e+00 3.427323e-01 9.400657e-02
3.694444e+00 3.489740e-01 9.445912e-02
3.743056e+00 3.549754e-01 9.483574e-02
3.791667e+00 3.607384e-01 9.513980e-02
3.840278e+00 3.662649e-01 9.537458e-02
3.888889e+00 3.715570e-01 9.554323e-02
3.937500e+00 3.766171e-01 9.564878e-02
3.986111e+00 3.814476e-01 9.569418e-02
4.034722e+00 3.860513e-01 9.568224e-02
4.083333e+00 3.904308e-01 9.561570e-02
4.131944e+00 3.945891e-01 9.549719e-02
4.180556e+00 3.985291e-01 9.532923e-02
4.229167e+00 4.022541e-01 9.511427e-02
4.277778e+00 4.057672e-01 9.485467e-02
4.326389e+00 4.090717e-01 9.455269e-02
4.375000e+00 4.121711e-01 9.421053e-02
4.423611e+00 4.150687e-01 9.383028e-02
4.472222e+00 4.177680e-01 9.341396e-02
4.520833e+00 4.202727e-01 9.296354e-02
4.569444e+00 4.225863e-01 9.248089e-02
4.618056e+00 4.247124e-01 9.196781e-02
4.666667e+00 4.266549e-01 9.142605e-02
4.715278e+00 4.284173e-01 9.085728e-02
4.763889e+00 4.300034e-01 9.026310e-02
4.812500e+00 4.314169e-01 8.964508e-02
4.861111e+00 4.326617e-01 8.900469e-02
4.909722e+00 4.337414e-01 8.834336e-02
4.958333e+00 4.346598e-01 8.766247e-02
5.006944e+00 4.354206e-01 8.696335e-02
5.055556e+00 4.360278e-01 8.624725e-02
5.104167e+00 4.364849e-01 8.551540e-02
5.152778e+00 4.367956e-01 8.476897e-02
5.201389e+00 4.369639e-01 8.400907e-02
5.250000e+00 4.369932e-01 8.323679e-02
5.298611e+00 4.368873e-01 8.245317e-02
5.347222e+00 4.366498e-01 8.165918e-02
5.395833e+00 4.362843e-01 8.085578e-02
5.444444e+00 4.357944e-01 8.004387e-02
5.493056e+00 4.351837e-01 7.922434e-02
5.541667e+00 4.344557e-01 7.839802e-02
5.590278e+00 4.336138e-01 7.756569e-02
5.638889e+00 4.326614e-01 7.672814e-02
5.687500e+00 4.316021e-01 7.588608e-02
5.736111e+00 4.304390e-01 7.504022e-02
5.784722e+00 4.291756e-01 7.419122e-02
5.833333e+00 4.278151e-01 7.333974e-02
5.930556e+00 4.248158e-01 7.163170e-02
6.027778e+00 4.214659e-01 6.992062e-02
6.125000e+00 4.177901e-01 6.821063e-02
6.222222e+00 4.138120e-01 6.650550e-02
6.319444e+00 4.095545e-01 6.480863e-02
6.416667e+00 4.050396e-01 6.312306e-02
6.513889e+00 4.002885e-01 6.145155e-02
6.611111e+00 3.953216e-01 5.979654e-02
6.708333e+00 3.901583e-01 5.816024e-02
6.805556e+00 3.848174e-01 5.654460e-02
6.902778e+00 3.793168e-01 5.495133e-02
7.000000e+00 3.736737e-01 5.338196e-02
7.097222e+00 3.679043e-01 5.183779e-02
7.194444e+00 3.620243e-01 5.031997e-02
7.291667e+00 3.560484e-01 4.882949e-02
7.388889e+00 3.499907e-01 4.736716e-02
7.486111e+00 3.438645e-01 4.593366e-02
7.583333e+00 3.376825e-01 4.452957e-02
7.680556e+00 3.314567e-01 4.315530e-02
7.777778e+00 3.251983e-01 4.181121e-02
7.875000e+00 3.189179e-01 4.049751e-02
7.972222e+00 3.126254e-01 3.921434e-02
8.069444e+00 3.063304e-01 3.796177e-02
8.166667e+00 3.000415e-01 3.673978e-02
8.263889e+00 2.937670e-01 3.554828e-02
8.361111e+00 2.875146e-01 3.438713e-02
8.458333e+00 2.812915e-01 3.325613e-02
8.555556e+00 2.751043e-01 3.215505e-02
8.652778e+00 2.689593e-01 3.108358e-02
8.750000e+00 2.628624e-01 3.004142e-02
8.847222e+00 2.568186e-01 2.902816e-02
8.944444e+00 2.508329e-01 2.804343e-02
9.041667e+00 2.449097e-01 2.708679e-02
9.138889e+00 2.390532e-01 2.615779e-02
9.236111e+00 2.332670e-01 2.525598e-02
9.333333e+00 2.275546e-01 2.438085e-02
9.430556e+00 2.219190e-01 2.353191e-02
9.527778e+00 2.163629e-01 2.270864e-02
9.625000e+00 2.108887e-01 2.191052e-02
9.722222e+00 2.054987e-01 2.113701e-02
9.819444e+00 2.001947e-01 2.038758e-02
9.916667e+00 1.949783e-01 1.966168e-02
1.001389e+01 1.898509e-01 1.895876e-02
1.011111e+01 1.848138e-01 1.827829e-02
1.020833e+01 1.798678e-01 1.761970e-02
1.030556e+01 1.750137e-01 1.698247e-02
1.040278e+01 1.702522e-01 1.636603e-02
1.050000e+01 1.655836e-01 1.576986e-02
1.059722e+01 1.610081e-01 1.519342e-02
1.069444e+01 1.565258e-01 1.463618e-02
1.079167e+01 1.521367e-01 1.409761e-02
1.088889e+01 1.478407e-01 1.357720e-02
1.098611e+01 1.436372e-01 1.307444e-02
1.108333e+01 1.395261e-01 1.258882e-02
1.118056e+01 1.355066e-01 1.211985e-02
1.127778e+01 1.315783e-01 1.166704e-02
1.137500e+01 1.277403e-01 1.122991e-02
1.147222e+01 1.239918e-01 1.080800e-02
1.156944e+01 1.203320e-01 1.040085e-02
1.166667e+01 1.167600e-01 1.000800e-02
1.186111e+01 1.098746e-01 9.263435e-03
1.205556e+01 1.033278e-01 8.570967e-03
1.225000e+01 9.710954e-02 7.927309e-03
1.244444e+01 9.120965e-02 7.329347e-03
1.263889e+01 8.561750e-02 6.774131e-03
1.283333e+01 8.032220e-02 6.258873e-03
1.302778e+01 7.531274e-02 5.780935e-03
1.322222e+01 7.057795e-02 5.337828e-03
1.341667e+01 6.610666e-02 4.927204e-03
1.361111e+01 6.188770e-02 4.546851e-03
1.380556e+01 5.790999e-02 4.194688e-03
1.400000e+01 5.416258e-02 3.868756e-03
1.419444e+01 5.063469e-02 3.567219e-03
1.438889e+01 4.731574e-02 3.288352e-03
1.458333e+01 4.419542e-02 3.030543e-03
1.477778e+01 4.126370e-02 2.792281e-03
1.497222e+01 3.851085e-02 2.572153e-03
1.516667e+01 3.592746e-02 2.368844e-03
1.536111e+01 3.350449e-02 2.181124e-03
1.555556e+01 3.123321e-02 2.007849e-03
1.575000e+01 2.910528e-02 1.847954e-03
1.594444e+01 2.711272e-02 1.700449e-03
1.613889e+01 2.524788e-02 1.564413e-03
1.633333e+01 2.350348e-02 1.438989e-03
1.652778e+01 2.187256e-02 1.323382e-03
1.672222e+01 2.034847e-02 1.216852e-03
1.691667e+01 1.892483e-02 1.118709e-03
1.711111e+01 1.759554e-02 1.028311e-03
1.730556e+01 1.635472e-02 9.450562e-04
1.750000e+01 1.519666e-02 8.683803e-04
1.769444e+01 1.411686e-02 7.978130e-04
1.788889e+01 1.311019e-02 7.328678e-04
1.808333e+01 1.217205e-02 6.731087e-04
1.827778e+01 1.129808e-02 6.181320e-04
1.847222e+01 1.048418e-02 5.675645e-04
1.866667e+01 9.726474e-03 5.210611e-04
1.886111e+01 9.021323e-03 4.783028e-04
1.905556e+01 8.365292e-03 4.389949e-04
1.925000e+01 7.755152e-03 4.028650e-04
1.944444e+01 7.187867e-03 3.696617e-04
1.963889e+01 6.660586e-03 3.391529e-04
1.983333e+01 6.170630e-03 3.111242e-04
2.002778e+01 5.715487e-03 2.853780e-04
2.022222e+01 5.292801e-03 2.617319e-04
2.041667e+01 4.900362e-03 2.400177e-04
2.061111e+01 4.536104e-03 2.200805e-04
2.080556e+01 4.198090e-03 2.017773e-04
2.100000e+01 3.884508e-03 1.849766e-04
2.119444e+01 3.593665e-03 1.695569e-04
2.138889e+01 3.323976e-03 1.554067e-04
2.158333e+01 3.073964e-03 1.424230e-04
2.177778e+01 2.842245e-03 1.305112e-04
2.197222e+01 2.627530e-03 1.195842e-04
2.216667e+01 2.428616e-03 1.095616e-04
2.236111e+01 2.244379e-03 1.003697e-04
2.255556e+01 2.073773e-03 9.194065e-05
2.275000e+01 1.915821e-03 8.421191e-05
2.294444e+01 1.769615e-03 7.712607e-05
2.313889e+01 1.634308e-03 7.063035e-05
2.333333e+01 1.509112e-03 6.467624e-05
2.352778e+01 1.393298e-03 5.921927e-05
2.372222e+01 1.286175e-03 5.421814e-05
2.391667e+01 1.187112e-03 4.963533e-05
2.411111e+01 1.095520e-03 4.543630e-05
2.430556e+01 1.010852e-03 4.158933e-05
2.450000e+01 9.325982e-04 3.806523e-05
2.469444e+01 8.602851e-04 3.483719e-05
2.488889e+01 7.934723e-04 3.188058e-05
2.508333e+01 7.317512e-04 2.917281e-05
2.527778e+01 6.747425e-04 2.669311e-05
2.547222e+01 6.220945e-04 2.442247e-05
2.566667e+01 5.734809e-04 2.234341e-05
2.586111e+01 5.285993e-04 2.043993e-05
2.605556e+01 4.871697e-04 1.869734e-05
2.625000e+01 4.489322e-04 1.710218e-05
2.644444e+01 4.136465e-04 1.564209e-05
2.663889e+01 3.810895e-04 1.430576e-05
2.683333e+01 3.510549e-04 1.308279e-05
2.702778e+01 3.233513e-04 1.196366e-05
2.722222e+01 2.978013e-04 1.093964e-05
2.741667e+01 2.742407e-04 1.000270e-05
2.761111e+01 2.525172e-04 9.145493e-06
2.780556e+01 2.324898e-04 8.361273e-06
2.800000e+01 2.140280e-04 7.643857e-06
2.819444e+01 1.970109e-04 6.987580e-06
2.838889e+01 1.813271e-04 6.387255e-06
2.858333e+01 1.668737e-04 5.838146e-06
2.877778e+01 1.535563e-04 5.335934e-06
2.897222e+01 1.412886e-04 4.876692e-06
2.916667e+01 1.299921e-04 4.456872e-06
2.936111e+01 1.195855e-04 4.072922e-06
2.955556e+01 1.100010e-04 3.721840e-06
2.975000e+01 1.011751e-04 3.400844e-06
2.994444e+01 9.304882e-05 3.107382e-06
3.013889e+01 8.556763e-05 2.839110e-06
3.033333e+01 7.868108e-05 2.593882e-06
3.052778e+01 7.234254e-05 2.369728e-06
3.072222e+01 6.650896e-05 2.164848e-06
3.091667e+01 6.114056e-05 1.977592e-06
3.111111e+01 5.620070e-05 1.806451e-06
3.130556e+01 5.165554e-05 1.650044e-06
3.150000e+01 4.747394e-05 1.507109e-06
3.169444e+01 4.362716e-05 1.376492e-06
3.188889e+01 4.008875e-05 1.257138e-06
3.208333e+01 3.683431e-05 1.148082e-06
3.227778e+01 3.384138e-05 1.048442e-06
3.247222e+01 3.108925e-05 9.574106e-07
3.266667e+01 2.855881e-05 8.742492e-07
3.286111e+01 2.623244e-05 7.982823e-07
3.305556e+01 2.409390e-05 7.288911e-07
3.325000e+01 2.212819e-05 6.655093e-07
3.344444e+01 2.032145e-05 6.076181e-07
3.363889e+01 1.866092e-05 5.547425e-07
3.383333e+01 1.713482e-05 5.064480e-07
3.402778e+01 1.573231e-05 4.623374e-07
3.422222e+01 1.444343e-05 4.220482e-07
3.441667e+01 1.325904e-05 3.852506e-07
3.461111e+01 1.217085e-05 3.516456e-07
3.480556e+01 1.117133e-05 3.209639e-07
3.500000e+01 1.025376e-05 2.929645e-07
3.538889e+01 8.638520e-06 2.441026e-07
3.577778e+01 7.273064e-06 2.032844e-07
3.616667e+01 6.120759e-06 1.692376e-07
3.655556e+01 5.149683e-06 1.408728e-07
3.694444e+01 4.332168e-06 1.172617e-07
3.733333e+01 3.644363e-06 9.761686e-08
3.772222e+01 3.065827e-06 8.127377e-08
3.811111e+01 2.579145e-06 6.767435e-08
3.850000e+01 2.169563e-06 5.635229e-08
3.888889e+01 1.824660e-06 4.691982e-08
3.927778e+01 1.534029e-06 3.905589e-08
3.966667e+01 1.288996e-06 3.249569e-08
4.005556e+01 1.082354e-06 2.702132e-08
4.044444e+01 9.081267e-07 2.245368e-08
4.083333e+01 7.613539e-07 1.864540e-08
4.122222e+01 6.379027e-07 1.547473e-08
4.161111e+01 5.343025e-07 1.284038e-08
4.200000e+01 4.476050e-07 1.065726e-08
4.238889e+01 3.752679e-07 8.852978e-09
4.277778e+01 3.150637e-07 7.365125e-09
4.316667e+01 2.650122e-07 6.139278e-09
4.355556e+01 2.233380e-07 5.127658e-09
4.394444e+01 1.884524e-07 4.288425e-09
4.433333e+01 1.589594e-07 3.585551e-09
4.472222e+01 1.336862e-07 2.989257e-09
4.511111e+01 1.117384e-07 2.476959e-09
4.550000e+01 9.257910e-08 2.034705e-09
4.588889e+01 7.613324e-08 1.659078e-09
4.627778e+01 6.291544e-08 1.359517e-09
4.666667e+01 5.418289e-08 1.161062e-09
4.744444e+01 3.833869e-08 8.080755e-10
4.822222e+01 2.678691e-08 5.554888e-10
4.900000e+01 1.852840e-08 3.781307e-10
4.977778e+01 1.274603e-08 2.560586e-10
5.055556e+01 8.781950e-09 1.737089e-10
5.133333e+01 6.116433e-09 1.191513e-10
5.211111e+01 4.348065e-09 8.343835e-11
5.288889e+01 3.175402e-09 6.003912e-11
5.366667e+01 2.380051e-09 4.434878e-11
5.444444e+01 1.811190e-09 3.326676e-11
5.522222e+01 1.371519e-09 2.483637e-11
5.600000e+01 1.004648e-09 1.794015e-11
5.677778e+01 6.839163e-10 1.204549e-11
5.755556e+01 4.026479e-10 6.995814e-12
5.833333e+01 1.658414e-10 2.842996e-12
5.911111e+01 -1.670769e-11 -2.826488e-13
5.988889e+01 -1.358493e-10 -2.268356e-12
6.066667e+01 -1.870870e-10 -3.083852e-12
6.144444e+01 -1.731524e-10 -2.818031e-12
6.222222e+01 -1.051449e-10 -1.689828e-12
6.300000e+01 -2.237754e-12 -3.551990e-14
6.377778e+01 1.100502e-10 1.725526e-12
6.455556e+01 2.030175e-10 3.144849e-12
6.533333e+01 2.493762e-10 3.816982e-12
6.611111e+01 2.292832e-10 3.468149e-12
6.688889e+01 1.378051e-10 2.060209e-12
6.766667e+01 -6.182378e-12 -9.136520e-14
6.844444e+01 -1.496612e-10 -2.186609e-12
6.922222e+01 -1.937033e-10 -2.798281e-12
7.000000e+01 1.973145e-11 2.818779e-13
7.077778e+01 1.382301e-11 1.953016e-13
7.155556e+01 9.547949e-12 1.334341e-13
7.233333e+01 6.520143e-12 9.014023e-14
7.311111e+01 4.424593e-12 6.051875e-14
7.388889e+01 3.008484e-12 4.071633e-14
7.466667e+01 2.072837e-12 2.776121e-14
7.544444e+01 1.464721e-12 1.941457e-14
7.622222e+01 1.070036e-12 1.403837e-14
7.700000e+01 8.068603e-13 1.047871e-14
7.777778e+01 6.193727e-13 7.963363e-15
7.855556e+01 4.723359e-13 6.012763e-15
7.933333e+01 3.461517e-13 4.363257e-15
8.011111e+01 2.324835e-13 2.902013e-15
8.088889e+01 1.304466e-13 1.612664e-15
8.166667e+01 4.336710e-14 5.310258e-16
8.244444e+01 -2.389138e-14 -2.897877e-16
8.322222e+01 -6.703294e-14 -8.054693e-16
8.400000e+01 -8.386630e-14 -9.984083e-16
8.477778e+01 -7.527376e-14 -8.878949e-16
8.555556e+01 -4.561202e-14 -5.331275e-16
8.633333e+01 -2.544855e-15 -2.947709e-17
8.711111e+01 4.369227e-14 5.015694e-16
8.788889e+01 8.159571e-14 9.283962e-16
8.866667e+01 1.002653e-13 1.130812e-15
8.944444e+01 9.184398e-14 1.026827e-15
9.022222e+01 5.452573e-14 6.043493e-16
9.100000e+01 -3.868543e-15 -4.251146e-17
9.177778e+01 -6.174699e-14 -6.727880e-16
9.255556e+01 -7.903462e-14 -8.539155e-16
9.333333e+01 8.106901e-15 8.685966e-17
9.488889e+01 4.380831e-15 4.616800e-17
9.644444e+01 2.062910e-15 2.138962e-17
9.800000e+01 7.401757e-16 7.552813e-18
9.955556e+01 8.785207e-17 8.824426e-19
1.011111e+02 -1.429280e-16 -1.413574e-18
1.026667e+02 -1.365622e-16 -1.330151e-18
1.042222e+02 -2.357153e-17 -2.261661e-19
1.057778e+02 1.096496e-16 1.036604e-18
1.073333e+02 2.119289e-16 1.974493e-18
1.088889e+02 2.592546e-16 2.380910e-18
1.104444e+02 2.475591e-16 2.241480e-18
1.120000e+02 1.863457e-16 1.663801e-18
1.135556e+02 9.316079e-17 8.203984e-19
1.151111e+02 -1.109091e-17 -9.634961e-20
1.166667e+02 -1.059865e-16 -9.084555e-19
1.182222e+02 -1.745806e-16 -1.476716e-18
1.197778e+02 -2.055577e-16 -1.716159e-18
1.213333e+02 -1.945392e-16 -1.603345e-18
1.228889e+02 -1.445472e-16 -1.176243e-18
1.244444e+02 -6.562374e-17 -5.273336e-19
1.260000e+02 2.639394e-17 2.094757e-19
1.275556e+02 1.119427e-16 8.775993e-19
1.291111e+02 1.706464e-16 1.321702e-18
1.306667e+02 1.850737e-16 1.416380e-18
1.322222e+02 1.453391e-16 1.099203e-18
1.337778e+02 5.454920e-17 4.077598e-19
1.353333e+02 -6.490784e-17 -4.796146e-19
1.368889e+02 -1.642280e-16 -1.199717e-18
1.384444e+02 -1.602132e-16 -1.157238e-18
1.400000e+02 7.355116e-17 5.253654e-19
1.404667e+02 5.869632e-17 4.178665e-19
1.409333e+02 4.676421e-17 3.318180e-19
1.414000e+02 3.722383e-17 2.632519e-19
1.418667e+02 2.962524e-17 2.088245e-19
1.423333e+02 2.359066e-17 1.657424e-19
1.428000e+02 1.880602e-17 1.316949e-19
1.432667e+02 1.501304e-17 1.047909e-19
1.437333e+02 1.200185e-17 8.350084e-20
1.442000e+02 9.604132e-18 6.660286e-20
1.446667e+02 7.686767e-18 5.313433e-20
1.451333e+02 6.146030e-18 4.234748e-20
1.456000e+02 4.902290e-18 3.366957e-20
1.460667e+02 3.895228e-18 2.666747e-20
1.465333e+02 3.079598e-18 2.101637e-20
1.470000e+02 2.421491e-18 1.647273e-20
1.474667e+02 1.895133e-18 1.285126e-20
1.479333e+02 1.480200e-18 1.000586e-20
1.484000e+02 1.159660e-18 7.814422e-21
1.488667e+02 9.181343e-19 6.167494e-21
1.493333e+02 7.407814e-19 4.960590e-21
1.498000e+02 6.127067e-19 4.090165e-21
1.502667e+02 5.188911e-19 3.453135e-21
1.507333e+02 4.446441e-19 2.949873e-21
1.512000e+02 3.765800e-19 2.490608e-21
1.516667e+02 3.041147e-19 2.005152e-21
1.521333e+02 2.214874e-19 1.455877e-21
1.526000e+02 1.303035e-19 8.538893e-22
1.530667e+02 4.260035e-20 2.783124e-22
1.535333e+02 -1.556406e-20 -1.013725e-22
1.540000e+02 0.000000e+00
