# 
# Output from EIGENRAD program.
# 
# Eigenfunction for specific electronic state.
# The first column contains radius $r$ in bohr units.
# The second column holds value of eginefunction.
# 
# Use this file with gnuplot to create the plot.
#
0.000000e+00 0.000000e+00 3.849002e-01
2.430556e-02 9.129764e-03 3.756246e-01
4.861111e-02 1.781630e-02 3.665068e-01
7.291667e-02 2.607096e-02 3.575446e-01
9.722222e-02 3.390486e-02 3.487357e-01
1.215278e-01 4.132893e-02 3.400781e-01
1.458333e-01 4.835389e-02 3.315695e-01
1.701389e-01 5.499025e-02 3.232080e-01
1.944444e-01 6.124833e-02 3.149914e-01
2.187500e-01 6.713824e-02 3.069177e-01
2.430556e-01 7.266992e-02 2.989848e-01
2.673611e-01 7.785309e-02 2.911908e-01
2.916667e-01 8.269731e-02 2.835336e-01
3.159722e-01 8.721194e-02 2.760114e-01
3.402778e-01 9.140617e-02 2.686222e-01
3.645833e-01 9.528900e-02 2.613641e-01
3.888889e-01 9.886927e-02 2.542353e-01
4.131944e-01 1.021556e-01 2.472338e-01
4.375000e-01 1.051566e-01 2.403579e-01
4.618056e-01 1.078804e-01 2.336057e-01
4.861111e-01 1.103353e-01 2.269755e-01
5.104167e-01 1.125292e-01 2.204655e-01
5.347222e-01 1.144701e-01 2.140739e-01
5.590278e-01 1.161655e-01 2.077991e-01
5.833333e-01 1.176230e-01 2.016394e-01
6.076389e-01 1.188500e-01 1.955931e-01
6.319444e-01 1.198536e-01 1.896585e-01
6.562500e-01 1.206410e-01 1.838340e-01
6.805556e-01 1.212192e-01 1.781180e-01
7.048611e-01 1.215948e-01 1.725089e-01
7.291667e-01 1.217746e-01 1.670051e-01
7.534722e-01 1.217650e-01 1.616052e-01
7.777778e-01 1.215725e-01 1.563075e-01
8.020833e-01 1.212033e-01 1.511106e-01
8.263889e-01 1.206634e-01 1.460129e-01
8.506944e-01 1.199590e-01 1.410130e-01
8.750000e-01 1.190958e-01 1.361095e-01
8.993056e-01 1.180796e-01 1.313009e-01
9.236111e-01 1.169160e-01 1.265858e-01
9.479167e-01 1.156106e-01 1.219628e-01
9.722222e-01 1.141686e-01 1.174305e-01
9.965278e-01 1.125953e-01 1.129876e-01
1.020833e+00 1.108959e-01 1.086327e-01
1.045139e+00 1.090754e-01 1.043645e-01
1.069444e+00 1.071388e-01 1.001818e-01
1.093750e+00 1.050909e-01 9.608307e-02
1.118056e+00 1.029363e-01 9.206721e-02
1.142361e+00 1.006796e-01 8.813292e-02
1.166667e+00 9.832546e-02 8.427897e-02
1.190972e+00 9.587817e-02 8.050412e-02
1.215278e+00 9.334204e-02 7.680717e-02
1.239583e+00 9.072129e-02 7.318692e-02
1.263889e+00 8.802000e-02 6.964220e-02
1.288194e+00 8.524221e-02 6.617185e-02
1.312500e+00 8.239182e-02 6.277472e-02
1.336806e+00 7.947266e-02 5.944968e-02
1.361111e+00 7.648847e-02 5.619561e-02
1.385417e+00 7.344290e-02 5.301142e-02
1.409722e+00 7.033950e-02 4.989600e-02
1.434028e+00 6.718177e-02 4.684830e-02
1.458333e+00 6.397308e-02 4.386726e-02
1.506944e+00 5.741602e-02 3.810095e-02
1.555556e+00 5.069387e-02 3.258892e-02
1.604167e+00 4.383093e-02 2.732317e-02
1.652778e+00 3.685026e-02 2.229595e-02
1.701389e+00 2.977379e-02 1.749970e-02
1.750000e+00 2.262234e-02 1.292705e-02
1.798611e+00 1.541565e-02 8.570864e-03
1.847222e+00 8.172414e-03 4.424164e-03
1.895833e+00 9.103328e-04 4.801756e-04
1.944444e+00 -6.353854e-03 -3.267696e-03
1.993056e+00 -1.360434e-02 -6.825869e-03
2.041667e+00 -2.082620e-02 -1.020059e-02
2.090278e+00 -2.800538e-02 -1.339793e-02
2.138889e+00 -3.512867e-02 -1.642379e-02
2.187500e+00 -4.218362e-02 -1.928394e-02
2.236111e+00 -4.915857e-02 -2.198396e-02
2.284722e+00 -5.604259e-02 -2.452928e-02
2.333333e+00 -6.282545e-02 -2.692519e-02
2.381944e+00 -6.949762e-02 -2.917684e-02
2.430556e+00 -7.605020e-02 -3.128922e-02
2.479167e+00 -8.247492e-02 -3.326720e-02
2.527778e+00 -8.876413e-02 -3.511548e-02
2.576389e+00 -9.491073e-02 -3.683867e-02
2.625000e+00 -1.009082e-01 -3.844122e-02
2.673611e+00 -1.067505e-01 -3.992746e-02
2.722222e+00 -1.124322e-01 -4.130162e-02
2.770833e+00 -1.179482e-01 -4.256778e-02
2.819444e+00 -1.232941e-01 -4.372992e-02
2.868056e+00 -1.284657e-01 -4.479191e-02
2.916667e+00 -1.334594e-01 -4.575750e-02
2.965278e+00 -1.382719e-01 -4.663033e-02
3.013889e+00 -1.429004e-01 -4.741394e-02
3.062500e+00 -1.473423e-01 -4.811176e-02
3.111111e+00 -1.515955e-01 -4.872714e-02
3.159722e+00 -1.556583e-01 -4.926330e-02
3.208333e+00 -1.595292e-01 -4.972339e-02
3.256944e+00 -1.632070e-01 -5.011047e-02
3.305556e+00 -1.666909e-01 -5.042749e-02
3.354167e+00 -1.699802e-01 -5.067732e-02
3.402778e+00 -1.730746e-01 -5.086274e-02
3.451389e+00 -1.759741e-01 -5.098647e-02
3.500000e+00 -1.786789e-01 -5.105112e-02
3.548611e+00 -1.811894e-01 -5.105924e-02
3.597222e+00 -1.835061e-01 -5.101328e-02
3.645833e+00 -1.856299e-01 -5.091564e-02
3.694444e+00 -1.875619e-01 -5.076863e-02
3.743056e+00 -1.893032e-01 -5.057450e-02
3.791667e+00 -1.908551e-01 -5.033542e-02
3.840278e+00 -1.922194e-01 -5.005350e-02
3.888889e+00 -1.933975e-01 -4.973078e-02
3.937500e+00 -1.943914e-01 -4.936924e-02
3.986111e+00 -1.952030e-01 -4.897079e-02
4.034722e+00 -1.958345e-01 -4.853729e-02
4.083333e+00 -1.962879e-01 -4.807052e-02
4.131944e+00 -1.965658e-01 -4.757223e-02
4.180556e+00 -1.966704e-01 -4.704409e-02
4.229167e+00 -1.966044e-01 -4.648773e-02
4.277778e+00 -1.963702e-01 -4.590473e-02
4.326389e+00 -1.959707e-01 -4.529660e-02
4.375000e+00 -1.954086e-01 -4.466481e-02
4.423611e+00 -1.946866e-01 -4.401080e-02
4.472222e+00 -1.938079e-01 -4.333592e-02
4.520833e+00 -1.927751e-01 -4.264151e-02
4.569444e+00 -1.915915e-01 -4.192884e-02
4.618056e+00 -1.902601e-01 -4.119917e-02
4.666667e+00 -1.887838e-01 -4.045368e-02
4.715278e+00 -1.871660e-01 -3.969352e-02
4.763889e+00 -1.854097e-01 -3.891982e-02
4.812500e+00 -1.835182e-01 -3.813364e-02
4.861111e+00 -1.814946e-01 -3.733603e-02
4.909722e+00 -1.793422e-01 -3.652797e-02
4.958333e+00 -1.770643e-01 -3.571044e-02
5.006944e+00 -1.746641e-01 -3.488436e-02
5.055556e+00 -1.721449e-01 -3.405063e-02
5.104167e+00 -1.695099e-01 -3.321011e-02
5.152778e+00 -1.667625e-01 -3.236362e-02
5.201389e+00 -1.639060e-01 -3.151196e-02
5.250000e+00 -1.609435e-01 -3.065591e-02
5.298611e+00 -1.578785e-01 -2.979620e-02
5.347222e+00 -1.547140e-01 -2.893353e-02
5.395833e+00 -1.514534e-01 -2.806859e-02
5.444444e+00 -1.481000e-01 -2.720204e-02
5.493056e+00 -1.446569e-01 -2.633450e-02
5.541667e+00 -1.411273e-01 -2.546657e-02
5.590278e+00 -1.375144e-01 -2.459884e-02
5.638889e+00 -1.338213e-01 -2.373185e-02
5.687500e+00 -1.300512e-01 -2.286614e-02
5.736111e+00 -1.262072e-01 -2.200222e-02
5.784722e+00 -1.222923e-01 -2.114057e-02
5.833333e+00 -1.183097e-01 -2.028165e-02
5.930556e+00 -1.101530e-01 -1.857381e-02
6.027778e+00 -1.017607e-01 -1.688197e-02
6.125000e+00 -9.315614e-02 -1.520916e-02
6.222222e+00 -8.436181e-02 -1.355815e-02
6.319444e+00 -7.539977e-02 -1.193139e-02
6.416667e+00 -6.629134e-02 -1.033112e-02
6.513889e+00 -5.705720e-02 -8.759314e-03
6.611111e+00 -4.771735e-02 -7.217751e-03
6.708333e+00 -3.829111e-02 -5.707992e-03
6.805556e+00 -2.879711e-02 -4.231412e-03
6.902778e+00 -1.925328e-02 -2.789207e-03
7.000000e+00 -9.676852e-03 -1.382407e-03
7.097222e+00 -8.437592e-05 -1.188858e-05
7.194444e+00 9.508312e-03 1.321619e-03
7.291667e+00 1.908607e-02 2.617518e-03
7.388889e+00 2.863444e-02 3.875338e-03
7.486111e+00 3.813967e-02 5.094724e-03
7.583333e+00 4.758868e-02 6.275431e-03
7.680556e+00 5.696907e-02 7.417312e-03
7.777778e+00 6.626911e-02 8.520314e-03
7.875000e+00 7.547770e-02 9.584470e-03
7.972222e+00 8.458442e-02 1.060989e-02
8.069444e+00 9.357945e-02 1.159676e-02
8.166667e+00 1.024536e-01 1.254534e-02
8.263889e+00 1.111983e-01 1.345592e-02
8.361111e+00 1.198054e-01 1.432889e-02
8.458333e+00 1.282676e-01 1.516464e-02
8.555556e+00 1.365779e-01 1.596365e-02
8.652778e+00 1.447298e-01 1.672640e-02
8.750000e+00 1.527175e-01 1.745343e-02
8.847222e+00 1.605357e-01 1.814532e-02
8.944444e+00 1.681796e-01 1.880268e-02
9.041667e+00 1.756446e-01 1.942613e-02
9.138889e+00 1.829270e-01 2.001632e-02
9.236111e+00 1.900230e-01 2.057392e-02
9.333333e+00 1.969298e-01 2.109962e-02
9.430556e+00 2.036445e-01 2.159412e-02
9.527778e+00 2.101649e-01 2.205813e-02
9.625000e+00 2.164891e-01 2.249238e-02
9.722222e+00 2.226155e-01 2.289759e-02
9.819444e+00 2.285428e-01 2.327452e-02
9.916667e+00 2.342702e-01 2.362389e-02
1.001389e+01 2.397971e-01 2.394645e-02
1.011111e+01 2.451231e-01 2.424295e-02
1.020833e+01 2.502483e-01 2.451412e-02
1.030556e+01 2.551730e-01 2.476072e-02
1.040278e+01 2.598975e-01 2.498347e-02
1.050000e+01 2.644228e-01 2.518312e-02
1.059722e+01 2.687497e-01 2.536039e-02
1.069444e+01 2.728794e-01 2.551599e-02
1.079167e+01 2.768134e-01 2.565066e-02
1.088889e+01 2.805532e-01 2.576509e-02
1.098611e+01 2.841006e-01 2.585997e-02
1.108333e+01 2.874575e-01 2.593601e-02
1.118056e+01 2.906260e-01 2.599388e-02
1.127778e+01 2.936084e-01 2.603424e-02
1.137500e+01 2.964069e-01 2.605775e-02
1.147222e+01 2.990242e-01 2.606507e-02
1.156944e+01 3.014628e-01 2.605681e-02
1.166667e+01 3.037255e-01 2.603361e-02
1.186111e+01 3.077345e-01 2.594483e-02
1.205556e+01 3.110740e-01 2.580337e-02
1.225000e+01 3.137691e-01 2.561380e-02
1.244444e+01 3.158456e-01 2.538045e-02
1.263889e+01 3.173299e-01 2.510742e-02
1.283333e+01 3.182490e-01 2.479862e-02
1.302778e+01 3.186299e-01 2.445773e-02
1.322222e+01 3.185001e-01 2.408824e-02
1.341667e+01 3.178867e-01 2.369342e-02
1.361111e+01 3.168171e-01 2.327636e-02
1.380556e+01 3.153181e-01 2.283995e-02
1.400000e+01 3.134166e-01 2.238690e-02
1.419444e+01 3.111388e-01 2.191976e-02
1.438889e+01 3.085103e-01 2.144087e-02
1.458333e+01 3.055566e-01 2.095245e-02
1.477778e+01 3.023020e-01 2.045653e-02
1.497222e+01 2.987705e-01 1.995499e-02
1.516667e+01 2.949853e-01 1.944958e-02
1.536111e+01 2.909685e-01 1.894189e-02
1.555556e+01 2.867418e-01 1.843340e-02
1.575000e+01 2.823258e-01 1.792545e-02
1.594444e+01 2.777404e-01 1.741926e-02
1.613889e+01 2.730045e-01 1.691594e-02
1.633333e+01 2.681362e-01 1.641650e-02
1.652778e+01 2.631527e-01 1.592185e-02
1.672222e+01 2.580706e-01 1.543279e-02
1.691667e+01 2.529054e-01 1.495007e-02
1.711111e+01 2.476720e-01 1.447434e-02
1.730556e+01 2.423847e-01 1.400618e-02
1.750000e+01 2.370569e-01 1.354611e-02
1.769444e+01 2.317003e-01 1.309452e-02
1.788889e+01 2.263268e-01 1.265181e-02
1.808333e+01 2.209473e-01 1.221829e-02
1.827778e+01 2.155721e-01 1.179422e-02
1.847222e+01 2.102105e-01 1.137982e-02
1.866667e+01 2.048715e-01 1.097526e-02
1.886111e+01 1.995632e-01 1.058067e-02
1.905556e+01 1.942931e-01 1.019614e-02
1.925000e+01 1.890682e-01 9.821726e-03
1.944444e+01 1.838948e-01 9.457449e-03
1.963889e+01 1.787788e-01 9.103305e-03
1.983333e+01 1.737254e-01 8.759262e-03
2.002778e+01 1.687393e-01 8.425266e-03
2.022222e+01 1.638251e-01 8.101239e-03
2.041667e+01 1.589864e-01 7.787088e-03
2.061111e+01 1.542267e-01 7.482697e-03
2.080556e+01 1.495491e-01 7.187940e-03
2.100000e+01 1.449562e-01 6.902674e-03
2.119444e+01 1.404502e-01 6.626747e-03
2.138889e+01 1.360332e-01 6.359992e-03
2.158333e+01 1.317067e-01 6.102239e-03
2.177778e+01 1.274720e-01 5.853305e-03
2.197222e+01 1.233302e-01 5.613004e-03
2.216667e+01 1.192820e-01 5.381143e-03
2.236111e+01 1.153280e-01 5.157525e-03
2.255556e+01 1.114684e-01 4.941951e-03
2.275000e+01 1.077035e-01 4.734218e-03
2.294444e+01 1.040329e-01 4.534123e-03
2.313889e+01 1.004566e-01 4.341460e-03
2.333333e+01 9.697395e-02 4.156026e-03
2.352778e+01 9.358440e-02 3.977613e-03
2.372222e+01 9.028723e-02 3.806019e-03
2.391667e+01 8.708154e-02 3.641040e-03
2.411111e+01 8.396634e-02 3.482475e-03
2.430556e+01 8.094054e-02 3.330125e-03
2.450000e+01 7.800294e-02 3.183793e-03
2.469444e+01 7.515226e-02 3.043286e-03
2.488889e+01 7.238717e-02 2.908413e-03
2.508333e+01 6.970623e-02 2.778986e-03
2.527778e+01 6.710800e-02 2.654822e-03
2.547222e+01 6.459092e-02 2.535740e-03
2.566667e+01 6.215345e-02 2.421563e-03
2.586111e+01 5.979396e-02 2.312119e-03
2.605556e+01 5.751083e-02 2.207239e-03
2.625000e+01 5.530240e-02 2.106758e-03
2.644444e+01 5.316698e-02 2.010516e-03
2.663889e+01 5.110289e-02 1.918357e-03
2.683333e+01 4.910841e-02 1.830127e-03
2.702778e+01 4.718184e-02 1.745680e-03
2.722222e+01 4.532147e-02 1.664870e-03
2.741667e+01 4.352560e-02 1.587560e-03
2.761111e+01 4.179254e-02 1.513613e-03
2.780556e+01 4.012059e-02 1.442898e-03
2.800000e+01 3.850808e-02 1.375289e-03
2.819444e+01 3.695335e-02 1.310661e-03
2.838889e+01 3.545475e-02 1.248895e-03
2.858333e+01 3.401067e-02 1.189878e-03
2.877778e+01 3.261949e-02 1.133496e-03
2.897222e+01 3.127963e-02 1.079642e-03
2.916667e+01 2.998953e-02 1.028213e-03
2.936111e+01 2.874767e-02 9.791070e-04
2.955556e+01 2.755255e-02 9.322290e-04
2.975000e+01 2.640268e-02 8.874850e-04
2.994444e+01 2.529662e-02 8.447852e-04
3.013889e+01 2.423296e-02 8.040428e-04
3.033333e+01 2.321029e-02 7.651745e-04
3.052778e+01 2.222728e-02 7.281001e-04
3.072222e+01 2.128258e-02 6.927423e-04
3.091667e+01 2.037492e-02 6.590270e-04
3.111111e+01 1.950301e-02 6.268825e-04
3.130556e+01 1.866564e-02 5.962405e-04
3.150000e+01 1.786160e-02 5.670348e-04
3.169444e+01 1.708972e-02 5.392023e-04
3.188889e+01 1.634886e-02 5.126820e-04
3.208333e+01 1.563792e-02 4.874157e-04
3.227778e+01 1.495582e-02 4.633472e-04
3.247222e+01 1.430151e-02 4.404229e-04
3.266667e+01 1.367398e-02 4.185913e-04
3.286111e+01 1.307225e-02 3.978029e-04
3.305556e+01 1.249535e-02 3.780105e-04
3.325000e+01 1.194236e-02 3.591687e-04
3.344444e+01 1.141238e-02 3.412340e-04
3.363889e+01 1.090455e-02 3.241649e-04
3.383333e+01 1.041801e-02 3.079215e-04
3.402778e+01 9.951960e-03 2.924658e-04
3.422222e+01 9.505605e-03 2.777612e-04
3.441667e+01 9.078183e-03 2.637729e-04
3.461111e+01 8.668953e-03 2.504674e-04
3.480556e+01 8.277204e-03 2.378127e-04
3.500000e+01 7.902242e-03 2.257783e-04
3.538889e+01 7.200065e-03 2.034555e-04
3.577778e+01 6.557360e-03 1.832803e-04
3.616667e+01 5.969431e-03 1.650534e-04
3.655556e+01 5.431914e-03 1.485934e-04
3.694444e+01 4.940756e-03 1.337347e-04
3.733333e+01 4.492196e-03 1.203267e-04
3.772222e+01 4.082753e-03 1.082320e-04
3.811111e+01 3.709200e-03 9.732595e-05
3.850000e+01 3.368558e-03 8.749502e-05
3.888889e+01 3.058074e-03 7.863618e-05
3.927778e+01 2.775207e-03 7.065589e-05
3.966667e+01 2.517615e-03 6.346930e-05
4.005556e+01 2.283144e-03 5.699944e-05
4.044444e+01 2.069809e-03 5.117660e-05
4.083333e+01 1.875786e-03 4.593762e-05
4.122222e+01 1.699400e-03 4.122533e-05
4.161111e+01 1.539111e-03 3.698799e-05
4.200000e+01 1.393510e-03 3.317880e-05
4.238889e+01 1.261300e-03 2.975544e-05
4.277778e+01 1.141296e-03 2.667965e-05
4.316667e+01 1.032411e-03 2.391686e-05
4.355556e+01 9.336492e-04 2.143582e-05
4.394444e+01 8.440995e-04 1.920833e-05
4.433333e+01 7.629288e-04 1.720892e-05
4.472222e+01 6.893757e-04 1.541461e-05
4.511111e+01 6.227451e-04 1.380470e-05
4.550000e+01 5.624040e-04 1.236053e-05
4.588889e+01 5.077768e-04 1.106535e-05
4.627778e+01 4.583426e-04 9.904161e-06
4.666667e+01 4.136316e-04 8.863534e-06
4.744444e+01 3.368164e-04 7.099175e-06
4.822222e+01 2.737802e-04 5.677470e-06
4.900000e+01 2.222375e-04 4.535459e-06
4.977778e+01 1.802251e-04 3.620594e-06
5.055556e+01 1.460688e-04 2.889272e-06
5.133333e+01 1.183514e-04 2.305547e-06
5.211111e+01 9.588376e-05 1.839987e-06
5.288889e+01 7.767639e-05 1.468671e-06
5.366667e+01 6.291376e-05 1.172306e-06
5.444444e+01 5.093017e-05 9.354522e-07
5.522222e+01 4.118748e-05 7.458497e-07
5.600000e+01 3.325471e-05 5.938341e-07
5.677778e+01 2.678957e-05 4.718319e-07
5.755556e+01 2.152172e-05 3.739295e-07
5.833333e+01 1.723799e-05 2.955083e-07
5.911111e+01 1.376939e-05 2.329408e-07
5.988889e+01 1.098003e-05 1.833400e-07
6.066667e+01 8.757849e-06 1.443601e-07
6.144444e+01 7.007221e-06 1.140416e-07
6.222222e+01 5.643420e-06 9.069783e-08
6.300000e+01 4.588937e-06 7.284027e-08
6.377778e+01 3.771646e-06 5.913731e-08
6.455556e+01 3.124837e-06 4.840540e-08
6.533333e+01 2.589099e-06 3.962907e-08
6.611111e+01 2.116058e-06 3.200760e-08
6.688889e+01 1.673972e-06 2.502616e-08
6.766667e+01 1.255185e-06 1.854954e-08
6.844444e+01 8.854354e-07 1.293656e-08
6.922222e+01 6.350138e-07 9.173555e-09
7.000000e+01 6.317879e-07 9.025541e-09
7.077778e+01 5.052594e-07 7.138673e-09
7.155556e+01 4.032949e-07 5.636110e-09
7.233333e+01 3.215050e-07 4.444770e-09
7.311111e+01 2.561591e-07 3.503697e-09
7.388889e+01 2.041140e-07 2.762444e-09
7.466667e+01 1.627459e-07 2.179632e-09
7.544444e+01 1.298877e-07 1.721634e-09
7.622222e+01 1.037695e-07 1.361407e-09
7.700000e+01 8.296323e-08 1.077445e-09
7.777778e+01 6.633213e-08 8.528417e-10
7.855556e+01 5.298357e-08 6.744726e-10
7.933333e+01 4.222644e-08 5.322661e-10
8.011111e+01 3.353252e-08 4.185751e-10
8.088889e+01 2.650198e-08 3.276344e-10
8.166667e+01 2.083304e-08 2.550984e-10
8.244444e+01 1.629569e-08 1.976566e-10
8.322222e+01 1.270961e-08 1.527189e-10
8.400000e+01 9.926134e-09 1.181683e-10
8.477778e+01 7.814400e-09 9.217510e-11
8.555556e+01 6.251591e-09 7.307054e-11
8.633333e+01 5.117304e-09 5.927379e-11
8.711111e+01 4.292046e-09 4.927094e-11
8.788889e+01 3.659850e-09 4.164178e-11
8.866667e+01 3.115012e-09 3.513172e-11
8.944444e+01 2.572958e-09 2.876599e-11
9.022222e+01 1.985225e-09 2.200372e-11
9.100000e+01 1.358569e-09 1.492933e-11
9.177778e+01 7.781968e-10 8.479142e-12
9.255556e+01 4.351205e-10 4.701182e-12
9.333333e+01 6.576312e-10 7.046049e-12
9.488889e+01 4.236646e-10 4.464849e-12
9.644444e+01 2.636153e-10 2.733338e-12
9.800000e+01 1.582708e-10 1.615008e-12
9.955556e+01 9.219625e-11 9.260784e-13
1.011111e+02 5.323837e-11 5.265333e-13
1.026667e+02 3.206185e-11 3.122907e-13
1.042222e+02 2.171874e-11 2.083888e-13
1.057778e+02 1.725028e-11 1.630804e-13
1.073333e+02 1.532138e-11 1.427458e-13
1.088889e+02 1.388771e-11 1.275401e-13
1.104444e+02 1.189547e-11 1.077055e-13
1.120000e+02 9.013803e-12 8.048039e-14
1.135556e+02 5.399742e-12 4.755154e-14
1.151111e+02 1.495897e-12 1.299525e-14
1.166667e+02 -2.139282e-12 -1.833671e-14
1.182222e+02 -4.968604e-12 -4.202767e-14
1.197778e+02 -6.580596e-12 -5.494004e-14
1.213333e+02 -6.761335e-12 -5.572529e-14
1.228889e+02 -5.533654e-12 -4.502973e-14
1.244444e+02 -3.163705e-12 -2.542263e-14
1.260000e+02 -1.349051e-13 -1.070675e-15
1.275556e+02 2.910763e-12 2.281957e-14
1.291111e+02 5.264072e-12 4.077164e-14
1.306667e+02 6.272503e-12 4.800385e-14
1.322222e+02 5.496835e-12 4.157270e-14
1.337778e+02 2.900363e-12 2.168045e-14
1.353333e+02 -9.292586e-13 -6.866442e-15
1.368889e+02 -4.525528e-12 -3.305986e-14
1.384444e+02 -5.255991e-12 -3.796462e-14
1.400000e+02 9.975050e-13 7.125035e-15
1.404667e+02 8.626118e-13 6.141043e-15
1.409333e+02 7.457945e-13 5.291825e-15
1.414000e+02 6.447113e-13 4.559486e-15
1.418667e+02 5.572930e-13 3.928287e-15
1.423333e+02 4.817189e-13 3.384442e-15
1.428000e+02 4.163926e-13 2.915915e-15
1.432667e+02 3.599202e-13 2.512240e-15
1.437333e+02 3.110891e-13 2.164349e-15
1.442000e+02 2.688483e-13 1.864413e-15
1.446667e+02 2.322903e-13 1.605693e-15
1.451333e+02 2.006330e-13 1.382405e-15
1.456000e+02 1.732046e-13 1.189592e-15
1.460667e+02 1.494286e-13 1.023016e-15
1.465333e+02 1.288099e-13 8.790482e-16
1.470000e+02 1.109230e-13 7.545783e-16
1.474667e+02 9.540111e-14 6.469334e-16
1.479333e+02 8.192597e-14 5.538033e-16
1.484000e+02 7.021975e-14 4.731789e-16
1.488667e+02 6.003762e-14 4.032979e-16
1.493333e+02 5.116186e-14 3.426017e-16
1.498000e+02 4.339709e-14 2.897002e-16
1.502667e+02 3.656681e-14 2.433461e-16
1.507333e+02 3.051114e-14 2.024180e-16
1.512000e+02 2.508587e-14 1.659119e-16
1.516667e+02 2.016272e-14 1.329410e-16
1.521333e+02 1.563083e-14 1.027443e-16
1.526000e+02 1.139959e-14 7.470241e-17
1.530667e+02 7.402613e-15 4.836202e-17
1.535333e+02 3.603031e-15 2.346742e-17
1.540000e+02 0.000000e+00
