# 
# Output from EIGENRAD program.
# 
# Eigenfunction for specific electronic state.
# The first column contains radius $r$ in bohr units.
# The second column holds value of eginefunction.
# 
# Use this file with gnuplot to create the plot.
#
0.000000e+00 0.000000e+00 -2.500000e-01
1.736111e-02 -4.265374e-03 -2.456855e-01
3.472222e-02 -8.382722e-03 -2.414224e-01
5.208333e-02 -1.235469e-02 -2.372101e-01
6.944444e-02 -1.618390e-02 -2.330481e-01
8.680556e-02 -1.987292e-02 -2.289361e-01
1.041667e-01 -2.342431e-02 -2.248734e-01
1.215278e-01 -2.684058e-02 -2.208596e-01
1.388889e-01 -3.012421e-02 -2.168943e-01
1.562500e-01 -3.327767e-02 -2.129771e-01
1.736111e-01 -3.630336e-02 -2.091073e-01
1.909722e-01 -3.920367e-02 -2.052847e-01
2.083333e-01 -4.198098e-02 -2.015087e-01
2.256944e-01 -4.463760e-02 -1.977789e-01
2.430556e-01 -4.717583e-02 -1.940949e-01
2.604167e-01 -4.959795e-02 -1.904561e-01
2.777778e-01 -5.190619e-02 -1.868623e-01
2.951389e-01 -5.410276e-02 -1.833129e-01
3.125000e-01 -5.618985e-02 -1.798075e-01
3.298611e-01 -5.816960e-02 -1.763457e-01
3.472222e-01 -6.004413e-02 -1.729271e-01
3.645833e-01 -6.181556e-02 -1.695512e-01
3.819444e-01 -6.348594e-02 -1.662177e-01
3.993056e-01 -6.505731e-02 -1.629261e-01
4.166667e-01 -6.653169e-02 -1.596761e-01
4.340278e-01 -6.791107e-02 -1.564671e-01
4.513889e-01 -6.919740e-02 -1.532989e-01
4.687500e-01 -7.039263e-02 -1.501709e-01
4.861111e-01 -7.149865e-02 -1.470829e-01
5.034722e-01 -7.251735e-02 -1.440345e-01
5.208333e-01 -7.345059e-02 -1.410251e-01
5.381944e-01 -7.430020e-02 -1.380546e-01
5.555556e-01 -7.506799e-02 -1.351224e-01
5.729167e-01 -7.575573e-02 -1.322282e-01
5.902778e-01 -7.636519e-02 -1.293716e-01
6.076389e-01 -7.689810e-02 -1.265523e-01
6.250000e-01 -7.735617e-02 -1.237699e-01
6.423611e-01 -7.774108e-02 -1.210240e-01
6.597222e-01 -7.805450e-02 -1.183142e-01
6.770833e-01 -7.829807e-02 -1.156402e-01
6.944444e-01 -7.847340e-02 -1.130017e-01
7.118056e-01 -7.858209e-02 -1.103982e-01
7.291667e-01 -7.862570e-02 -1.078295e-01
7.465278e-01 -7.860580e-02 -1.052952e-01
7.638889e-01 -7.852390e-02 -1.027949e-01
7.812500e-01 -7.838151e-02 -1.003283e-01
7.986111e-01 -7.818011e-02 -9.789510e-02
8.159722e-01 -7.792118e-02 -9.549489e-02
8.333333e-01 -7.760614e-02 -9.312737e-02
8.506944e-01 -7.723643e-02 -9.079221e-02
8.680556e-01 -7.681343e-02 -8.848908e-02
8.854167e-01 -7.633854e-02 -8.621765e-02
9.027778e-01 -7.581312e-02 -8.397761e-02
9.201389e-01 -7.523849e-02 -8.176863e-02
9.375000e-01 -7.461600e-02 -7.959040e-02
9.548611e-01 -7.394692e-02 -7.744259e-02
9.722222e-01 -7.323256e-02 -7.532492e-02
9.895833e-01 -7.247416e-02 -7.323705e-02
1.006944e+00 -7.167298e-02 -7.117869e-02
1.024306e+00 -7.083024e-02 -6.914953e-02
1.041667e+00 -6.994715e-02 -6.714927e-02
1.076389e+00 -6.806466e-02 -6.323426e-02
1.111111e+00 -6.603479e-02 -5.943131e-02
1.145833e+00 -6.386658e-02 -5.573810e-02
1.180556e+00 -6.156875e-02 -5.215235e-02
1.215278e+00 -5.914979e-02 -4.867182e-02
1.250000e+00 -5.661790e-02 -4.529432e-02
1.284722e+00 -5.398104e-02 -4.201767e-02
1.319444e+00 -5.124691e-02 -3.883977e-02
1.354167e+00 -4.842297e-02 -3.575850e-02
1.388889e+00 -4.551644e-02 -3.277184e-02
1.423611e+00 -4.253430e-02 -2.987775e-02
1.458333e+00 -3.948330e-02 -2.707426e-02
1.493056e+00 -3.636997e-02 -2.435942e-02
1.527778e+00 -3.320063e-02 -2.173132e-02
1.562500e+00 -2.998137e-02 -1.918808e-02
1.597222e+00 -2.671809e-02 -1.672785e-02
1.631944e+00 -2.341647e-02 -1.434882e-02
1.666667e+00 -2.008200e-02 -1.204920e-02
1.701389e+00 -1.671997e-02 -9.827249e-03
1.736111e+00 -1.333549e-02 -7.681244e-03
1.770833e+00 -9.933482e-03 -5.609496e-03
1.805556e+00 -6.518679e-03 -3.610345e-03
1.840278e+00 -3.095647e-03 -1.682163e-03
1.875000e+00 3.312217e-04 1.766516e-04
1.909722e+00 3.757703e-03 1.967670e-03
1.944444e+00 7.179735e-03 3.692435e-03
1.979167e+00 1.059342e-02 5.352464e-03
2.013889e+00 1.399501e-02 6.949244e-03
2.048611e+00 1.738090e-02 8.484238e-03
2.083333e+00 2.074767e-02 9.958880e-03
2.118056e+00 2.409199e-02 1.137458e-02
2.152778e+00 2.741071e-02 1.273272e-02
2.187500e+00 3.070081e-02 1.403466e-02
2.222222e+00 3.395939e-02 1.528173e-02
2.256944e+00 3.718369e-02 1.647524e-02
2.291667e+00 4.037108e-02 1.761647e-02
2.326389e+00 4.351905e-02 1.870669e-02
2.361111e+00 4.662519e-02 1.974714e-02
2.395833e+00 4.968724e-02 2.073902e-02
2.430556e+00 5.270304e-02 2.168354e-02
2.465278e+00 5.567053e-02 2.258185e-02
2.500000e+00 5.858778e-02 2.343511e-02
2.534722e+00 6.145294e-02 2.424445e-02
2.569444e+00 6.426428e-02 2.501096e-02
2.604167e+00 6.702016e-02 2.573574e-02
2.638889e+00 6.971905e-02 2.641985e-02
2.673611e+00 7.235949e-02 2.706433e-02
2.708333e+00 7.494013e-02 2.767020e-02
2.743056e+00 7.745970e-02 2.823847e-02
2.777778e+00 7.991703e-02 2.877013e-02
2.812500e+00 8.231101e-02 2.926614e-02
2.847222e+00 8.464064e-02 2.972744e-02
2.881944e+00 8.690497e-02 3.015498e-02
2.916667e+00 8.910314e-02 3.054965e-02
2.951389e+00 9.123437e-02 3.091235e-02
2.986111e+00 9.329794e-02 3.124396e-02
3.020833e+00 9.529321e-02 3.154534e-02
3.055556e+00 9.721960e-02 3.181732e-02
3.090278e+00 9.907660e-02 3.206074e-02
3.125000e+00 1.008638e-01 3.227640e-02
3.159722e+00 1.025807e-01 3.246510e-02
3.194444e+00 1.042271e-01 3.262762e-02
3.229167e+00 1.058027e-01 3.276470e-02
3.263889e+00 1.073072e-01 3.287711e-02
3.298611e+00 1.087406e-01 3.296557e-02
3.333333e+00 1.101027e-01 3.303081e-02
3.368056e+00 1.113934e-01 3.307351e-02
3.402778e+00 1.126128e-01 3.309437e-02
3.437500e+00 1.137609e-01 3.309407e-02
3.472222e+00 1.148377e-01 3.307326e-02
3.506944e+00 1.158435e-01 3.303259e-02
3.541667e+00 1.167783e-01 3.297270e-02
3.576389e+00 1.176424e-01 3.289420e-02
3.611111e+00 1.184361e-01 3.279770e-02
3.645833e+00 1.191597e-01 3.268379e-02
3.680556e+00 1.198134e-01 3.255307e-02
3.715278e+00 1.203976e-01 3.240608e-02
3.750000e+00 1.209128e-01 3.224341e-02
3.784722e+00 1.213593e-01 3.206558e-02
3.819444e+00 1.217377e-01 3.187314e-02
3.854167e+00 1.220484e-01 3.166661e-02
3.888889e+00 1.222919e-01 3.144649e-02
3.923611e+00 1.224688e-01 3.121330e-02
3.958333e+00 1.225797e-01 3.096751e-02
3.993056e+00 1.226252e-01 3.070961e-02
4.027778e+00 1.226058e-01 3.044007e-02
4.062500e+00 1.225223e-01 3.015934e-02
4.097222e+00 1.223753e-01 2.986788e-02
4.131944e+00 1.221655e-01 2.956611e-02
4.166667e+00 1.218937e-01 2.925448e-02
4.236111e+00 1.211666e-01 2.860327e-02
4.305556e+00 1.202002e-01 2.791747e-02
4.375000e+00 1.190008e-01 2.720018e-02
4.444444e+00 1.175749e-01 2.645435e-02
4.513889e+00 1.159293e-01 2.568280e-02
4.583333e+00 1.140710e-01 2.488821e-02
4.652778e+00 1.120070e-01 2.407314e-02
4.722222e+00 1.097446e-01 2.324003e-02
4.791667e+00 1.072911e-01 2.239119e-02
4.861111e+00 1.046540e-01 2.152883e-02
4.930556e+00 1.018408e-01 2.065504e-02
5.000000e+00 9.885910e-02 1.977182e-02
5.069444e+00 9.571648e-02 1.888106e-02
5.138889e+00 9.242059e-02 1.798455e-02
5.208333e+00 8.897910e-02 1.708399e-02
5.277778e+00 8.539965e-02 1.618099e-02
5.347222e+00 8.168987e-02 1.527707e-02
5.416667e+00 7.785736e-02 1.437367e-02
5.486111e+00 7.390969e-02 1.347215e-02
5.555556e+00 6.985435e-02 1.257378e-02
5.625000e+00 6.569880e-02 1.167979e-02
5.694444e+00 6.145038e-02 1.079129e-02
5.763889e+00 5.711641e-02 9.909352e-03
5.833333e+00 5.270405e-02 9.034981e-03
5.902778e+00 4.822043e-02 8.169108e-03
5.972222e+00 4.367253e-02 7.312610e-03
6.041667e+00 3.906725e-02 6.466303e-03
6.111111e+00 3.441136e-02 5.630949e-03
6.180556e+00 2.971153e-02 4.807258e-03
6.250000e+00 2.497430e-02 3.995888e-03
6.319444e+00 2.020603e-02 3.197438e-03
6.388889e+00 1.541300e-02 2.412470e-03
6.458333e+00 1.060133e-02 1.641497e-03
6.527778e+00 5.777014e-03 8.849894e-04
6.597222e+00 9.458927e-04 1.433774e-04
6.666667e+00 -3.886336e-03 -5.829504e-04
6.736111e+00 -8.714124e-03 -1.293643e-03
6.805556e+00 -1.353207e-02 -1.988386e-03
6.875000e+00 -1.833494e-02 -2.666900e-03
6.944444e+00 -2.311762e-02 -3.328937e-03
7.013889e+00 -2.787517e-02 -3.974282e-03
7.083333e+00 -3.260281e-02 -4.602750e-03
7.152778e+00 -3.729590e-02 -5.214183e-03
7.222222e+00 -4.194995e-02 -5.808454e-03
7.291667e+00 -4.656063e-02 -6.385458e-03
7.361111e+00 -5.112377e-02 -6.945116e-03
7.430556e+00 -5.563535e-02 -7.487374e-03
7.500000e+00 -6.009149e-02 -8.012199e-03
7.569444e+00 -6.448848e-02 -8.519579e-03
7.638889e+00 -6.882274e-02 -9.009523e-03
7.708333e+00 -7.309086e-02 -9.482058e-03
7.777778e+00 -7.728957e-02 -9.937231e-03
7.847222e+00 -8.141574e-02 -1.037510e-02
7.916667e+00 -8.546639e-02 -1.079576e-02
7.986111e+00 -8.943870e-02 -1.119928e-02
8.055556e+00 -9.332995e-02 -1.158579e-02
8.125000e+00 -9.713761e-02 -1.195540e-02
8.194444e+00 -1.008592e-01 -1.230825e-02
8.263889e+00 -1.044926e-01 -1.264448e-02
8.333333e+00 -1.080354e-01 -1.296425e-02
8.402778e+00 -1.114858e-01 -1.326774e-02
8.472222e+00 -1.148419e-01 -1.355511e-02
8.541667e+00 -1.181018e-01 -1.382656e-02
8.611111e+00 -1.212640e-01 -1.408227e-02
8.680556e+00 -1.243269e-01 -1.432246e-02
8.750000e+00 -1.272892e-01 -1.454734e-02
8.819444e+00 -1.301495e-01 -1.475711e-02
8.888889e+00 -1.329068e-01 -1.495201e-02
8.958333e+00 -1.355599e-01 -1.513226e-02
9.027778e+00 -1.381079e-01 -1.529810e-02
9.097222e+00 -1.405500e-01 -1.544977e-02
9.166667e+00 -1.428854e-01 -1.558750e-02
9.236111e+00 -1.451136e-01 -1.571155e-02
9.305556e+00 -1.472340e-01 -1.582216e-02
9.375000e+00 -1.492461e-01 -1.591959e-02
9.444444e+00 -1.511498e-01 -1.600409e-02
9.513889e+00 -1.529446e-01 -1.607593e-02
9.583333e+00 -1.546305e-01 -1.613535e-02
9.652778e+00 -1.562073e-01 -1.618263e-02
9.722222e+00 -1.576752e-01 -1.621802e-02
9.791667e+00 -1.590341e-01 -1.624179e-02
9.861111e+00 -1.602844e-01 -1.625419e-02
9.930556e+00 -1.614262e-01 -1.625551e-02
1.000000e+01 -1.624599e-01 -1.624599e-02
1.006944e+01 -1.633859e-01 -1.622591e-02
1.013889e+01 -1.642046e-01 -1.619552e-02
1.020833e+01 -1.649166e-01 -1.615509e-02
1.027778e+01 -1.655225e-01 -1.610489e-02
1.034722e+01 -1.660229e-01 -1.604517e-02
1.041667e+01 -1.664187e-01 -1.597619e-02
1.048611e+01 -1.667105e-01 -1.589822e-02
1.055556e+01 -1.668992e-01 -1.581151e-02
1.062500e+01 -1.669858e-01 -1.571631e-02
1.069444e+01 -1.669711e-01 -1.561288e-02
1.076389e+01 -1.668561e-01 -1.550147e-02
1.083333e+01 -1.666419e-01 -1.538233e-02
1.090278e+01 -1.663296e-01 -1.525571e-02
1.097222e+01 -1.659203e-01 -1.512185e-02
1.104167e+01 -1.654151e-01 -1.498099e-02
1.111111e+01 -1.648153e-01 -1.483338e-02
1.118056e+01 -1.641221e-01 -1.467925e-02
1.125000e+01 -1.633369e-01 -1.451883e-02
1.131944e+01 -1.624608e-01 -1.435236e-02
1.138889e+01 -1.614952e-01 -1.418007e-02
1.145833e+01 -1.604416e-01 -1.400217e-02
1.152778e+01 -1.593012e-01 -1.381890e-02
1.159722e+01 -1.580756e-01 -1.363047e-02
1.166667e+01 -1.567662e-01 -1.343710e-02
1.173611e+01 -1.553744e-01 -1.323901e-02
1.180556e+01 -1.539018e-01 -1.303639e-02
1.187500e+01 -1.523498e-01 -1.282946e-02
1.194444e+01 -1.507200e-01 -1.261842e-02
1.201389e+01 -1.490140e-01 -1.240347e-02
1.208333e+01 -1.472332e-01 -1.218481e-02
1.215278e+01 -1.453792e-01 -1.196263e-02
1.222222e+01 -1.434537e-01 -1.173712e-02
1.229167e+01 -1.414583e-01 -1.150847e-02
1.236111e+01 -1.393945e-01 -1.127685e-02
1.243056e+01 -1.372639e-01 -1.104246e-02
1.250000e+01 -1.350682e-01 -1.080545e-02
1.263889e+01 -1.304879e-01 -1.032432e-02
1.277778e+01 -1.256666e-01 -9.834775e-03
1.291667e+01 -1.206173e-01 -9.338115e-03
1.305556e+01 -1.153532e-01 -8.835566e-03
1.319444e+01 -1.098873e-01 -8.328303e-03
1.333333e+01 -1.042326e-01 -7.817446e-03
1.347222e+01 -9.840198e-02 -7.304064e-03
1.361111e+01 -9.240817e-02 -6.789172e-03
1.375000e+01 -8.626384e-02 -6.273734e-03
1.388889e+01 -7.998144e-02 -5.758664e-03
1.402778e+01 -7.357328e-02 -5.244828e-03
1.416667e+01 -6.705145e-02 -4.733044e-03
1.430556e+01 -6.042783e-02 -4.224081e-03
1.444444e+01 -5.371406e-02 -3.718666e-03
1.458333e+01 -4.692157e-02 -3.217479e-03
1.472222e+01 -4.006149e-02 -2.721158e-03
1.486111e+01 -3.314470e-02 -2.230298e-03
1.500000e+01 -2.618182e-02 -1.745455e-03
1.513889e+01 -1.918314e-02 -1.267143e-03
1.527778e+01 -1.215869e-02 -7.958418e-04
1.541667e+01 -5.118182e-03 -3.319902e-04
1.555556e+01 1.928989e-03 1.240064e-04
1.569444e+01 8.973728e-03 5.717773e-04
1.583333e+01 1.600726e-02 1.010985e-03
1.597222e+01 2.302112e-02 1.441322e-03
1.611111e+01 3.000717e-02 1.862514e-03
1.625000e+01 3.695758e-02 2.274313e-03
1.638889e+01 4.386484e-02 2.676499e-03
1.652778e+01 5.072174e-02 3.068878e-03
1.666667e+01 5.752137e-02 3.451282e-03
1.694444e+01 7.092263e-02 4.185598e-03
1.722222e+01 8.402119e-02 4.878650e-03
1.750000e+01 9.677264e-02 5.529865e-03
1.777778e+01 1.091377e-01 6.138993e-03
1.805556e+01 1.210817e-01 6.706065e-03
1.833333e+01 1.325750e-01 7.231363e-03
1.861111e+01 1.435918e-01 7.715381e-03
1.888889e+01 1.541107e-01 8.158803e-03
1.916667e+01 1.641141e-01 8.562476e-03
1.944444e+01 1.735880e-01 8.927381e-03
1.972222e+01 1.825217e-01 9.254621e-03
2.000000e+01 1.909078e-01 9.545391e-03
2.027778e+01 1.987419e-01 9.800972e-03
2.055556e+01 2.060223e-01 1.002271e-02
2.083333e+01 2.127497e-01 1.021198e-02
2.111111e+01 2.189273e-01 1.037024e-02
2.138889e+01 2.245604e-01 1.049893e-02
2.166667e+01 2.296563e-01 1.059952e-02
2.194444e+01 2.342240e-01 1.067350e-02
2.222222e+01 2.382742e-01 1.072234e-02
2.250000e+01 2.418187e-01 1.074750e-02
2.277778e+01 2.448709e-01 1.075043e-02
2.305556e+01 2.474451e-01 1.073256e-02
2.333333e+01 2.495564e-01 1.069528e-02
2.361111e+01 2.512210e-01 1.063995e-02
2.388889e+01 2.524553e-01 1.056790e-02
2.416667e+01 2.532765e-01 1.048041e-02
2.444444e+01 2.537018e-01 1.037871e-02
2.472222e+01 2.537487e-01 1.026399e-02
2.500000e+01 2.534349e-01 1.013740e-02
2.527778e+01 2.527794e-01 1.000007e-02
2.555556e+01 2.517995e-01 9.853026e-03
2.583333e+01 2.505134e-01 9.697292e-03
2.611111e+01 2.489388e-01 9.533827e-03
2.638889e+01 2.470936e-01 9.363545e-03
2.666667e+01 2.449949e-01 9.187311e-03
2.694444e+01 2.426601e-01 9.005940e-03
2.722222e+01 2.401056e-01 8.820205e-03
2.750000e+01 2.373478e-01 8.630831e-03
2.777778e+01 2.344027e-01 8.438499e-03
2.805556e+01 2.312857e-01 8.243849e-03
2.833333e+01 2.280119e-01 8.047477e-03
2.861111e+01 2.245956e-01 7.849943e-03
2.888889e+01 2.210510e-01 7.651764e-03
2.916667e+01 2.173915e-01 7.453422e-03
2.944444e+01 2.136301e-01 7.255361e-03
2.972222e+01 2.097793e-01 7.057994e-03
3.000000e+01 2.058509e-01 6.861697e-03
3.027778e+01 2.018563e-01 6.666815e-03
3.055556e+01 1.978064e-01 6.473664e-03
3.083333e+01 1.937114e-01 6.282531e-03
3.111111e+01 1.895809e-01 6.093673e-03
3.138889e+01 1.854244e-01 5.907325e-03
3.166667e+01 1.812503e-01 5.723694e-03
3.194444e+01 1.770670e-01 5.542966e-03
3.222222e+01 1.728820e-01 5.365305e-03
3.250000e+01 1.687028e-01 5.190855e-03
3.277778e+01 1.645360e-01 5.019742e-03
3.305556e+01 1.603880e-01 4.852074e-03
3.333333e+01 1.562649e-01 4.687947e-03
3.361111e+01 1.521718e-01 4.527424e-03
3.388889e+01 1.481138e-01 4.370570e-03
3.416667e+01 1.440956e-01 4.217431e-03
3.444444e+01 1.401214e-01 4.068040e-03
3.472222e+01 1.361951e-01 3.922420e-03
3.500000e+01 1.323204e-01 3.780582e-03
3.527778e+01 1.285003e-01 3.642527e-03
3.555556e+01 1.247377e-01 3.508248e-03
3.583333e+01 1.210353e-01 3.377729e-03
3.611111e+01 1.173953e-01 3.250946e-03
3.638889e+01 1.138197e-01 3.127870e-03
3.666667e+01 1.103103e-01 3.008463e-03
3.694444e+01 1.068686e-01 2.892684e-03
3.722222e+01 1.034958e-01 2.780485e-03
3.750000e+01 1.001931e-01 2.671816e-03
3.777778e+01 9.696120e-02 2.566620e-03
3.805556e+01 9.380080e-02 2.464839e-03
3.833333e+01 9.071237e-02 2.366410e-03
3.861111e+01 8.769621e-02 2.271269e-03
3.888889e+01 8.475245e-02 2.179349e-03
3.916667e+01 8.188109e-02 2.090581e-03
3.944444e+01 7.908196e-02 2.004895e-03
3.972222e+01 7.635481e-02 1.922219e-03
4.000000e+01 7.369923e-02 1.842481e-03
4.027778e+01 7.111472e-02 1.765607e-03
4.055556e+01 6.860068e-02 1.691524e-03
4.083333e+01 6.615643e-02 1.620157e-03
4.111111e+01 6.378119e-02 1.551434e-03
4.138889e+01 6.147411e-02 1.485280e-03
4.166667e+01 5.923428e-02 1.421623e-03
4.194444e+01 5.706072e-02 1.360388e-03
4.222222e+01 5.495239e-02 1.301504e-03
4.250000e+01 5.290823e-02 1.244900e-03
4.277778e+01 5.092710e-02 1.190504e-03
4.305556e+01 4.900784e-02 1.138247e-03
4.333333e+01 4.714927e-02 1.088060e-03
4.361111e+01 4.535015e-02 1.039876e-03
4.388889e+01 4.360927e-02 9.936289e-04
4.416667e+01 4.192535e-02 9.492532e-04
4.444444e+01 4.029713e-02 9.066854e-04
4.472222e+01 3.872332e-02 8.658631e-04
4.500000e+01 3.720264e-02 8.267254e-04
4.527778e+01 3.573379e-02 7.892126e-04
4.555556e+01 3.431548e-02 7.532666e-04
4.583333e+01 3.294641e-02 7.188307e-04
4.611111e+01 3.162529e-02 6.858497e-04
4.638889e+01 3.035085e-02 6.542698e-04
4.666667e+01 2.912181e-02 6.240387e-04
4.694444e+01 2.793690e-02 5.951056e-04
4.722222e+01 2.679489e-02 5.674211e-04
4.750000e+01 2.569453e-02 5.409374e-04
4.777778e+01 2.463460e-02 5.156079e-04
4.805556e+01 2.361391e-02 4.913877e-04
4.833333e+01 2.263126e-02 4.682331e-04
4.861111e+01 2.168551e-02 4.461019e-04
4.888889e+01 2.077549e-02 4.249532e-04
4.916667e+01 1.990009e-02 4.047476e-04
4.944444e+01 1.905820e-02 3.854467e-04
4.972222e+01 1.824873e-02 3.670136e-04
5.000000e+01 1.747063e-02 3.494125e-04
5.055556e+01 1.600435e-02 3.165697e-04
5.111111e+01 1.465152e-02 2.866602e-04
5.166667e+01 1.340442e-02 2.594404e-04
5.222222e+01 1.225576e-02 2.346848e-04
5.277778e+01 1.119865e-02 2.121849e-04
5.333333e+01 1.022658e-02 1.917485e-04
5.388889e+01 9.333440e-03 1.731979e-04
5.444444e+01 8.513449e-03 1.563695e-04
5.500000e+01 7.761191e-03 1.411126e-04
5.555556e+01 7.071580e-03 1.272884e-04
5.611111e+01 6.439851e-03 1.147696e-04
5.666667e+01 5.861545e-03 1.034390e-04
5.722222e+01 5.332496e-03 9.318926e-05
5.777778e+01 4.848820e-03 8.392189e-05
5.833333e+01 4.406900e-03 7.554685e-05
5.888889e+01 4.003371e-03 6.798178e-05
5.944444e+01 3.635114e-03 6.115144e-05
6.000000e+01 3.299234e-03 5.498723e-05
6.055556e+01 2.993055e-03 4.942659e-05
6.111111e+01 2.714103e-03 4.441259e-05
6.166667e+01 2.460095e-03 3.989343e-05
6.222222e+01 2.228926e-03 3.582202e-05
6.277778e+01 2.018657e-03 3.215560e-05
6.333333e+01 1.827503e-03 2.885531e-05
6.388889e+01 1.653818e-03 2.588585e-05
6.444444e+01 1.496088e-03 2.321516e-05
6.500000e+01 1.352914e-03 2.081407e-05
6.555556e+01 1.223003e-03 1.865598e-05
6.611111e+01 1.105155e-03 1.671663e-05
6.666667e+01 9.982509e-04 1.497376e-05
6.777778e+01 8.141047e-04 1.201138e-05
6.888889e+01 6.625758e-04 9.618036e-06
7.000000e+01 5.383433e-04 7.690618e-06
7.111111e+01 4.368233e-04 6.142827e-06
7.222222e+01 3.540943e-04 4.902844e-06
7.333333e+01 2.868259e-04 3.911262e-06
7.444444e+01 2.322118e-04 3.119263e-06
7.555556e+01 1.879069e-04 2.487004e-06
7.666667e+01 1.519691e-04 1.982205e-06
7.777778e+01 1.228040e-04 1.578908e-06
7.888889e+01 9.911504e-05 1.256388e-06
8.000000e+01 7.985711e-05 9.982139e-07
8.111111e+01 6.419419e-05 7.914352e-07
8.222222e+01 5.146144e-05 6.258823e-07
8.333333e+01 4.113127e-05 4.935753e-07
8.444444e+01 3.278358e-05 3.882266e-07
8.555556e+01 2.608003e-05 3.048315e-07
8.666667e+01 2.074261e-05 2.393378e-07
8.777778e+01 1.653617e-05 1.883867e-07
8.888889e+01 1.325518e-05 1.491208e-07
9.000000e+01 1.071460e-05 1.190511e-07
9.111111e+01 8.744844e-06 9.598000e-08
9.222222e+01 7.190917e-06 7.797380e-08
9.333333e+01 5.915654e-06 6.338200e-08
9.444444e+01 4.807097e-06 5.089867e-08
9.555556e+01 3.789998e-06 3.966277e-08
9.666667e+01 2.841453e-06 2.939434e-08
9.777778e+01 2.010663e-06 2.056360e-08
9.888889e+01 1.442821e-06 1.459033e-08
1.000000e+02 1.407137e-06 1.407137e-08
1.003333e+02 1.313143e-06 1.308781e-08
1.006667e+02 1.225360e-06 1.217245e-08
1.010000e+02 1.143382e-06 1.132061e-08
1.013333e+02 1.066831e-06 1.052794e-08
1.016667e+02 9.953522e-07 9.790349e-09
1.020000e+02 9.286122e-07 9.104042e-09
1.023333e+02 8.663001e-07 8.465473e-09
1.026667e+02 8.081245e-07 7.871343e-09
1.030000e+02 7.538132e-07 7.318575e-09
1.033333e+02 7.031114e-07 6.804304e-09
1.036667e+02 6.557811e-07 6.325863e-09
1.040000e+02 6.115998e-07 5.880767e-09
1.043333e+02 5.703595e-07 5.466705e-09
1.046667e+02 5.318659e-07 5.081522e-09
1.050000e+02 4.959375e-07 4.723214e-09
1.053333e+02 4.624044e-07 4.389915e-09
1.056667e+02 4.311080e-07 4.079886e-09
1.060000e+02 4.018999e-07 3.791509e-09
1.063333e+02 3.746415e-07 3.523275e-09
1.066667e+02 3.492030e-07 3.273778e-09
1.070000e+02 3.254631e-07 3.041711e-09
1.073333e+02 3.033083e-07 2.825853e-09
1.076667e+02 2.826323e-07 2.625068e-09
1.080000e+02 2.633359e-07 2.438295e-09
1.083333e+02 2.453263e-07 2.264551e-09
1.086667e+02 2.285170e-07 2.102917e-09
1.090000e+02 2.128270e-07 1.952542e-09
1.093333e+02 1.981813e-07 1.812634e-09
1.096667e+02 1.845101e-07 1.682463e-09
1.100000e+02 1.717489e-07 1.561354e-09
1.103667e+02 1.586853e-07 1.437801e-09
1.107333e+02 1.465683e-07 1.323615e-09
1.111000e+02 1.353271e-07 1.218066e-09
1.114667e+02 1.248961e-07 1.120479e-09
1.118333e+02 1.152138e-07 1.030228e-09
1.122000e+02 1.062232e-07 9.467305e-10
1.125667e+02 9.787101e-08 8.694493e-10
1.129333e+02 9.010783e-08 7.978851e-10
1.133000e+02 8.288750e-08 7.315755e-10
1.136667e+02 7.616711e-08 6.700919e-10
1.140333e+02 6.990665e-08 6.130369e-10
1.144000e+02 6.406881e-08 5.600420e-10
1.147667e+02 5.861878e-08 5.107649e-10
1.151333e+02 5.352405e-08 4.648876e-10
1.155000e+02 4.875418e-08 4.221141e-10
1.158667e+02 4.428063e-08 3.821688e-10
1.162333e+02 4.007659e-08 3.447943e-10
1.166000e+02 3.611683e-08 3.097498e-10
1.169667e+02 3.237751e-08 2.768097e-10
1.173333e+02 2.883605e-08 2.457618e-10
1.177000e+02 2.547102e-08 2.164063e-10
1.180667e+02 2.226196e-08 1.885542e-10
1.184333e+02 1.918933e-08 1.620264e-10
1.188000e+02 1.623433e-08 1.366526e-10
1.191667e+02 1.337889e-08 1.122704e-10
1.195333e+02 1.060552e-08 8.872437e-11
1.199000e+02 7.897246e-09 6.586527e-11
1.202667e+02 5.237572e-09 4.354966e-11
1.206333e+02 2.610402e-09 2.163914e-11
1.210000e+02 0.000000e+00
