# 
# Output from EIGENRAD program.
# 
# Eigenfunction for specific electronic state.
# The first column contains radius $r$ in bohr units.
# The second column holds value of eginefunction.
# 
# Use this file with gnuplot to create the plot.
#
0.000000e+00 0.000000e+00 -6.009610e-07
1.111111e-01 -3.104444e-08 -2.793999e-07
2.222222e-01 -3.032380e-07 -1.364571e-06
3.333333e-01 -1.592093e-06 -4.776279e-06
4.444444e-01 -5.040293e-06 -1.134066e-05
5.555556e-01 -1.210771e-05 -2.179387e-05
6.666667e-01 -2.452386e-05 -3.678579e-05
7.777778e-01 -4.424286e-05 -5.688368e-05
8.888889e-01 -7.340082e-05 -8.257592e-05
1.000000e+00 -1.142757e-04 -1.142757e-04
1.111111e+00 -1.692495e-04 -1.523245e-04
1.222222e+00 -2.407733e-04 -1.969963e-04
1.333333e+00 -3.313342e-04 -2.485007e-04
1.444444e+00 -4.434254e-04 -3.069868e-04
1.555556e+00 -5.795177e-04 -3.725471e-04
1.666667e+00 -7.420350e-04 -4.452210e-04
1.777778e+00 -9.333305e-04 -5.249984e-04
1.888889e+00 -1.155667e-03 -6.118237e-04
2.000000e+00 -1.411198e-03 -7.055990e-04
2.111111e+00 -1.701953e-03 -8.061885e-04
2.222222e+00 -2.029825e-03 -9.134213e-04
2.333333e+00 -2.396558e-03 -1.027096e-03
2.444444e+00 -2.803738e-03 -1.146984e-03
2.555556e+00 -3.252794e-03 -1.272832e-03
2.666667e+00 -3.744985e-03 -1.404369e-03
2.777778e+00 -4.281407e-03 -1.541306e-03
2.888889e+00 -4.862990e-03 -1.683343e-03
3.000000e+00 -5.490505e-03 -1.830168e-03
3.111111e+00 -6.164570e-03 -1.981469e-03
3.222222e+00 -6.885658e-03 -2.136928e-03
3.333333e+00 -7.654108e-03 -2.296232e-03
3.444444e+00 -8.469730e-03 -2.458954e-03
3.555556e+00 -9.332499e-03 -2.624765e-03
3.666667e+00 -1.024216e-02 -2.793315e-03
3.777778e+00 -1.119827e-02 -2.964249e-03
3.888889e+00 -1.220026e-02 -3.137210e-03
4.000000e+00 -1.324736e-02 -3.311841e-03
4.111111e+00 -1.433869e-02 -3.487788e-03
4.222222e+00 -1.547318e-02 -3.664700e-03
4.333333e+00 -1.664966e-02 -3.842229e-03
4.444444e+00 -1.786681e-02 -4.020032e-03
4.555556e+00 -1.912319e-02 -4.197772e-03
4.666667e+00 -2.041723e-02 -4.375121e-03
4.777778e+00 -2.174728e-02 -4.551756e-03
4.888889e+00 -2.311154e-02 -4.727360e-03
5.000000e+00 -2.450815e-02 -4.901629e-03
5.111111e+00 -2.593513e-02 -5.074264e-03
5.222222e+00 -2.739042e-02 -5.244975e-03
5.333333e+00 -2.887191e-02 -5.413483e-03
5.444444e+00 -3.037737e-02 -5.579518e-03
5.555556e+00 -3.190455e-02 -5.742819e-03
5.666667e+00 -3.345111e-02 -5.903137e-03
5.777778e+00 -3.501466e-02 -6.060230e-03
5.888889e+00 -3.659279e-02 -6.213871e-03
6.000000e+00 -3.818303e-02 -6.363839e-03
6.111111e+00 -3.978289e-02 -6.509927e-03
6.222222e+00 -4.138984e-02 -6.651938e-03
6.333333e+00 -4.300134e-02 -6.789685e-03
6.444444e+00 -4.461485e-02 -6.922994e-03
6.555556e+00 -4.622782e-02 -7.051702e-03
6.666667e+00 -4.783770e-02 -7.175655e-03
6.888889e+00 -5.103763e-02 -7.408688e-03
7.111111e+00 -5.419500e-02 -7.621171e-03
7.333333e+00 -5.728953e-02 -7.812208e-03
7.555556e+00 -6.030151e-02 -7.981082e-03
7.777778e+00 -6.321192e-02 -8.127247e-03
8.000000e+00 -6.600250e-02 -8.250313e-03
8.222222e+00 -6.865587e-02 -8.350038e-03
8.444444e+00 -7.115557e-02 -8.426318e-03
8.666667e+00 -7.348617e-02 -8.479173e-03
8.888889e+00 -7.563328e-02 -8.508745e-03
9.111111e+00 -7.758368e-02 -8.515281e-03
9.333333e+00 -7.932527e-02 -8.499136e-03
9.555556e+00 -8.084720e-02 -8.460753e-03
9.777778e+00 -8.213985e-02 -8.400666e-03
1.000000e+01 -8.319486e-02 -8.319486e-03
1.022222e+01 -8.400515e-02 -8.217895e-03
1.044444e+01 -8.456492e-02 -8.096642e-03
1.066667e+01 -8.486969e-02 -7.956533e-03
1.088889e+01 -8.491620e-02 -7.798426e-03
1.111111e+01 -8.470250e-02 -7.623225e-03
1.133333e+01 -8.422784e-02 -7.431869e-03
1.155556e+01 -8.349271e-02 -7.225331e-03
1.177778e+01 -8.249873e-02 -7.004609e-03
1.200000e+01 -8.124865e-02 -6.770721e-03
1.222222e+01 -7.974628e-02 -6.524695e-03
1.244444e+01 -7.799642e-02 -6.267569e-03
1.266667e+01 -7.600480e-02 -6.000379e-03
1.288889e+01 -7.377798e-02 -5.724154e-03
1.311111e+01 -7.132331e-02 -5.439914e-03
1.333333e+01 -6.864877e-02 -5.148657e-03
1.355556e+01 -6.576402e-02 -4.851444e-03
1.377778e+01 -6.267859e-02 -4.549252e-03
1.400000e+01 -5.940274e-02 -4.243053e-03
1.422222e+01 -5.594732e-02 -3.933796e-03
1.444444e+01 -5.232369e-02 -3.622409e-03
1.466667e+01 -4.854365e-02 -3.309794e-03
1.488889e+01 -4.461939e-02 -2.996824e-03
1.511111e+01 -4.056340e-02 -2.684343e-03
1.533333e+01 -3.638847e-02 -2.373161e-03
1.555556e+01 -3.210756e-02 -2.064057e-03
1.577778e+01 -2.773380e-02 -1.757776e-03
1.600000e+01 -2.328041e-02 -1.455026e-03
1.622222e+01 -1.876068e-02 -1.156480e-03
1.644444e+01 -1.418788e-02 -8.627764e-04
1.666667e+01 -9.575249e-03 -5.745149e-04
1.688889e+01 -4.935942e-03 -2.922597e-04
1.711111e+01 -2.829797e-04 -1.653778e-05
1.733333e+01 4.370782e-03 2.521605e-04
1.755556e+01 9.012692e-03 5.133812e-04
1.777778e+01 1.363034e-02 7.667066e-04
1.800000e+01 1.821159e-02 1.011755e-03
1.822222e+01 2.274460e-02 1.248179e-03
1.844444e+01 2.721788e-02 1.475668e-03
1.866667e+01 3.162028e-02 1.693943e-03
1.888889e+01 3.594104e-02 1.902761e-03
1.911111e+01 4.016982e-02 2.101909e-03
1.933333e+01 4.429669e-02 2.291208e-03
1.955556e+01 4.831218e-02 2.470509e-03
1.977778e+01 5.220727e-02 2.639694e-03
2.000000e+01 5.597343e-02 2.798671e-03
2.022222e+01 5.960249e-02 2.947376e-03
2.044444e+01 6.308699e-02 3.085776e-03
2.066667e+01 6.641979e-02 3.213861e-03
2.088889e+01 6.959430e-02 3.331642e-03
2.111111e+01 7.260445e-02 3.439158e-03
2.133333e+01 7.544465e-02 3.536468e-03
2.155556e+01 7.810988e-02 3.623654e-03
2.177778e+01 8.059559e-02 3.700818e-03
2.200000e+01 8.289776e-02 3.768080e-03
2.222222e+01 8.501286e-02 3.825579e-03
2.244444e+01 8.693787e-02 3.873469e-03
2.266667e+01 8.867025e-02 3.911923e-03
2.288889e+01 9.020795e-02 3.941124e-03
2.311111e+01 9.154940e-02 3.961272e-03
2.333333e+01 9.269349e-02 3.972578e-03
2.355556e+01 9.363957e-02 3.975265e-03
2.377778e+01 9.438744e-02 3.969565e-03
2.400000e+01 9.493734e-02 3.955723e-03
2.422222e+01 9.528993e-02 3.933988e-03
2.444444e+01 9.544627e-02 3.904620e-03
2.466667e+01 9.540784e-02 3.867886e-03
2.488889e+01 9.517650e-02 3.824056e-03
2.511111e+01 9.475448e-02 3.773408e-03
2.533333e+01 9.414435e-02 3.716224e-03
2.555556e+01 9.334903e-02 3.652788e-03
2.577778e+01 9.237176e-02 3.583387e-03
2.600000e+01 9.121609e-02 3.508311e-03
2.622222e+01 8.988583e-02 3.427849e-03
2.644444e+01 8.838508e-02 3.342293e-03
2.666667e+01 8.671818e-02 3.251932e-03
2.688889e+01 8.488980e-02 3.157059e-03
2.711111e+01 8.290477e-02 3.057963e-03
2.733333e+01 8.076813e-02 2.954931e-03
2.755556e+01 7.848511e-02 2.848250e-03
2.777778e+01 7.606116e-02 2.738202e-03
2.800000e+01 7.350184e-02 2.625066e-03
2.822222e+01 7.081290e-02 2.509118e-03
2.844444e+01 6.800020e-02 2.390632e-03
2.866667e+01 6.506974e-02 2.269875e-03
2.888889e+01 6.202760e-02 2.147109e-03
2.911111e+01 5.887996e-02 2.022594e-03
2.933333e+01 5.563308e-02 1.896582e-03
2.955556e+01 5.229327e-02 1.769321e-03
2.977778e+01 4.886689e-02 1.641052e-03
3.000000e+01 4.536034e-02 1.512011e-03
3.022222e+01 4.178004e-02 1.382428e-03
3.044444e+01 3.813242e-02 1.252525e-03
3.066667e+01 3.442389e-02 1.122518e-03
3.088889e+01 3.066088e-02 9.926185e-04
3.111111e+01 2.684978e-02 8.630285e-04
3.133333e+01 2.299692e-02 7.339444e-04
3.155556e+01 1.910864e-02 6.055554e-04
3.177778e+01 1.519117e-02 4.780437e-04
3.200000e+01 1.125070e-02 3.515844e-04
3.222222e+01 7.293354e-03 2.263455e-04
3.244444e+01 3.325160e-03 1.024878e-04
3.266667e+01 -6.479391e-04 -1.983487e-05
3.288889e+01 -4.620100e-03 -1.404760e-04
3.311111e+01 -8.585586e-03 -2.592962e-04
3.333333e+01 -1.253877e-02 -3.761632e-04
3.355556e+01 -1.647413e-02 -4.909509e-04
3.377778e+01 -2.038629e-02 -6.035415e-04
3.400000e+01 -2.426999e-02 -7.138232e-04
3.422222e+01 -2.812010e-02 -8.216912e-04
3.444444e+01 -3.193163e-02 -9.270474e-04
3.466667e+01 -3.569974e-02 -1.029800e-03
3.488889e+01 -3.941974e-02 -1.129865e-03
3.511111e+01 -4.308707e-02 -1.227163e-03
3.533333e+01 -4.669736e-02 -1.321623e-03
3.555556e+01 -5.024635e-02 -1.413179e-03
3.577778e+01 -5.372997e-02 -1.501769e-03
3.600000e+01 -5.714431e-02 -1.587342e-03
3.622222e+01 -6.048561e-02 -1.669848e-03
3.644444e+01 -6.375028e-02 -1.749246e-03
3.666667e+01 -6.693489e-02 -1.825497e-03
3.688889e+01 -7.003618e-02 -1.898571e-03
3.711111e+01 -7.305105e-02 -1.968441e-03
3.733333e+01 -7.597657e-02 -2.035087e-03
3.755556e+01 -7.880998e-02 -2.098491e-03
3.777778e+01 -8.154868e-02 -2.158642e-03
3.800000e+01 -8.419024e-02 -2.215533e-03
3.822222e+01 -8.673240e-02 -2.269162e-03
3.844444e+01 -8.917304e-02 -2.319530e-03
3.866667e+01 -9.151023e-02 -2.366644e-03
3.888889e+01 -9.374219e-02 -2.410513e-03
3.911111e+01 -9.586729e-02 -2.451152e-03
3.933333e+01 -9.788408e-02 -2.488578e-03
3.955556e+01 -9.979123e-02 -2.522812e-03
3.977778e+01 -1.015876e-01 -2.553878e-03
4.000000e+01 -1.032721e-01 -2.581804e-03
4.044444e+01 -1.063024e-01 -2.628356e-03
4.088889e+01 -1.088774e-01 -2.662762e-03
4.133333e+01 -1.109939e-01 -2.685336e-03
4.177778e+01 -1.126511e-01 -2.696436e-03
4.222222e+01 -1.138502e-01 -2.696453e-03
4.266667e+01 -1.145945e-01 -2.685809e-03
4.311111e+01 -1.148890e-01 -2.664950e-03
4.355556e+01 -1.147404e-01 -2.634345e-03
4.400000e+01 -1.141571e-01 -2.594479e-03
4.444444e+01 -1.131490e-01 -2.545851e-03
4.488889e+01 -1.117271e-01 -2.488970e-03
4.533333e+01 -1.099039e-01 -2.424352e-03
4.577778e+01 -1.076930e-01 -2.352516e-03
4.622222e+01 -1.051086e-01 -2.273985e-03
4.666667e+01 -1.021664e-01 -2.189279e-03
4.711111e+01 -9.888229e-02 -2.098916e-03
4.755556e+01 -9.527325e-02 -2.003410e-03
4.800000e+01 -9.135667e-02 -1.903264e-03
4.844444e+01 -8.715043e-02 -1.798977e-03
4.888889e+01 -8.267281e-02 -1.691035e-03
4.933333e+01 -7.794236e-02 -1.579913e-03
4.977778e+01 -7.297785e-02 -1.466073e-03
5.022222e+01 -6.779817e-02 -1.349964e-03
5.066667e+01 -6.242223e-02 -1.232018e-03
5.111111e+01 -5.686888e-02 -1.112652e-03
5.155556e+01 -5.115688e-02 -9.922672e-04
5.200000e+01 -4.530477e-02 -8.712455e-04
5.244444e+01 -3.933079e-02 -7.499516e-04
5.288889e+01 -3.325289e-02 -6.287312e-04
5.333333e+01 -2.708858e-02 -5.079109e-04
5.377778e+01 -2.085558e-02 -3.878104e-04
5.422222e+01 -1.457039e-02 -2.687161e-04
5.466667e+01 -8.249438e-03 -1.509044e-04
5.511111e+01 -1.908643e-03 -3.463264e-05
5.555556e+01 4.436663e-03 7.985993e-05
5.600000e+01 1.077172e-02 1.923522e-04
5.644444e+01 1.708238e-02 3.026407e-04
5.688889e+01 2.335509e-02 4.105387e-04
5.733333e+01 2.957692e-02 5.158765e-04
5.777778e+01 3.573557e-02 6.185003e-04
5.822222e+01 4.181938e-02 7.182719e-04
5.866667e+01 4.781734e-02 8.150683e-04
5.911111e+01 5.371906e-02 9.087812e-04
5.955556e+01 5.951483e-02 9.993162e-04
6.000000e+01 6.519556e-02 1.086593e-03
6.044444e+01 7.075282e-02 1.170543e-03
6.088889e+01 7.617881e-02 1.251112e-03
6.133333e+01 8.146636e-02 1.328256e-03
6.177778e+01 8.660894e-02 1.401943e-03
6.222222e+01 9.160062e-02 1.472153e-03
6.266667e+01 9.643609e-02 1.538874e-03
6.311111e+01 1.011106e-01 1.602105e-03
6.355556e+01 1.056200e-01 1.661853e-03
6.400000e+01 1.099607e-01 1.718136e-03
6.444444e+01 1.141296e-01 1.770977e-03
6.488889e+01 1.181241e-01 1.820406e-03
6.533333e+01 1.219423e-01 1.866464e-03
6.577778e+01 1.255824e-01 1.909192e-03
6.622222e+01 1.290433e-01 1.948641e-03
6.666667e+01 1.323243e-01 1.984864e-03
6.711111e+01 1.354252e-01 2.017925e-03
6.755556e+01 1.383462e-01 2.047887e-03
6.800000e+01 1.410877e-01 2.074819e-03
6.844444e+01 1.436506e-01 2.098791e-03
6.888889e+01 1.460362e-01 2.119880e-03
6.933333e+01 1.482460e-01 2.138163e-03
6.977778e+01 1.502818e-01 2.153720e-03
7.022222e+01 1.521457e-01 2.166632e-03
7.066667e+01 1.538402e-01 2.176984e-03
7.111111e+01 1.553678e-01 2.184860e-03
7.155556e+01 1.567315e-01 2.190347e-03
7.200000e+01 1.579342e-01 2.193531e-03
7.244444e+01 1.589793e-01 2.194499e-03
7.288889e+01 1.598701e-01 2.193340e-03
7.333333e+01 1.606102e-01 2.190139e-03
7.377778e+01 1.612033e-01 2.184984e-03
7.422222e+01 1.616533e-01 2.177963e-03
7.466667e+01 1.619640e-01 2.169161e-03
7.511111e+01 1.621396e-01 2.158663e-03
7.555556e+01 1.621841e-01 2.146555e-03
7.600000e+01 1.621018e-01 2.132918e-03
7.644444e+01 1.618968e-01 2.117836e-03
7.688889e+01 1.615735e-01 2.101389e-03
7.733333e+01 1.611361e-01 2.083656e-03
7.777778e+01 1.605889e-01 2.064715e-03
7.822222e+01 1.599364e-01 2.044642e-03
7.866667e+01 1.591829e-01 2.023511e-03
7.911111e+01 1.583325e-01 2.001394e-03
7.955556e+01 1.573898e-01 1.978363e-03
8.000000e+01 1.563589e-01 1.954486e-03
8.088889e+01 1.540501e-01 1.904465e-03
8.177778e+01 1.514380e-01 1.851824e-03
8.266667e+01 1.485560e-01 1.797048e-03
8.355556e+01 1.454357e-01 1.740587e-03
8.444444e+01 1.421077e-01 1.682854e-03
8.533333e+01 1.386010e-01 1.624230e-03
8.622222e+01 1.349431e-01 1.565061e-03
8.711111e+01 1.311600e-01 1.505663e-03
8.800000e+01 1.272763e-01 1.446321e-03
8.888889e+01 1.233149e-01 1.387293e-03
8.977778e+01 1.192974e-01 1.328808e-03
9.066667e+01 1.152437e-01 1.271070e-03
9.155556e+01 1.111723e-01 1.214261e-03
9.244444e+01 1.071003e-01 1.158536e-03
9.333333e+01 1.030430e-01 1.104033e-03
9.422222e+01 9.901479e-02 1.050865e-03
9.511111e+01 9.502825e-02 9.991288e-04
9.600000e+01 9.109481e-02 9.489042e-04
9.688889e+01 8.722455e-02 9.002534e-04
9.777778e+01 8.342634e-02 8.532239e-04
9.866667e+01 7.970785e-02 8.078499e-04
9.955556e+01 7.607567e-02 7.641529e-04
1.004444e+02 7.253533e-02 7.221438e-04
1.013333e+02 6.909142e-02 6.818232e-04
1.022222e+02 6.574768e-02 6.431838e-04
1.031111e+02 6.250706e-02 6.062107e-04
1.040000e+02 5.937185e-02 5.708832e-04
1.048889e+02 5.634378e-02 5.371759e-04
1.057778e+02 5.342414e-02 5.050602e-04
1.066667e+02 5.061387e-02 4.745050e-04
1.075556e+02 4.791144e-02 4.454576e-04
1.084444e+02 4.531696e-02 4.178818e-04
1.093333e+02 4.282939e-02 3.917322e-04
1.102222e+02 4.044733e-02 3.669617e-04
1.111111e+02 3.816912e-02 3.435221e-04
1.120000e+02 3.599279e-02 3.213642e-04
1.128889e+02 3.391619e-02 3.004387e-04
1.137778e+02 3.193691e-02 2.806955e-04
1.146667e+02 3.005243e-02 2.620852e-04
1.155556e+02 2.826006e-02 2.445582e-04
1.164444e+02 2.655698e-02 2.280657e-04
1.173333e+02 2.494032e-02 2.125595e-04
1.182222e+02 2.340711e-02 1.979924e-04
1.191111e+02 2.195435e-02 1.843182e-04
1.200000e+02 2.057901e-02 1.714917e-04
1.208889e+02 1.927805e-02 1.594692e-04
1.217778e+02 1.804846e-02 1.482081e-04
1.226667e+02 1.688721e-02 1.376675e-04
1.235556e+02 1.579136e-02 1.278077e-04
1.244444e+02 1.475796e-02 1.185907e-04
1.253333e+02 1.378416e-02 1.099800e-04
1.262222e+02 1.286714e-02 1.019404e-04
1.271111e+02 1.200418e-02 9.443851e-05
1.280000e+02 1.119262e-02 8.744231e-05
1.288889e+02 1.042985e-02 8.092124e-05
1.297778e+02 9.713373e-03 7.484619e-05
1.306667e+02 9.040746e-03 6.918938e-05
1.315556e+02 8.409601e-03 6.392433e-05
1.324444e+02 7.817636e-03 5.902578e-05
1.333333e+02 7.262608e-03 5.446956e-05
1.342222e+02 6.742543e-03 5.023418e-05
1.351111e+02 6.255380e-03 4.629804e-05
1.360000e+02 5.799178e-03 4.264101e-05
1.368889e+02 5.372082e-03 3.924410e-05
1.377778e+02 4.972318e-03 3.608941e-05
1.386667e+02 4.598191e-03 3.316003e-05
1.395556e+02 4.248080e-03 3.044007e-05
1.404444e+02 3.920441e-03 2.791453e-05
1.413333e+02 3.613797e-03 2.556932e-05
1.422222e+02 3.326741e-03 2.339115e-05
1.431111e+02 3.057930e-03 2.136752e-05
1.440000e+02 2.806083e-03 1.948669e-05
1.448889e+02 2.569979e-03 1.773758e-05
1.457778e+02 2.348450e-03 1.610980e-05
1.466667e+02 2.140385e-03 1.459353e-05
1.475556e+02 1.944719e-03 1.317957e-05
1.484444e+02 1.760434e-03 1.185921e-05
1.493333e+02 1.586555e-03 1.062425e-05
1.502222e+02 1.422147e-03 9.466955e-06
1.511111e+02 1.266311e-03 8.379998e-06
1.520000e+02 1.118179e-03 7.356444e-06
1.528889e+02 9.769147e-04 6.389704e-06
1.537778e+02 8.417038e-04 5.473507e-06
1.546667e+02 7.117554e-04 4.601867e-06
1.555556e+02 5.862958e-04 3.769045e-06
1.564444e+02 4.645652e-04 2.969522e-06
1.573333e+02 3.458138e-04 2.197969e-06
1.582222e+02 2.292975e-04 1.449212e-06
1.591111e+02 1.142743e-04 7.182044e-07
1.600000e+02 1.900968e-18
