# 
# Output from EIGENRAD program.
# 
# Eigenfunction for specific electronic state.
# The first column contains radius $r$ in bohr units.
# The second column holds value of eginefunction.
# 
# Use this file with gnuplot to create the plot.
#
0.000000e+00 0.000000e+00 -2.500001e-01
2.777778e-02 -6.753379e-03 -2.431216e-01
5.555556e-02 -1.313188e-02 -2.363738e-01
8.333333e-02 -1.914622e-02 -2.297546e-01
1.111111e-01 -2.480690e-02 -2.232621e-01
1.388889e-01 -3.012423e-02 -2.168944e-01
1.666667e-01 -3.510827e-02 -2.106496e-01
1.944444e-01 -3.976892e-02 -2.045259e-01
2.222222e-01 -4.411584e-02 -1.985213e-01
2.500000e-01 -4.815851e-02 -1.926340e-01
2.777778e-01 -5.190621e-02 -1.868624e-01
3.055556e-01 -5.536804e-02 -1.812045e-01
3.333333e-01 -5.855288e-02 -1.756586e-01
3.611111e-01 -6.146945e-02 -1.702231e-01
3.888889e-01 -6.412628e-02 -1.648961e-01
4.166667e-01 -6.653172e-02 -1.596761e-01
4.444444e-01 -6.869394e-02 -1.545614e-01
4.722222e-01 -7.062094e-02 -1.495502e-01
5.000000e-01 -7.232054e-02 -1.446411e-01
5.277778e-01 -7.380040e-02 -1.398323e-01
5.555556e-01 -7.506802e-02 -1.351224e-01
5.833333e-01 -7.613072e-02 -1.305098e-01
6.111111e-01 -7.699568e-02 -1.259929e-01
6.388889e-01 -7.766991e-02 -1.215703e-01
6.666667e-01 -7.816025e-02 -1.172404e-01
6.944444e-01 -7.847343e-02 -1.130017e-01
7.222222e-01 -7.861600e-02 -1.088529e-01
7.500000e-01 -7.859436e-02 -1.047925e-01
7.777778e-01 -7.841479e-02 -1.008190e-01
8.055556e-01 -7.808340e-02 -9.693111e-02
8.333333e-01 -7.760617e-02 -9.312741e-02
8.611111e-01 -7.698897e-02 -8.940654e-02
8.888889e-01 -7.623749e-02 -8.576718e-02
9.166667e-01 -7.535732e-02 -8.220799e-02
9.444444e-01 -7.435392e-02 -7.872768e-02
9.722222e-01 -7.323259e-02 -7.532495e-02
1.000000e+00 -7.199854e-02 -7.199854e-02
1.027778e+00 -7.065685e-02 -6.874720e-02
1.055556e+00 -6.921246e-02 -6.556970e-02
1.083333e+00 -6.767021e-02 -6.246481e-02
1.111111e+00 -6.603482e-02 -5.943134e-02
1.138889e+00 -6.431089e-02 -5.646810e-02
1.166667e+00 -6.250291e-02 -5.357392e-02
1.194444e+00 -6.061526e-02 -5.074766e-02
1.222222e+00 -5.865221e-02 -4.798817e-02
1.250000e+00 -5.661792e-02 -4.529434e-02
1.277778e+00 -5.451646e-02 -4.266506e-02
1.305556e+00 -5.235178e-02 -4.009923e-02
1.333333e+00 -5.012773e-02 -3.759580e-02
1.361111e+00 -4.784807e-02 -3.515368e-02
1.388889e+00 -4.551646e-02 -3.277185e-02
1.416667e+00 -4.313647e-02 -3.044927e-02
1.444444e+00 -4.071155e-02 -2.818492e-02
1.472222e+00 -3.824510e-02 -2.597781e-02
1.500000e+00 -3.574040e-02 -2.382693e-02
1.527778e+00 -3.320064e-02 -2.173133e-02
1.555556e+00 -3.062894e-02 -1.969004e-02
1.583333e+00 -2.802833e-02 -1.770210e-02
1.611111e+00 -2.540174e-02 -1.576660e-02
1.638889e+00 -2.275204e-02 -1.388260e-02
1.666667e+00 -2.008201e-02 -1.204920e-02
1.722222e+00 -1.469165e-02 -8.530637e-03
1.777778e+00 -9.251393e-03 -5.203909e-03
1.833333e+00 -3.780707e-03 -2.062204e-03
1.888889e+00 1.702076e-03 9.010988e-04
1.944444e+00 7.179718e-03 3.692426e-03
2.000000e+00 1.263604e-02 6.318022e-03
2.055556e+00 1.805589e-02 8.783948e-03
2.111111e+00 2.342509e-02 1.109609e-02
2.166667e+00 2.873038e-02 1.326017e-02
2.222222e+00 3.395943e-02 1.528174e-02
2.277778e+00 3.910076e-02 1.716619e-02
2.333333e+00 4.414374e-02 1.891874e-02
2.388889e+00 4.907850e-02 2.054449e-02
2.444444e+00 5.389598e-02 2.204835e-02
2.500000e+00 5.858780e-02 2.343512e-02
2.555556e+00 6.314633e-02 2.470943e-02
2.611111e+00 6.756456e-02 2.587579e-02
2.666667e+00 7.183615e-02 2.693856e-02
2.722222e+00 7.595536e-02 2.790197e-02
2.777778e+00 7.991705e-02 2.877014e-02
2.833333e+00 8.371660e-02 2.954704e-02
2.888889e+00 8.734996e-02 3.023652e-02
2.944444e+00 9.081356e-02 3.084234e-02
3.000000e+00 9.410433e-02 3.136811e-02
3.055556e+00 9.721966e-02 3.181734e-02
3.111111e+00 1.001574e-01 3.219344e-02
3.166667e+00 1.029157e-01 3.249969e-02
3.222222e+00 1.054933e-01 3.273930e-02
3.277778e+00 1.078892e-01 3.291534e-02
3.333333e+00 1.101027e-01 3.303082e-02
3.388889e+00 1.121337e-01 3.308862e-02
3.444444e+00 1.139820e-01 3.309154e-02
3.500000e+00 1.156480e-01 3.304230e-02
3.555556e+00 1.171325e-01 3.294351e-02
3.611111e+00 1.184362e-01 3.279771e-02
3.666667e+00 1.195603e-01 3.260735e-02
3.722222e+00 1.205062e-01 3.237480e-02
3.777778e+00 1.212755e-01 3.210235e-02
3.833333e+00 1.218701e-01 3.179220e-02
3.888889e+00 1.222920e-01 3.144651e-02
3.944444e+00 1.225433e-01 3.106732e-02
4.000000e+00 1.226265e-01 3.065664e-02
4.055556e+00 1.225442e-01 3.021638e-02
4.111111e+00 1.222990e-01 2.974840e-02
4.166667e+00 1.218937e-01 2.925449e-02
4.222222e+00 1.213314e-01 2.873639e-02
4.277778e+00 1.206151e-01 2.819574e-02
4.333333e+00 1.197481e-01 2.763417e-02
4.388889e+00 1.187335e-01 2.705321e-02
4.444444e+00 1.175749e-01 2.645436e-02
4.500000e+00 1.162757e-01 2.583905e-02
4.555556e+00 1.148394e-01 2.520866e-02
4.611111e+00 1.132697e-01 2.456451e-02
4.666667e+00 1.115702e-01 2.390790e-02
4.722222e+00 1.097446e-01 2.324004e-02
4.777778e+00 1.077968e-01 2.256211e-02
4.833333e+00 1.057304e-01 2.187526e-02
4.888889e+00 1.035495e-01 2.118057e-02
4.944444e+00 1.012577e-01 2.047909e-02
5.000000e+00 9.885912e-02 1.977182e-02
5.055556e+00 9.635753e-02 1.905973e-02
5.111111e+00 9.375688e-02 1.834374e-02
5.166667e+00 9.106107e-02 1.762472e-02
5.222222e+00 8.827404e-02 1.690354e-02
5.277778e+00 8.539969e-02 1.618099e-02
5.333333e+00 8.244194e-02 1.545786e-02
5.388889e+00 7.940466e-02 1.473489e-02
5.444444e+00 7.629175e-02 1.401277e-02
5.500000e+00 7.310705e-02 1.329219e-02
5.555556e+00 6.985441e-02 1.257379e-02
5.611111e+00 6.653762e-02 1.185819e-02
5.666667e+00 6.316046e-02 1.114596e-02
5.722222e+00 5.972668e-02 1.043767e-02
5.777778e+00 5.623999e-02 9.733844e-03
5.833333e+00 5.270405e-02 9.034980e-03
5.888889e+00 4.912251e-02 8.341559e-03
5.944444e+00 4.549895e-02 7.654029e-03
6.000000e+00 4.183692e-02 6.972820e-03
6.055556e+00 3.813991e-02 6.298334e-03
6.111111e+00 3.441138e-02 5.630952e-03
6.166667e+00 3.065472e-02 4.971035e-03
6.222222e+00 2.687328e-02 4.318921e-03
6.277778e+00 2.307037e-02 3.674926e-03
6.333333e+00 1.924922e-02 3.039350e-03
6.388889e+00 1.541301e-02 2.412471e-03
6.444444e+00 1.156488e-02 1.794550e-03
6.500000e+00 7.707890e-03 1.185829e-03
6.555556e+00 3.845066e-03 5.865355e-04
6.611111e+00 -2.064012e-05 -3.122035e-06
6.666667e+00 -3.886332e-03 -5.829499e-04
6.777778e+00 -1.160634e-02 -1.712410e-03
6.888889e+00 -1.929322e-02 -2.800629e-03
7.000000e+00 -2.692596e-02 -3.846566e-03
7.111111e+00 -3.448457e-02 -4.849392e-03
7.222222e+00 -4.195009e-02 -5.808473e-03
7.333333e+00 -4.930460e-02 -6.723355e-03
7.444444e+00 -5.653120e-02 -7.593744e-03
7.555556e+00 -6.361400e-02 -8.419500e-03
7.666667e+00 -7.053807e-02 -9.200618e-03
7.777778e+00 -7.728950e-02 -9.937221e-03
7.888889e+00 -8.385529e-02 -1.062954e-02
8.000000e+00 -9.022344e-02 -1.127793e-02
8.111111e+00 -9.638283e-02 -1.188282e-02
8.222222e+00 -1.023233e-01 -1.244472e-02
8.333333e+00 -1.080355e-01 -1.296426e-02
8.444444e+00 -1.135110e-01 -1.344210e-02
8.555556e+00 -1.187423e-01 -1.387897e-02
8.666667e+00 -1.237226e-01 -1.427568e-02
8.777778e+00 -1.284458e-01 -1.463307e-02
8.888889e+00 -1.329069e-01 -1.495203e-02
9.000000e+00 -1.371014e-01 -1.523349e-02
9.111111e+00 -1.410257e-01 -1.547843e-02
9.222222e+00 -1.446766e-01 -1.568782e-02
9.333333e+00 -1.480518e-01 -1.586270e-02
9.444444e+00 -1.511497e-01 -1.600409e-02
9.555556e+00 -1.539692e-01 -1.611305e-02
9.666667e+00 -1.565096e-01 -1.619065e-02
9.777778e+00 -1.587712e-01 -1.623796e-02
9.888889e+00 -1.607543e-01 -1.625605e-02
1.000000e+01 -1.624600e-01 -1.624600e-02
1.011111e+01 -1.638900e-01 -1.620890e-02
1.022222e+01 -1.650463e-01 -1.614583e-02
1.033333e+01 -1.659313e-01 -1.605787e-02
1.044444e+01 -1.665479e-01 -1.594608e-02
1.055556e+01 -1.668993e-01 -1.581151e-02
1.066667e+01 -1.669891e-01 -1.565523e-02
1.077778e+01 -1.668212e-01 -1.547826e-02
1.088889e+01 -1.663999e-01 -1.528163e-02
1.100000e+01 -1.657297e-01 -1.506634e-02
1.111111e+01 -1.648154e-01 -1.483339e-02
1.122222e+01 -1.636620e-01 -1.458374e-02
1.133333e+01 -1.622748e-01 -1.431837e-02
1.144444e+01 -1.606593e-01 -1.403820e-02
1.155556e+01 -1.588212e-01 -1.374414e-02
1.166667e+01 -1.567663e-01 -1.343711e-02
1.177778e+01 -1.545005e-01 -1.311797e-02
1.188889e+01 -1.520301e-01 -1.278758e-02
1.200000e+01 -1.493613e-01 -1.244677e-02
1.211111e+01 -1.465003e-01 -1.209636e-02
1.222222e+01 -1.434538e-01 -1.173713e-02
1.233333e+01 -1.402281e-01 -1.136985e-02
1.244444e+01 -1.368299e-01 -1.099526e-02
1.255556e+01 -1.332659e-01 -1.061409e-02
1.266667e+01 -1.295425e-01 -1.022704e-02
1.277778e+01 -1.256666e-01 -9.834778e-03
1.288889e+01 -1.216448e-01 -9.437961e-03
1.300000e+01 -1.174839e-01 -9.037221e-03
1.311111e+01 -1.131904e-01 -8.633169e-03
1.322222e+01 -1.087712e-01 -8.226390e-03
1.333333e+01 -1.042327e-01 -7.817452e-03
1.355556e+01 -9.482505e-02 -6.995291e-03
1.377778e+01 -8.501826e-02 -6.170680e-03
1.400000e+01 -7.486412e-02 -5.347437e-03
1.422222e+01 -6.441289e-02 -4.529031e-03
1.444444e+01 -5.371328e-02 -3.718612e-03
1.466667e+01 -4.281230e-02 -2.919020e-03
1.488889e+01 -3.175518e-02 -2.132811e-03
1.511111e+01 -2.058536e-02 -1.362267e-03
1.533333e+01 -9.344356e-03 -6.094145e-04
1.555556e+01 1.928267e-03 1.239600e-04
1.577778e+01 1.319492e-02 8.362978e-04
1.600000e+01 2.442004e-02 1.526253e-03
1.622222e+01 3.557013e-02 2.192679e-03
1.644444e+01 4.661372e-02 2.834618e-03
1.666667e+01 5.752145e-02 3.451287e-03
1.688889e+01 6.826601e-02 4.042066e-03
1.711111e+01 7.882214e-02 4.606489e-03
1.733333e+01 8.916662e-02 5.144228e-03
1.755556e+01 9.927825e-02 5.655090e-03
1.777778e+01 1.091378e-01 6.138999e-03
1.800000e+01 1.187278e-01 6.595989e-03
1.822222e+01 1.280329e-01 7.026197e-03
1.844444e+01 1.370394e-01 7.429848e-03
1.866667e+01 1.457353e-01 7.807248e-03
1.888889e+01 1.541102e-01 8.158775e-03
1.911111e+01 1.621553e-01 8.484871e-03
1.933333e+01 1.698632e-01 8.786028e-03
1.955556e+01 1.772278e-01 9.062786e-03
1.977778e+01 1.842442e-01 9.315719e-03
2.000000e+01 1.909086e-01 9.545429e-03
2.022222e+01 1.972200e-01 9.752638e-03
2.044444e+01 2.031770e-01 9.938005e-03
2.066667e+01 2.087796e-01 1.010224e-02
2.088889e+01 2.140290e-01 1.024607e-02
2.111111e+01 2.189270e-01 1.037023e-02
2.133333e+01 2.234766e-01 1.047546e-02
2.155556e+01 2.276813e-01 1.056254e-02
2.177778e+01 2.315457e-01 1.063220e-02
2.200000e+01 2.350746e-01 1.068521e-02
2.222222e+01 2.382738e-01 1.072232e-02
2.244444e+01 2.411495e-01 1.074428e-02
2.266667e+01 2.437083e-01 1.075184e-02
2.288889e+01 2.459574e-01 1.074571e-02
2.311111e+01 2.479044e-01 1.072663e-02
2.333333e+01 2.495571e-01 1.069530e-02
2.355556e+01 2.509237e-01 1.065242e-02
2.377778e+01 2.520127e-01 1.059867e-02
2.400000e+01 2.528328e-01 1.053470e-02
2.422222e+01 2.533928e-01 1.046117e-02
2.444444e+01 2.537016e-01 1.037870e-02
2.466667e+01 2.537685e-01 1.028791e-02
2.488889e+01 2.536025e-01 1.018939e-02
2.511111e+01 2.532128e-01 1.008370e-02
2.533333e+01 2.526088e-01 9.971400e-03
2.555556e+01 2.517996e-01 9.853027e-03
2.577778e+01 2.507944e-01 9.729093e-03
2.600000e+01 2.496023e-01 9.600089e-03
2.622222e+01 2.482325e-01 9.466493e-03
2.644444e+01 2.466938e-01 9.328757e-03
2.666667e+01 2.449952e-01 9.187319e-03
2.711111e+01 2.411542e-01 8.895032e-03
2.755556e+01 2.367739e-01 8.592601e-03
2.800000e+01 2.319213e-01 8.282905e-03
2.844444e+01 2.266598e-01 7.968510e-03
2.888889e+01 2.210490e-01 7.651695e-03
2.933333e+01 2.151446e-01 7.334474e-03
2.977778e+01 2.089989e-01 7.018619e-03
3.022222e+01 2.026605e-01 6.705679e-03
3.066667e+01 1.961746e-01 6.396998e-03
3.111111e+01 1.895828e-01 6.093734e-03
3.155556e+01 1.829235e-01 5.796872e-03
3.200000e+01 1.762317e-01 5.507241e-03
3.244444e+01 1.695392e-01 5.225525e-03
3.288889e+01 1.628749e-01 4.952279e-03
3.333333e+01 1.562646e-01 4.687939e-03
3.377778e+01 1.497314e-01 4.432836e-03
3.422222e+01 1.432954e-01 4.187202e-03
3.466667e+01 1.369744e-01 3.951184e-03
3.511111e+01 1.307837e-01 3.724851e-03
3.555556e+01 1.247362e-01 3.508206e-03
3.600000e+01 1.188429e-01 3.301192e-03
3.644444e+01 1.131126e-01 3.103699e-03
3.688889e+01 1.075524e-01 2.915577e-03
3.733333e+01 1.021678e-01 2.736637e-03
3.777778e+01 9.696280e-02 2.566662e-03
3.822222e+01 9.194027e-02 2.405414e-03
3.866667e+01 8.710197e-02 2.252637e-03
3.911111e+01 8.244884e-02 2.108067e-03
3.955556e+01 7.798124e-02 1.971436e-03
4.000000e+01 7.369912e-02 1.842478e-03
4.044444e+01 6.959764e-02 1.720821e-03
4.088889e+01 6.567570e-02 1.606199e-03
4.133333e+01 6.193004e-02 1.498307e-03
4.177778e+01 5.835696e-02 1.396842e-03
4.222222e+01 5.495242e-02 1.301505e-03
4.266667e+01 5.171204e-02 1.212001e-03
4.311111e+01 4.863121e-02 1.128044e-03
4.355556e+01 4.570508e-02 1.049351e-03
4.400000e+01 4.292865e-02 9.756511e-04
4.444444e+01 4.029677e-02 9.066773e-04
4.488889e+01 3.780422e-02 8.421731e-04
4.533333e+01 3.544571e-02 7.818907e-04
4.577778e+01 3.321595e-02 7.255911e-04
4.622222e+01 3.110964e-02 6.730450e-04
4.666667e+01 2.912152e-02 6.240325e-04
4.711111e+01 2.724640e-02 5.783434e-04
4.755556e+01 2.547917e-02 5.357768e-04
4.800000e+01 2.381480e-02 4.961418e-04
4.844444e+01 2.224842e-02 4.592564e-04
4.888889e+01 2.077525e-02 4.249482e-04
4.933333e+01 1.939066e-02 3.930539e-04
4.977778e+01 1.809018e-02 3.634187e-04
5.022222e+01 1.686947e-02 3.358966e-04
5.066667e+01 1.572437e-02 3.103494e-04
5.111111e+01 1.465084e-02 2.866469e-04
5.155556e+01 1.364501e-02 2.646662e-04
5.200000e+01 1.270314e-02 2.442912e-04
5.244444e+01 1.182162e-02 2.254123e-04
5.288889e+01 1.099696e-02 2.079257e-04
5.333333e+01 1.022576e-02 1.917331e-04
5.422222e+01 8.832275e-03 1.628903e-04
5.511111e+01 7.617582e-03 1.382223e-04
5.600000e+01 6.560734e-03 1.171560e-04
5.688889e+01 5.642885e-03 9.919134e-05
5.777778e+01 4.847138e-03 8.389278e-05
5.866667e+01 4.158388e-03 7.088161e-05
5.955556e+01 3.563175e-03 5.982943e-05
6.044444e+01 3.049544e-03 5.045201e-05
6.133333e+01 2.606911e-03 4.250398e-05
6.222222e+01 2.225936e-03 3.577397e-05
6.311111e+01 1.898402e-03 3.008031e-05
6.400000e+01 1.617103e-03 2.526724e-05
6.488889e+01 1.375738e-03 2.120144e-05
6.577778e+01 1.168808e-03 1.776905e-05
6.666667e+01 9.915285e-04 1.487293e-05
6.755556e+01 8.397381e-04 1.243033e-05
6.844444e+01 7.098235e-04 1.037080e-05
6.933333e+01 5.986456e-04 8.634311e-06
7.022222e+01 5.034741e-04 7.169726e-06
7.111111e+01 4.219294e-04 5.933382e-06
7.200000e+01 3.519305e-04 4.887923e-06
7.288889e+01 2.916501e-04 4.001298e-06
7.377778e+01 2.394772e-04 3.245925e-06
7.466667e+01 1.939849e-04 2.598011e-06
7.555556e+01 1.539069e-04 2.037003e-06
7.644444e+01 1.181197e-04 1.545171e-06
7.733333e+01 8.563193e-05 1.107309e-06
7.822222e+01 5.558037e-05 7.105446e-07
7.911111e+01 2.723327e-05 3.442408e-07
8.000000e+01 8.937788e-20
