# 
# Output from EIGENRAD program.
# 
# Eigenfunction for specific electronic state.
# The first column contains radius $r$ in bohr units.
# The second column holds value of eginefunction.
# 
# Use this file with gnuplot to create the plot.
#
0.000000e+00 0.000000e+00 -2.931815e-08
4.861111e-02 4.763268e-07 9.798722e-06
9.722222e-02 3.751952e-06 3.859150e-05
1.458333e-01 1.245790e-05 8.542563e-05
1.944444e-01 2.905068e-05 1.494035e-04
2.430556e-01 5.581842e-05 2.296529e-04
2.916667e-01 9.488696e-05 3.253267e-04
3.402778e-01 1.482258e-04 4.356022e-04
3.888889e-01 2.176536e-04 5.596807e-04
4.375000e-01 3.048445e-04 6.967873e-04
4.861111e-01 4.113327e-04 8.461701e-04
5.347222e-01 5.385188e-04 1.007100e-03
5.833333e-01 6.876743e-04 1.178870e-03
6.319444e-01 8.599472e-04 1.360796e-03
6.805556e-01 1.056367e-03 1.552213e-03
7.291667e-01 1.277849e-03 1.752478e-03
7.777778e-01 1.525199e-03 1.960970e-03
8.263889e-01 1.799120e-03 2.177086e-03
8.750000e-01 2.100213e-03 2.400244e-03
9.236111e-01 2.428986e-03 2.629879e-03
9.722222e-01 2.785851e-03 2.865447e-03
1.020833e+00 3.171138e-03 3.106421e-03
1.069444e+00 3.585090e-03 3.352292e-03
1.118056e+00 4.027870e-03 3.602567e-03
1.166667e+00 4.499569e-03 3.856773e-03
1.215278e+00 5.000200e-03 4.114450e-03
1.263889e+00 5.529712e-03 4.375157e-03
1.312500e+00 6.087986e-03 4.638465e-03
1.361111e+00 6.674839e-03 4.903963e-03
1.409722e+00 7.290031e-03 5.171254e-03
1.458333e+00 7.933265e-03 5.439953e-03
1.506944e+00 8.604196e-03 5.709697e-03
1.555556e+00 9.302424e-03 5.980130e-03
1.604167e+00 1.002750e-02 6.250911e-03
1.652778e+00 1.077894e-02 6.521713e-03
1.701389e+00 1.155621e-02 6.792221e-03
1.750000e+00 1.235873e-02 7.062133e-03
1.798611e+00 1.318591e-02 7.331160e-03
1.847222e+00 1.403708e-02 7.599022e-03
1.895833e+00 1.491159e-02 7.865455e-03
1.944444e+00 1.580873e-02 8.130202e-03
1.993056e+00 1.672776e-02 8.393021e-03
2.041667e+00 1.766792e-02 8.653677e-03
2.090278e+00 1.862845e-02 8.911947e-03
2.138889e+00 1.960852e-02 9.167619e-03
2.187500e+00 2.060732e-02 9.420490e-03
2.236111e+00 2.162401e-02 9.670366e-03
2.284722e+00 2.265773e-02 9.917063e-03
2.333333e+00 2.370761e-02 1.016041e-02
2.381944e+00 2.477277e-02 1.040023e-02
2.430556e+00 2.585230e-02 1.063638e-02
2.479167e+00 2.694531e-02 1.086870e-02
2.527778e+00 2.805088e-02 1.109705e-02
2.576389e+00 2.916808e-02 1.132130e-02
2.625000e+00 3.029600e-02 1.154133e-02
2.673611e+00 3.143370e-02 1.175702e-02
2.722222e+00 3.258024e-02 1.196825e-02
2.770833e+00 3.373470e-02 1.217493e-02
2.819444e+00 3.489613e-02 1.237695e-02
2.868056e+00 3.606359e-02 1.257423e-02
2.916667e+00 3.723616e-02 1.276668e-02
3.013889e+00 3.959283e-02 1.313679e-02
3.111111e+00 4.195881e-02 1.348676e-02
3.208333e+00 4.432673e-02 1.381612e-02
3.305556e+00 4.668933e-02 1.412450e-02
3.402778e+00 4.903950e-02 1.441161e-02
3.500000e+00 5.137030e-02 1.467723e-02
3.597222e+00 5.367495e-02 1.492122e-02
3.694444e+00 5.594687e-02 1.514351e-02
3.791667e+00 5.817969e-02 1.534409e-02
3.888889e+00 6.036725e-02 1.552301e-02
3.986111e+00 6.250361e-02 1.568035e-02
4.083333e+00 6.458309e-02 1.581627e-02
4.180556e+00 6.660022e-02 1.593095e-02
4.277778e+00 6.854983e-02 1.602464e-02
4.375000e+00 7.042698e-02 1.609760e-02
4.472222e+00 7.222700e-02 1.615014e-02
4.569444e+00 7.394549e-02 1.618260e-02
4.666667e+00 7.557834e-02 1.619536e-02
4.763889e+00 7.712170e-02 1.618881e-02
4.861111e+00 7.857201e-02 1.616339e-02
4.958333e+00 7.992598e-02 1.611953e-02
5.055556e+00 8.118060e-02 1.605770e-02
5.152778e+00 8.233312e-02 1.597840e-02
5.250000e+00 8.338110e-02 1.588211e-02
5.347222e+00 8.432233e-02 1.576937e-02
5.444444e+00 8.515488e-02 1.564069e-02
5.541667e+00 8.587707e-02 1.549661e-02
5.638889e+00 8.648747e-02 1.533768e-02
5.736111e+00 8.698490e-02 1.516444e-02
5.833333e+00 8.736839e-02 1.497744e-02
5.930556e+00 8.763735e-02 1.477726e-02
6.027778e+00 8.779130e-02 1.456446e-02
6.125000e+00 8.783003e-02 1.433960e-02
6.222222e+00 8.775352e-02 1.410324e-02
6.319444e+00 8.756200e-02 1.385597e-02
6.416667e+00 8.725590e-02 1.359832e-02
6.513889e+00 8.683584e-02 1.333088e-02
6.611111e+00 8.630265e-02 1.305418e-02
6.708333e+00 8.565734e-02 1.276880e-02
6.805556e+00 8.490110e-02 1.247526e-02
6.902778e+00 8.403529e-02 1.217413e-02
7.000000e+00 8.306143e-02 1.186592e-02
7.097222e+00 8.198122e-02 1.155117e-02
7.194444e+00 8.079649e-02 1.123040e-02
7.291667e+00 7.950920e-02 1.090412e-02
7.388889e+00 7.812148e-02 1.057283e-02
7.486111e+00 7.663555e-02 1.023703e-02
7.583333e+00 7.505378e-02 9.897202e-03
7.680556e+00 7.337865e-02 9.553820e-03
7.777778e+00 7.161272e-02 9.207350e-03
7.875000e+00 6.975868e-02 8.858245e-03
7.972222e+00 6.781930e-02 8.506951e-03
8.069444e+00 6.579743e-02 8.153898e-03
8.166667e+00 6.369600e-02 7.799511e-03
8.263889e+00 6.151803e-02 7.444199e-03
8.361111e+00 5.926658e-02 7.088361e-03
8.458333e+00 5.694477e-02 6.732386e-03
8.555556e+00 5.455579e-02 6.376650e-03
8.652778e+00 5.210285e-02 6.021517e-03
8.750000e+00 4.958923e-02 5.667340e-03
8.847222e+00 4.701823e-02 5.314462e-03
8.944444e+00 4.439317e-02 4.963212e-03
9.041667e+00 4.171742e-02 4.613908e-03
9.138889e+00 3.899434e-02 4.266858e-03
9.236111e+00 3.622731e-02 3.922356e-03
9.333333e+00 3.341974e-02 3.580686e-03
9.430556e+00 3.057500e-02 3.242121e-03
9.527778e+00 2.769650e-02 2.906921e-03
9.625000e+00 2.478762e-02 2.575337e-03
9.722222e+00 2.185174e-02 2.247607e-03
9.819444e+00 1.889221e-02 1.923959e-03
9.916667e+00 1.591238e-02 1.604610e-03
1.001389e+01 1.291557e-02 1.289766e-03
1.011111e+01 9.905074e-03 9.796227e-04
1.020833e+01 6.884148e-03 6.743656e-04
1.030556e+01 3.856026e-03 3.741696e-04
1.040278e+01 8.238977e-04 7.919977e-05
1.050000e+01 -2.209083e-03 -2.103888e-04
1.059722e+01 -5.239806e-03 -4.944509e-04
1.069444e+01 -8.265207e-03 -7.728506e-04
1.079167e+01 -1.128227e-02 -1.045461e-03
1.088889e+01 -1.428803e-02 -1.312166e-03
1.098611e+01 -1.727958e-02 -1.572857e-03
1.108333e+01 -2.025405e-02 -1.827433e-03
1.118056e+01 -2.320865e-02 -2.075805e-03
1.127778e+01 -2.614064e-02 -2.317889e-03
1.137500e+01 -2.904733e-02 -2.553612e-03
1.147222e+01 -3.192612e-02 -2.782906e-03
1.156944e+01 -3.477444e-02 -3.005714e-03
1.166667e+01 -3.758980e-02 -3.221983e-03
1.186111e+01 -4.311194e-02 -3.634730e-03
1.205556e+01 -4.847432e-02 -4.020911e-03
1.225000e+01 -5.365937e-02 -4.380357e-03
1.244444e+01 -5.865073e-02 -4.713005e-03
1.263889e+01 -6.343326e-02 -5.018895e-03
1.283333e+01 -6.799301e-02 -5.298156e-03
1.302778e+01 -7.231723e-02 -5.551003e-03
1.322222e+01 -7.639440e-02 -5.777728e-03
1.341667e+01 -8.021413e-02 -5.978693e-03
1.361111e+01 -8.376721e-02 -6.154326e-03
1.380556e+01 -8.704561e-02 -6.305115e-03
1.400000e+01 -9.004239e-02 -6.431599e-03
1.419444e+01 -9.275174e-02 -6.534369e-03
1.438889e+01 -9.516894e-02 -6.614058e-03
1.458333e+01 -9.729034e-02 -6.671337e-03
1.477778e+01 -9.911330e-02 -6.706915e-03
1.497222e+01 -1.006362e-01 -6.721528e-03
1.516667e+01 -1.018584e-01 -6.715941e-03
1.536111e+01 -1.027803e-01 -6.690941e-03
1.555556e+01 -1.034030e-01 -6.647334e-03
1.575000e+01 -1.037286e-01 -6.585942e-03
1.594444e+01 -1.037600e-01 -6.507597e-03
1.613889e+01 -1.035010e-01 -6.413143e-03
1.633333e+01 -1.029560e-01 -6.303427e-03
1.652778e+01 -1.021301e-01 -6.179298e-03
1.672222e+01 -1.010291e-01 -6.041606e-03
1.691667e+01 -9.965941e-02 -5.891197e-03
1.711111e+01 -9.802801e-02 -5.728909e-03
1.730556e+01 -9.614228e-02 -5.555573e-03
1.750000e+01 -9.401011e-02 -5.372006e-03
1.769444e+01 -9.164025e-02 -5.179041e-03
1.788889e+01 -8.904145e-02 -4.977472e-03
1.808333e+01 -8.622292e-02 -4.768088e-03
1.827778e+01 -8.319423e-02 -4.551660e-03
1.847222e+01 -7.996525e-02 -4.328946e-03
1.866667e+01 -7.654609e-02 -4.100683e-03
1.886111e+01 -7.294709e-02 -3.867592e-03
1.905556e+01 -6.917877e-02 -3.630373e-03
1.925000e+01 -6.525182e-02 -3.389705e-03
1.944444e+01 -6.117703e-02 -3.146247e-03
1.963889e+01 -5.696529e-02 -2.900637e-03
1.983333e+01 -5.262755e-02 -2.653490e-03
2.002778e+01 -4.817479e-02 -2.405399e-03
2.022222e+01 -4.361797e-02 -2.156932e-03
2.041667e+01 -3.896805e-02 -1.908639e-03
2.061111e+01 -3.423593e-02 -1.661042e-03
2.080556e+01 -2.943244e-02 -1.414643e-03
2.100000e+01 -2.456830e-02 -1.169919e-03
2.119444e+01 -1.965412e-02 -9.273241e-04
2.138889e+01 -1.470037e-02 -6.872902e-04
2.158333e+01 -9.717372e-03 -4.502257e-04
2.177778e+01 -4.715248e-03 -2.165165e-04
2.197222e+01 2.960573e-04 1.347416e-05
2.216667e+01 5.306812e-03 2.394051e-04
2.236111e+01 1.030751e-02 4.609568e-04
2.255556e+01 1.528887e-02 6.778316e-04
2.275000e+01 2.024187e-02 8.897526e-04
2.294444e+01 2.515775e-02 1.096464e-03
2.313889e+01 3.002800e-02 1.297729e-03
2.333333e+01 3.484440e-02 1.493331e-03
2.372222e+01 4.428300e-02 1.866731e-03
2.411111e+01 5.341668e-02 2.215438e-03
2.450000e+01 6.218891e-02 2.538323e-03
2.488889e+01 7.054878e-02 2.834549e-03
2.527778e+01 7.845086e-02 3.103551e-03
2.566667e+01 8.585504e-02 3.345002e-03
2.605556e+01 9.272641e-02 3.558796e-03
2.644444e+01 9.903505e-02 3.745023e-03
2.683333e+01 1.047559e-01 3.903947e-03
2.722222e+01 1.098687e-01 4.035992e-03
2.761111e+01 1.143574e-01 4.141718e-03
2.800000e+01 1.182107e-01 4.221812e-03
2.838889e+01 1.214211e-01 4.277065e-03
2.877778e+01 1.239852e-01 4.308366e-03
2.916667e+01 1.259032e-01 4.316682e-03
2.955556e+01 1.271790e-01 4.303050e-03
2.994444e+01 1.278198e-01 4.268564e-03
3.033333e+01 1.278357e-01 4.214363e-03
3.072222e+01 1.272399e-01 4.141623e-03
3.111111e+01 1.260480e-01 4.051544e-03
3.150000e+01 1.242783e-01 3.945343e-03
3.188889e+01 1.219510e-01 3.824248e-03
3.227778e+01 1.190883e-01 3.689483e-03
3.266667e+01 1.157140e-01 3.542265e-03
3.305556e+01 1.118532e-01 3.383795e-03
3.344444e+01 1.075323e-01 3.215253e-03
3.383333e+01 1.027784e-01 3.037786e-03
3.422222e+01 9.761910e-02 2.852506e-03
3.461111e+01 9.208229e-02 2.660484e-03
3.500000e+01 8.619583e-02 2.462738e-03
3.538889e+01 7.999168e-02 2.260362e-03
3.577778e+01 7.349754e-02 2.054279e-03
3.616667e+01 6.674280e-02 1.845423e-03
3.655556e+01 5.975658e-02 1.634678e-03
3.694444e+01 5.256758e-02 1.422882e-03
3.733333e+01 4.520402e-02 1.210822e-03
3.772222e+01 3.769359e-02 9.992408e-04
3.811111e+01 3.006327e-02 7.888321e-04
3.850000e+01 2.233936e-02 5.802432e-04
3.888889e+01 1.454737e-02 3.740753e-04
3.927778e+01 6.711949e-03 1.708841e-04
3.966667e+01 -1.143162e-03 -2.881922e-05
4.005556e+01 -8.995162e-03 -2.245671e-04
4.044444e+01 -1.682225e-02 -4.159346e-04
4.083333e+01 -2.460364e-02 -6.025380e-04
4.122222e+01 -3.231962e-02 -7.840338e-04
4.161111e+01 -3.995155e-02 -9.601173e-04
4.200000e+01 -4.748189e-02 -1.130521e-03
4.238889e+01 -5.489422e-02 -1.295014e-03
4.277778e+01 -6.217320e-02 -1.453399e-03
4.316667e+01 -6.930462e-02 -1.605512e-03
4.355556e+01 -7.627538e-02 -1.751221e-03
4.394444e+01 -8.307345e-02 -1.890420e-03
4.433333e+01 -8.968788e-02 -2.023035e-03
4.472222e+01 -9.610874e-02 -2.149015e-03
4.511111e+01 -1.023271e-01 -2.268335e-03
4.550000e+01 -1.083351e-01 -2.380990e-03
4.588889e+01 -1.141255e-01 -2.486997e-03
4.627778e+01 -1.196924e-01 -2.586390e-03
4.666667e+01 -1.250302e-01 -2.679219e-03
4.705556e+01 -1.301353e-01 -2.765567e-03
4.744444e+01 -1.350040e-01 -2.845517e-03
4.783333e+01 -1.396336e-01 -2.919170e-03
4.822222e+01 -1.440223e-01 -2.986638e-03
4.861111e+01 -1.481690e-01 -3.048047e-03
4.900000e+01 -1.520730e-01 -3.103531e-03
4.938889e+01 -1.557348e-01 -3.153235e-03
4.977778e+01 -1.591549e-01 -3.197309e-03
5.016667e+01 -1.623350e-01 -3.235913e-03
5.055556e+01 -1.652768e-01 -3.269211e-03
5.094444e+01 -1.679828e-01 -3.297372e-03
5.133333e+01 -1.704559e-01 -3.320570e-03
5.172222e+01 -1.726995e-01 -3.338980e-03
5.211111e+01 -1.747172e-01 -3.352783e-03
5.250000e+01 -1.765133e-01 -3.362157e-03
5.288889e+01 -1.780920e-01 -3.367286e-03
5.327778e+01 -1.794582e-01 -3.368350e-03
5.366667e+01 -1.806168e-01 -3.365531e-03
5.405556e+01 -1.815732e-01 -3.359011e-03
5.444444e+01 -1.823327e-01 -3.348968e-03
5.483333e+01 -1.829011e-01 -3.335582e-03
5.522222e+01 -1.832841e-01 -3.319028e-03
5.561111e+01 -1.834878e-01 -3.299480e-03
5.600000e+01 -1.835181e-01 -3.277109e-03
5.638889e+01 -1.833813e-01 -3.252082e-03
5.677778e+01 -1.830835e-01 -3.224563e-03
5.716667e+01 -1.826311e-01 -3.194713e-03
5.755556e+01 -1.820303e-01 -3.162689e-03
5.794444e+01 -1.812875e-01 -3.128643e-03
5.833333e+01 -1.804089e-01 -3.092723e-03
5.872222e+01 -1.794008e-01 -3.055075e-03
5.911111e+01 -1.782695e-01 -3.015838e-03
5.950000e+01 -1.770213e-01 -2.975147e-03
5.988889e+01 -1.756621e-01 -2.933134e-03
6.027778e+01 -1.741982e-01 -2.889924e-03
6.066667e+01 -1.726355e-01 -2.845639e-03
6.105556e+01 -1.709798e-01 -2.800397e-03
6.144444e+01 -1.692370e-01 -2.754309e-03
6.183333e+01 -1.674127e-01 -2.707483e-03
6.222222e+01 -1.655125e-01 -2.660023e-03
6.261111e+01 -1.635418e-01 -2.612026e-03
6.300000e+01 -1.615060e-01 -2.563587e-03
6.338889e+01 -1.594101e-01 -2.514795e-03
6.377778e+01 -1.572592e-01 -2.465737e-03
6.416667e+01 -1.550582e-01 -2.416492e-03
6.455556e+01 -1.528119e-01 -2.367138e-03
6.494444e+01 -1.505248e-01 -2.317747e-03
6.533333e+01 -1.482014e-01 -2.268389e-03
6.572222e+01 -1.458459e-01 -2.219127e-03
6.611111e+01 -1.434626e-01 -2.170022e-03
6.650000e+01 -1.410553e-01 -2.121133e-03
6.688889e+01 -1.386280e-01 -2.072511e-03
6.727778e+01 -1.361843e-01 -2.024209e-03
6.766667e+01 -1.337276e-01 -1.976271e-03
6.805556e+01 -1.312616e-01 -1.928741e-03
6.844444e+01 -1.287892e-01 -1.881660e-03
6.883333e+01 -1.263137e-01 -1.835065e-03
6.922222e+01 -1.238379e-01 -1.788990e-03
6.961111e+01 -1.213647e-01 -1.743467e-03
7.000000e+01 -1.188967e-01 -1.698525e-03
7.077778e+01 -1.139864e-01 -1.610483e-03
7.155556e+01 -1.091254e-01 -1.525044e-03
7.233333e+01 -1.043300e-01 -1.442351e-03
7.311111e+01 -9.961507e-02 -1.362516e-03
7.388889e+01 -9.499309e-02 -1.285621e-03
7.466667e+01 -9.047496e-02 -1.211718e-03
7.544444e+01 -8.606993e-02 -1.140839e-03
7.622222e+01 -8.178570e-02 -1.072990e-03
7.700000e+01 -7.762857e-02 -1.008163e-03
7.777778e+01 -7.360355e-02 -9.463313e-04
7.855556e+01 -6.971444e-02 -8.874540e-04
7.933333e+01 -6.596400e-02 -8.314790e-04
8.011111e+01 -6.235397e-02 -7.783436e-04
8.088889e+01 -5.888522e-02 -7.279766e-04
8.166667e+01 -5.555782e-02 -6.802998e-04
8.244444e+01 -5.237112e-02 -6.352292e-04
8.322222e+01 -4.932384e-02 -5.926763e-04
8.400000e+01 -4.641415e-02 -5.525494e-04
8.477778e+01 -4.363975e-02 -5.147545e-04
8.555556e+01 -4.099788e-02 -4.791960e-04
8.633333e+01 -3.848549e-02 -4.457778e-04
8.711111e+01 -3.609917e-02 -4.144038e-04
8.788889e+01 -3.383533e-02 -3.849784e-04
8.866667e+01 -3.169014e-02 -3.574076e-04
8.944444e+01 -2.965965e-02 -3.315986e-04
9.022222e+01 -2.773980e-02 -3.074608e-04
9.100000e+01 -2.592645e-02 -2.849061e-04
9.177778e+01 -2.421544e-02 -2.638486e-04
9.255556e+01 -2.260257e-02 -2.442054e-04
9.333333e+01 -2.108367e-02 -2.258964e-04
9.488889e+01 -1.830968e-02 -1.929592e-04
9.644444e+01 -1.586434e-02 -1.644920e-04
9.800000e+01 -1.371457e-02 -1.399446e-04
9.955556e+01 -1.182983e-02 -1.188264e-04
1.011111e+02 -1.018198e-02 -1.007009e-04
1.026667e+02 -8.745199e-03 -8.518051e-05
1.042222e+02 -7.495850e-03 -7.192180e-05
1.057778e+02 -6.412366e-03 -6.062110e-05
1.073333e+02 -5.475143e-03 -5.101065e-05
1.088889e+02 -4.666428e-03 -4.285495e-05
1.104444e+02 -3.970210e-03 -3.594758e-05
1.120000e+02 -3.372108e-03 -3.010811e-05
1.135556e+02 -2.859266e-03 -2.517945e-05
1.151111e+02 -2.420244e-03 -2.102528e-05
1.166667e+02 -2.044915e-03 -1.752784e-05
1.182222e+02 -1.724358e-03 -1.458574e-05
1.197778e+02 -1.450758e-03 -1.211208e-05
1.213333e+02 -1.217298e-03 -1.003268e-05
1.228889e+02 -1.018066e-03 -8.284439e-06
1.244444e+02 -8.479446e-04 -6.813841e-06
1.260000e+02 -7.025225e-04 -5.575575e-06
1.275556e+02 -5.779892e-04 -4.531274e-06
1.291111e+02 -4.710414e-04 -3.648341e-06
1.306667e+02 -3.787866e-04 -2.898877e-06
1.322222e+02 -2.986487e-04 -2.258688e-06
1.337778e+02 -2.282743e-04 -1.706369e-06
1.353333e+02 -1.654404e-04 -1.222466e-06
1.368889e+02 -1.079633e-04 -7.886927e-07
1.384444e+02 -5.360811e-05 -3.872175e-07
1.400000e+02 0.000000e+00
