# 
# Output from EIGENRAD program.
# 
# Eigenfunction for specific electronic state.
# The first column contains radius $r$ in bohr units.
# The second column holds value of eginefunction.
# 
# Use this file with gnuplot to create the plot.
#
0.000000e+00 0.000000e+00 3.974884e-06
2.500000e-01 7.069561e-08 2.827824e-07
5.000000e-01 -7.184701e-07 -1.436940e-06
7.500000e-01 -1.826668e-06 -2.435557e-06
1.000000e+00 -3.894657e-06 -3.894657e-06
1.250000e+00 -8.657512e-06 -6.926010e-06
1.500000e+00 -1.885715e-05 -1.257143e-05
1.750000e+00 -3.815465e-05 -2.180266e-05
2.000000e+00 -7.104238e-05 -3.552119e-05
2.250000e+00 -1.227559e-04 -5.455820e-05
2.500000e+00 -1.991859e-04 -7.967435e-05
2.750000e+00 -3.067892e-04 -1.115597e-04
3.000000e+00 -4.525006e-04 -1.508335e-04
3.250000e+00 -6.436440e-04 -1.980443e-04
3.500000e+00 -8.878427e-04 -2.536693e-04
3.750000e+00 -1.192931e-03 -3.181149e-04
4.000000e+00 -1.566864e-03 -3.917160e-04
4.250000e+00 -2.017628e-03 -4.747361e-04
4.500000e+00 -2.553152e-03 -5.673672e-04
4.750000e+00 -3.181216e-03 -6.697296e-04
5.000000e+00 -3.909359e-03 -7.818717e-04
5.250000e+00 -4.744793e-03 -9.037701e-04
5.500000e+00 -5.694310e-03 -1.035329e-03
5.750000e+00 -6.764191e-03 -1.176381e-03
6.000000e+00 -7.960115e-03 -1.326686e-03
6.250000e+00 -9.287066e-03 -1.485931e-03
6.500000e+00 -1.074925e-02 -1.653730e-03
6.750000e+00 -1.234998e-02 -1.829627e-03
7.000000e+00 -1.409162e-02 -2.013089e-03
7.250000e+00 -1.597547e-02 -2.203513e-03
7.500000e+00 -1.800167e-02 -2.400222e-03
7.750000e+00 -2.017450e-02 -2.603161e-03
8.000000e+00 -2.249200e-02 -2.811500e-03
8.250000e+00 -2.495348e-02 -3.024664e-03
8.500000e+00 -2.755752e-02 -3.242061e-03
8.750000e+00 -3.030197e-02 -3.463083e-03
9.000000e+00 -3.318403e-02 -3.687114e-03
9.250000e+00 -3.620024e-02 -3.913539e-03
9.500000e+00 -3.934659e-02 -4.141746e-03
9.750000e+00 -4.261850e-02 -4.371128e-03
1.000000e+01 -4.601091e-02 -4.601091e-03
1.025000e+01 -4.951828e-02 -4.831052e-03
1.050000e+01 -5.313465e-02 -5.060443e-03
1.075000e+01 -5.685367e-02 -5.288713e-03
1.100000e+01 -6.066865e-02 -5.515332e-03
1.125000e+01 -6.457260e-02 -5.739787e-03
1.150000e+01 -6.855825e-02 -5.961587e-03
1.175000e+01 -7.261809e-02 -6.180263e-03
1.200000e+01 -7.674444e-02 -6.395370e-03
1.225000e+01 -8.092943e-02 -6.606484e-03
1.250000e+01 -8.516509e-02 -6.813208e-03
1.275000e+01 -8.944336e-02 -7.015165e-03
1.300000e+01 -9.375611e-02 -7.212008e-03
1.325000e+01 -9.809521e-02 -7.403412e-03
1.350000e+01 -1.024525e-01 -7.589077e-03
1.375000e+01 -1.068200e-01 -7.768729e-03
1.400000e+01 -1.111897e-01 -7.942120e-03
1.425000e+01 -1.155536e-01 -8.109027e-03
1.450000e+01 -1.199042e-01 -8.269252e-03
1.475000e+01 -1.242337e-01 -8.422625e-03
1.500000e+01 -1.285350e-01 -8.568997e-03
1.525000e+01 -1.328004e-01 -8.708223e-03
1.550000e+01 -1.370232e-01 -8.840204e-03
1.575000e+01 -1.411964e-01 -8.964851e-03
1.600000e+01 -1.453135e-01 -9.082097e-03
1.625000e+01 -1.493683e-01 -9.191893e-03
1.650000e+01 -1.533545e-01 -9.294211e-03
1.675000e+01 -1.572664e-01 -9.389041e-03
1.700000e+01 -1.610986e-01 -9.476389e-03
1.725000e+01 -1.648458e-01 -9.556279e-03
1.750000e+01 -1.685031e-01 -9.628748e-03
1.775000e+01 -1.720658e-01 -9.693851e-03
1.800000e+01 -1.755297e-01 -9.751652e-03
1.825000e+01 -1.788907e-01 -9.802231e-03
1.850000e+01 -1.821451e-01 -9.845680e-03
1.875000e+01 -1.852894e-01 -9.882099e-03
1.900000e+01 -1.883204e-01 -9.911602e-03
1.925000e+01 -1.912355e-01 -9.934310e-03
1.950000e+01 -1.940319e-01 -9.950353e-03
1.975000e+01 -1.967075e-01 -9.959872e-03
2.000000e+01 -1.992602e-01 -9.963010e-03
2.025000e+01 -2.016884e-01 -9.959922e-03
2.050000e+01 -2.039907e-01 -9.950766e-03
2.075000e+01 -2.061659e-01 -9.935705e-03
2.100000e+01 -2.082131e-01 -9.914908e-03
2.125000e+01 -2.101316e-01 -9.888548e-03
2.150000e+01 -2.119212e-01 -9.856800e-03
2.175000e+01 -2.135815e-01 -9.819841e-03
2.200000e+01 -2.151127e-01 -9.777852e-03
2.225000e+01 -2.165151e-01 -9.731014e-03
2.250000e+01 -2.177890e-01 -9.679509e-03
2.275000e+01 -2.189352e-01 -9.623524e-03
2.300000e+01 -2.199546e-01 -9.563242e-03
2.325000e+01 -2.208482e-01 -9.498848e-03
2.350000e+01 -2.216173e-01 -9.430524e-03
2.375000e+01 -2.222633e-01 -9.358454e-03
2.400000e+01 -2.227877e-01 -9.282819e-03
2.425000e+01 -2.231922e-01 -9.203800e-03
2.450000e+01 -2.234786e-01 -9.121575e-03
2.475000e+01 -2.236489e-01 -9.036319e-03
2.500000e+01 -2.237052e-01 -8.948208e-03
2.525000e+01 -2.236496e-01 -8.857411e-03
2.550000e+01 -2.234845e-01 -8.764099e-03
2.575000e+01 -2.232122e-01 -8.668437e-03
2.600000e+01 -2.228352e-01 -8.570586e-03
2.625000e+01 -2.223560e-01 -8.470707e-03
2.650000e+01 -2.217773e-01 -8.368954e-03
2.675000e+01 -2.211016e-01 -8.265481e-03
2.700000e+01 -2.203317e-01 -8.160435e-03
2.725000e+01 -2.194705e-01 -8.053962e-03
2.750000e+01 -2.185205e-01 -7.946201e-03
2.775000e+01 -2.174848e-01 -7.837292e-03
2.800000e+01 -2.163662e-01 -7.727366e-03
2.825000e+01 -2.151676e-01 -7.616552e-03
2.850000e+01 -2.138918e-01 -7.504976e-03
2.875000e+01 -2.125418e-01 -7.392759e-03
2.900000e+01 -2.111205e-01 -7.280018e-03
2.925000e+01 -2.096308e-01 -7.166865e-03
2.950000e+01 -2.080756e-01 -7.053409e-03
2.975000e+01 -2.064577e-01 -6.939755e-03
3.000000e+01 -2.047801e-01 -6.826004e-03
3.025000e+01 -2.030457e-01 -6.712253e-03
3.050000e+01 -2.012571e-01 -6.598595e-03
3.075000e+01 -1.994174e-01 -6.485118e-03
3.100000e+01 -1.975291e-01 -6.371907e-03
3.125000e+01 -1.955951e-01 -6.259044e-03
3.150000e+01 -1.936181e-01 -6.146607e-03
3.175000e+01 -1.916007e-01 -6.034668e-03
3.200000e+01 -1.895456e-01 -5.923299e-03
3.225000e+01 -1.874553e-01 -5.812566e-03
3.250000e+01 -1.853323e-01 -5.702532e-03
3.275000e+01 -1.831792e-01 -5.593258e-03
3.300000e+01 -1.809983e-01 -5.484798e-03
3.325000e+01 -1.787921e-01 -5.377207e-03
3.350000e+01 -1.765629e-01 -5.270534e-03
3.375000e+01 -1.743129e-01 -5.164827e-03
3.400000e+01 -1.720444e-01 -5.060129e-03
3.425000e+01 -1.697595e-01 -4.956482e-03
3.450000e+01 -1.674603e-01 -4.853923e-03
3.475000e+01 -1.651490e-01 -4.752488e-03
3.500000e+01 -1.628273e-01 -4.652209e-03
3.525000e+01 -1.604974e-01 -4.553117e-03
3.550000e+01 -1.581610e-01 -4.455239e-03
3.575000e+01 -1.558200e-01 -4.358601e-03
3.600000e+01 -1.534761e-01 -4.263224e-03
3.625000e+01 -1.511310e-01 -4.169131e-03
3.650000e+01 -1.487863e-01 -4.076338e-03
3.675000e+01 -1.464437e-01 -3.984863e-03
3.700000e+01 -1.441046e-01 -3.894719e-03
3.725000e+01 -1.417705e-01 -3.805920e-03
3.750000e+01 -1.394428e-01 -3.718475e-03
3.775000e+01 -1.371229e-01 -3.632394e-03
3.800000e+01 -1.348119e-01 -3.547683e-03
3.825000e+01 -1.325113e-01 -3.464347e-03
3.850000e+01 -1.302221e-01 -3.382391e-03
3.875000e+01 -1.279454e-01 -3.301817e-03
3.900000e+01 -1.256824e-01 -3.222626e-03
3.925000e+01 -1.234341e-01 -3.144817e-03
3.950000e+01 -1.212014e-01 -3.068389e-03
3.975000e+01 -1.189852e-01 -2.993339e-03
4.000000e+01 -1.167865e-01 -2.919662e-03
4.025000e+01 -1.146060e-01 -2.847354e-03
4.050000e+01 -1.124445e-01 -2.776408e-03
4.075000e+01 -1.103028e-01 -2.706817e-03
4.100000e+01 -1.081815e-01 -2.638573e-03
4.125000e+01 -1.060813e-01 -2.571667e-03
4.150000e+01 -1.040027e-01 -2.506090e-03
4.175000e+01 -1.019464e-01 -2.441830e-03
4.200000e+01 -9.991283e-02 -2.378877e-03
4.225000e+01 -9.790247e-02 -2.317218e-03
4.250000e+01 -9.591576e-02 -2.256842e-03
4.275000e+01 -9.395312e-02 -2.197734e-03
4.300000e+01 -9.201490e-02 -2.139881e-03
4.325000e+01 -9.010144e-02 -2.083270e-03
4.350000e+01 -8.821303e-02 -2.027886e-03
4.375000e+01 -8.634994e-02 -1.973713e-03
4.400000e+01 -8.451239e-02 -1.920736e-03
4.425000e+01 -8.270060e-02 -1.868940e-03
4.450000e+01 -8.091473e-02 -1.818309e-03
4.475000e+01 -7.915494e-02 -1.768825e-03
4.500000e+01 -7.742134e-02 -1.720474e-03
4.550000e+01 -7.403303e-02 -1.627100e-03
4.600000e+01 -7.075030e-02 -1.538050e-03
4.650000e+01 -6.757321e-02 -1.453187e-03
4.700000e+01 -6.450149e-02 -1.372372e-03
4.750000e+01 -6.153456e-02 -1.295464e-03
4.800000e+01 -5.867158e-02 -1.222325e-03
4.850000e+01 -5.591145e-02 -1.152813e-03
4.900000e+01 -5.325286e-02 -1.086793e-03
4.950000e+01 -5.069428e-02 -1.024127e-03
5.000000e+01 -4.823402e-02 -9.646803e-04
5.050000e+01 -4.587022e-02 -9.083211e-04
5.100000e+01 -4.360088e-02 -8.549193e-04
5.150000e+01 -4.142392e-02 -8.043479e-04
5.200000e+01 -3.933710e-02 -7.564828e-04
5.250000e+01 -3.733816e-02 -7.112030e-04
5.300000e+01 -3.542472e-02 -6.683910e-04
5.350000e+01 -3.359439e-02 -6.279324e-04
5.400000e+01 -3.184471e-02 -5.897168e-04
5.450000e+01 -3.017321e-02 -5.536369e-04
5.500000e+01 -2.857742e-02 -5.195894e-04
5.550000e+01 -2.705483e-02 -4.874745e-04
5.600000e+01 -2.560297e-02 -4.571960e-04
5.650000e+01 -2.421937e-02 -4.286614e-04
5.700000e+01 -2.290157e-02 -4.017818e-04
5.750000e+01 -2.164714e-02 -3.764720e-04
5.800000e+01 -2.045370e-02 -3.526500e-04
5.850000e+01 -1.931889e-02 -3.302374e-04
5.900000e+01 -1.824038e-02 -3.091590e-04
5.950000e+01 -1.721589e-02 -2.893427e-04
6.000000e+01 -1.624317e-02 -2.707196e-04
6.050000e+01 -1.532011e-02 -2.532250e-04
6.100000e+01 -1.444458e-02 -2.367964e-04
6.150000e+01 -1.361451e-02 -2.213741e-04
6.200000e+01 -1.282790e-02 -2.069016e-04
6.250000e+01 -1.208281e-02 -1.933249e-04
6.300000e+01 -1.137735e-02 -1.805928e-04
6.350000e+01 -1.070970e-02 -1.686567e-04
6.400000e+01 -1.007811e-02 -1.574704e-04
6.450000e+01 -9.480865e-03 -1.469901e-04
6.500000e+01 -8.916338e-03 -1.371744e-04
6.550000e+01 -8.382946e-03 -1.279839e-04
6.600000e+01 -7.879169e-03 -1.193813e-04
6.650000e+01 -7.403543e-03 -1.113315e-04
6.700000e+01 -6.954664e-03 -1.038010e-04
6.750000e+01 -6.531183e-03 -9.675827e-05
6.800000e+01 -6.131806e-03 -9.017362e-05
6.850000e+01 -5.755295e-03 -8.401890e-05
6.900000e+01 -5.400462e-03 -7.826756e-05
6.950000e+01 -5.066174e-03 -7.289458e-05
7.000000e+01 -4.751346e-03 -6.787637e-05
7.050000e+01 -4.454944e-03 -6.319069e-05
7.100000e+01 -4.175981e-03 -5.881663e-05
7.150000e+01 -3.913515e-03 -5.473447e-05
7.200000e+01 -3.666650e-03 -5.092569e-05
7.250000e+01 -3.434530e-03 -4.737283e-05
7.300000e+01 -3.216343e-03 -4.405949e-05
7.350000e+01 -3.011313e-03 -4.097025e-05
7.400000e+01 -2.818703e-03 -3.809058e-05
7.450000e+01 -2.637807e-03 -3.540681e-05
7.500000e+01 -2.467957e-03 -3.290609e-05
7.550000e+01 -2.308536e-03 -3.057663e-05
7.600000e+01 -2.158939e-03 -2.840709e-05
7.650000e+01 -2.018599e-03 -2.638691e-05
7.700000e+01 -1.886979e-03 -2.450622e-05
7.750000e+01 -1.763569e-03 -2.275573e-05
7.800000e+01 -1.647887e-03 -2.112676e-05
7.850000e+01 -1.539477e-03 -1.961118e-05
7.900000e+01 -1.437908e-03 -1.820137e-05
7.950000e+01 -1.342771e-03 -1.689020e-05
8.000000e+01 -1.253680e-03 -1.567100e-05
8.050000e+01 -1.170272e-03 -1.453754e-05
8.100000e+01 -1.092202e-03 -1.348398e-05
8.150000e+01 -1.019147e-03 -1.250487e-05
8.200000e+01 -9.507982e-04 -1.159510e-05
8.250000e+01 -8.868686e-04 -1.074992e-05
8.300000e+01 -8.270855e-04 -9.964886e-06
8.350000e+01 -7.711924e-04 -9.235838e-06
8.400000e+01 -7.189477e-04 -8.558901e-06
8.450000e+01 -6.701236e-04 -7.930456e-06
8.500000e+01 -6.245059e-04 -7.347128e-06
8.550000e+01 -5.818930e-04 -6.805766e-06
8.600000e+01 -5.420952e-04 -6.303433e-06
8.650000e+01 -5.049340e-04 -5.837387e-06
8.700000e+01 -4.702416e-04 -5.405076e-06
8.750000e+01 -4.378605e-04 -5.004120e-06
8.800000e+01 -4.076424e-04 -4.632300e-06
8.850000e+01 -3.794483e-04 -4.287552e-06
8.900000e+01 -3.531478e-04 -3.967952e-06
8.950000e+01 -3.286184e-04 -3.671714e-06
9.000000e+01 -3.057456e-04 -3.397174e-06
9.100000e+01 -2.645627e-04 -2.907282e-06
9.200000e+01 -2.287639e-04 -2.486564e-06
9.300000e+01 -1.976823e-04 -2.125617e-06
9.400000e+01 -1.707246e-04 -1.816220e-06
9.500000e+01 -1.473647e-04 -1.551208e-06
9.600000e+01 -1.271378e-04 -1.324352e-06
9.700000e+01 -1.096347e-04 -1.130254e-06
9.800000e+01 -9.449625e-05 -9.642475e-07
9.900000e+01 -8.140854e-05 -8.223085e-07
1.000000e+02 -7.009781e-05 -7.009781e-07
1.010000e+02 -6.032611e-05 -5.972882e-07
1.020000e+02 -5.188713e-05 -5.086973e-07
1.030000e+02 -4.460230e-05 -4.330320e-07
1.040000e+02 -3.831725e-05 -3.684351e-07
1.050000e+02 -3.289858e-05 -3.133198e-07
1.060000e+02 -2.823090e-05 -2.663292e-07
1.070000e+02 -2.421420e-05 -2.263009e-07
1.080000e+02 -2.076155e-05 -1.922365e-07
1.090000e+02 -1.779706e-05 -1.632758e-07
1.100000e+02 -1.525420e-05 -1.386746e-07
1.110000e+02 -1.307439e-05 -1.177873e-07
1.120000e+02 -1.120591e-05 -1.000528e-07
1.130000e+02 -9.603141e-06 -8.498354e-08
1.140000e+02 -8.226056e-06 -7.215839e-08
1.150000e+02 -7.040102e-06 -6.121828e-08
1.160000e+02 -6.016318e-06 -5.186481e-08
1.170000e+02 -5.131796e-06 -4.386151e-08
1.180000e+02 -4.370450e-06 -3.703771e-08
1.190000e+02 -3.724076e-06 -3.129476e-08
1.200000e+02 -3.193744e-06 -2.661454e-08
1.210000e+02 -2.726042e-06 -2.252928e-08
1.220000e+02 -2.325489e-06 -1.906139e-08
1.230000e+02 -1.982905e-06 -1.612118e-08
1.240000e+02 -1.690221e-06 -1.363082e-08
1.250000e+02 -1.440379e-06 -1.152303e-08
1.260000e+02 -1.227231e-06 -9.739931e-09
1.270000e+02 -1.045447e-06 -8.231869e-09
1.280000e+02 -8.904282e-07 -6.956471e-09
1.290000e+02 -7.582240e-07 -5.877705e-09
1.300000e+02 -6.454566e-07 -4.965051e-09
1.310000e+02 -5.492491e-07 -4.192741e-09
1.320000e+02 -4.671592e-07 -3.539085e-09
1.330000e+02 -3.971191e-07 -2.985858e-09
1.340000e+02 -3.373798e-07 -2.517760e-09
1.350000e+02 -2.864615e-07 -2.121937e-09
1.360000e+02 -2.431085e-07 -1.787563e-09
1.370000e+02 -2.062505e-07 -1.505478e-09
1.380000e+02 -1.749683e-07 -1.267886e-09
1.390000e+02 -1.484652e-07 -1.068095e-09
1.400000e+02 -1.260439e-07 -9.003139e-10
1.410000e+02 -1.070888e-07 -7.594947e-10
1.420000e+02 -9.105267e-08 -6.412160e-10
1.430000e+02 -7.745040e-08 -5.416112e-10
1.440000e+02 -6.585643e-08 -4.573363e-10
1.450000e+02 -5.590845e-08 -3.855755e-10
1.460000e+02 -4.731622e-08 -3.240837e-10
1.470000e+02 -3.987562e-08 -2.712627e-10
1.480000e+02 -3.348821e-08 -2.262717e-10
1.490000e+02 -2.818603e-08 -1.891680e-10
1.500000e+02 -2.416172e-08 -1.610781e-10
1.510000e+02 -2.045491e-08 -1.354630e-10
1.520000e+02 -1.730721e-08 -1.138632e-10
1.530000e+02 -1.463837e-08 -9.567562e-11
1.540000e+02 -1.237831e-08 -8.037867e-11
1.550000e+02 -1.046612e-08 -6.752336e-11
1.560000e+02 -8.849113e-09 -5.672508e-11
1.570000e+02 -7.481988e-09 -4.765598e-11
1.580000e+02 -6.325999e-09 -4.003797e-11
1.590000e+02 -5.348185e-09 -3.363638e-11
1.600000e+02 -4.520654e-09 -2.825409e-11
1.610000e+02 -3.819919e-09 -2.372620e-11
1.620000e+02 -3.226286e-09 -1.991534e-11
1.630000e+02 -2.723290e-09 -1.670730e-11
1.640000e+02 -2.297185e-09 -1.400723e-11
1.650000e+02 -1.936488e-09 -1.173629e-11
1.660000e+02 -1.631569e-09 -9.828729e-12
1.670000e+02 -1.374295e-09 -8.229312e-12
1.680000e+02 -1.157729e-09 -6.891245e-12
1.690000e+02 -9.758754e-10 -5.774411e-12
1.700000e+02 -8.234788e-10 -4.843993e-12
1.710000e+02 -6.958761e-10 -4.069451e-12
1.720000e+02 -5.888976e-10 -3.423823e-12
1.730000e+02 -4.988208e-10 -2.883357e-12
1.740000e+02 -4.223762e-10 -2.427450e-12
1.750000e+02 -3.568035e-10 -2.038877e-12
1.760000e+02 -2.999604e-10 -1.704320e-12
1.770000e+02 -2.504820e-10 -1.415153e-12
1.780000e+02 -2.079931e-10 -1.168501e-12
1.790000e+02 -1.733703e-10 -9.685494e-13
1.800000e+02 -1.490571e-10 -8.280952e-13
1.806000e+02 -1.344221e-10 -7.443082e-13
1.812000e+02 -1.212144e-10 -6.689534e-13
1.818000e+02 -1.092974e-10 -6.011956e-13
1.824000e+02 -9.854671e-11 -5.402780e-13
1.830000e+02 -8.884940e-11 -4.855159e-13
1.836000e+02 -8.010290e-11 -4.362903e-13
1.842000e+02 -7.221433e-11 -3.920431e-13
1.848000e+02 -6.509970e-11 -3.522711e-13
1.854000e+02 -5.868311e-11 -3.165216e-13
1.860000e+02 -5.289611e-11 -2.843877e-13
1.866000e+02 -4.767695e-11 -2.555035e-13
1.872000e+02 -4.297002e-11 -2.295407e-13
1.878000e+02 -3.872522e-11 -2.062046e-13
1.884000e+02 -3.489744e-11 -1.852306e-13
1.890000e+02 -3.144604e-11 -1.663812e-13
1.896000e+02 -2.833437e-11 -1.494429e-13
1.902000e+02 -2.552938e-11 -1.342239e-13
1.908000e+02 -2.300121e-11 -1.205514e-13
1.914000e+02 -2.072282e-11 -1.082697e-13
1.920000e+02 -1.866976e-11 -9.723835e-14
1.926000e+02 -1.681983e-11 -8.733039e-14
1.932000e+02 -1.515289e-11 -7.843113e-14
1.938000e+02 -1.365069e-11 -7.043698e-14
1.944000e+02 -1.229667e-11 -6.325448e-14
1.950000e+02 -1.107594e-11 -5.679971e-14
1.956000e+02 -9.975159e-12 -5.099774e-14
1.962000e+02 -8.982520e-12 -4.578246e-14
1.968000e+02 -8.087789e-12 -4.109649e-14
1.974000e+02 -7.282351e-12 -3.689134e-14
1.980000e+02 -6.559312e-12 -3.312784e-14
1.986600e+02 -5.844784e-12 -2.942104e-14
1.993200e+02 -5.207578e-12 -2.612672e-14
1.999800e+02 -4.639509e-12 -2.319987e-14
2.006400e+02 -4.133195e-12 -2.060006e-14
2.013000e+02 -3.681994e-12 -1.829108e-14
2.019600e+02 -3.279944e-12 -1.624056e-14
2.026200e+02 -2.921702e-12 -1.441962e-14
2.032800e+02 -2.602493e-12 -1.280250e-14
2.039400e+02 -2.318054e-12 -1.136635e-14
2.046000e+02 -2.064585e-12 -1.009084e-14
2.052600e+02 -1.838708e-12 -8.957944e-15
2.059200e+02 -1.637415e-12 -7.951706e-15
2.065800e+02 -1.458038e-12 -7.057982e-15
2.072400e+02 -1.298202e-12 -6.264243e-15
2.079000e+02 -1.155797e-12 -5.559391e-15
2.085600e+02 -1.028947e-12 -4.933577e-15
2.092200e+02 -9.159764e-13 -4.378054e-15
2.098800e+02 -8.153913e-13 -3.885036e-15
2.105400e+02 -7.258531e-13 -3.447578e-15
2.112000e+02 -6.461609e-13 -3.059474e-15
2.118600e+02 -5.752348e-13 -2.715165e-15
2.125200e+02 -5.121030e-13 -2.409670e-15
2.131800e+02 -4.558916e-13 -2.138529e-15
2.138400e+02 -4.058171e-13 -1.897760e-15
2.145000e+02 -3.611825e-13 -1.683834e-15
2.151600e+02 -3.213760e-13 -1.493660e-15
2.158200e+02 -2.858727e-13 -1.324589e-15
2.164800e+02 -2.542397e-13 -1.174426e-15
2.171400e+02 -2.261433e-13 -1.041463e-15
2.178000e+02 -2.013604e-13 -9.245198e-16
2.185260e+02 -1.770687e-13 -8.102866e-16
2.192520e+02 -1.556843e-13 -7.100703e-16
2.199780e+02 -1.368693e-13 -6.221952e-16
2.207040e+02 -1.203213e-13 -5.451704e-16
2.214300e+02 -1.057711e-13 -4.776729e-16
2.221560e+02 -9.297942e-14 -4.185321e-16
2.228820e+02 -8.173419e-14 -3.667151e-16
2.236080e+02 -7.184803e-14 -3.213124e-16
2.243340e+02 -6.315583e-14 -2.815259e-16
2.250600e+02 -5.551240e-14 -2.466560e-16
2.257860e+02 -4.879035e-14 -2.160911e-16
2.265120e+02 -4.287808e-14 -1.892972e-16
2.272380e+02 -3.767793e-14 -1.658082e-16
2.279640e+02 -3.310445e-14 -1.452179e-16
2.286900e+02 -2.908285e-14 -1.271715e-16
2.294160e+02 -2.554759e-14 -1.113592e-16
2.301420e+02 -2.244106e-14 -9.750960e-17
2.308680e+02 -1.971249e-14 -8.538427e-17
2.315940e+02 -1.731699e-14 -7.477306e-17
2.323200e+02 -1.521464e-14 -6.549002e-17
2.330460e+02 -1.336986e-14 -5.737005e-17
2.337720e+02 -1.175084e-14 -5.026624e-17
2.344980e+02 -1.032914e-14 -4.404789e-17
2.352240e+02 -9.079450e-15 -3.859916e-17
2.359500e+02 -7.979456e-15 -3.381842e-17
2.366760e+02 -7.009902e-15 -2.961814e-17
2.374020e+02 -6.154761e-15 -2.592548e-17
2.381280e+02 -5.401565e-15 -2.268345e-17
2.388540e+02 -4.741880e-15 -1.985263e-17
2.395800e+02 -4.171927e-15 -1.741350e-17
2.403786e+02 -3.604822e-15 -1.499643e-17
2.411772e+02 -3.117409e-15 -1.292580e-17
2.419758e+02 -2.698032e-15 -1.115001e-17
2.427744e+02 -2.336678e-15 -9.624893e-18
2.435730e+02 -2.024795e-15 -8.312887e-18
2.443716e+02 -1.755121e-15 -7.182179e-18
2.451702e+02 -1.521517e-15 -6.205963e-18
2.459688e+02 -1.318821e-15 -5.361742e-18
2.467674e+02 -1.142706e-15 -4.630701e-18
2.475660e+02 -9.895521e-16 -3.997125e-18
2.483646e+02 -8.563329e-16 -3.447886e-18
2.491632e+02 -7.405095e-16 -2.971986e-18
2.499618e+02 -6.399378e-16 -2.560142e-18
2.507604e+02 -5.527874e-16 -2.204445e-18
2.515590e+02 -4.774717e-16 -1.898051e-18
2.523576e+02 -4.125895e-16 -1.634940e-18
2.531562e+02 -3.568785e-16 -1.409716e-18
2.539548e+02 -3.091799e-16 -1.217460e-18
2.547534e+02 -2.684153e-16 -1.053628e-18
2.555520e+02 -2.335737e-16 -9.139967e-19
2.563506e+02 -2.037119e-16 -7.946613e-19
2.571492e+02 -1.779650e-16 -6.920692e-19
2.579478e+02 -1.555692e-16 -6.031032e-19
2.587464e+02 -1.358954e-16 -5.252070e-19
2.595450e+02 -1.184957e-16 -4.565516e-19
2.603436e+02 -1.031598e-16 -3.962449e-19
2.611422e+02 -8.998425e-17 -3.445795e-19
2.619408e+02 -7.945237e-17 -3.033219e-19
2.627394e+02 -7.252634e-17 -2.760391e-19
2.635380e+02 -7.075045e-17 -2.684639e-19
2.644165e+02 -5.851483e-17 -2.212980e-19
2.652949e+02 -5.010889e-17 -1.888799e-19
2.661734e+02 -4.375867e-17 -1.643991e-19
2.670518e+02 -3.822788e-17 -1.431478e-19
2.679303e+02 -3.272648e-17 -1.221455e-19
2.688088e+02 -2.682623e-17 -9.979672e-20
2.696872e+02 -2.038323e-17 -7.558100e-20
2.705657e+02 -1.346737e-17 -4.977487e-20
2.714441e+02 -6.298812e-18 -2.320482e-20
2.723226e+02 8.086664e-19 2.969516e-21
2.732011e+02 7.497281e-18 2.744236e-20
2.740795e+02 1.340794e-17 4.891990e-20
2.749580e+02 1.821599e-17 6.625009e-20
2.758364e+02 2.165995e-17 7.852462e-20
2.767149e+02 2.356337e-17 8.515395e-20
2.775934e+02 2.384963e-17 8.591571e-20
2.784718e+02 2.254990e-17 8.097732e-20
2.793503e+02 1.980403e-17 7.089317e-20
2.802287e+02 1.585453e-17 5.657710e-20
2.811072e+02 1.103363e-17 3.925061e-20
2.819857e+02 5.743291e-18 2.036732e-20
2.828641e+02 4.283511e-19 1.514335e-21
2.837426e+02 -4.457358e-18 -1.570916e-20
2.846210e+02 -8.491811e-18 -2.983550e-20
2.854995e+02 -1.133256e-17 -3.969381e-20
2.863780e+02 -1.277148e-17 -4.459659e-20
2.872564e+02 -1.279643e-17 -4.454706e-20
2.881349e+02 -1.165992e-17 -4.046689e-20
2.890133e+02 -9.954728e-18 -3.444383e-20
2.898918e+02 -8.696424e-18 -2.999886e-20
2.908581e+02 -5.334702e-18 -1.834125e-20
2.918244e+02 -3.168562e-18 -1.085777e-20
2.927907e+02 -1.910896e-18 -6.526492e-21
2.937570e+02 -1.319554e-18 -4.491990e-21
2.947233e+02 -1.193147e-18 -4.048362e-21
2.956896e+02 -1.367034e-18 -4.623207e-21
2.966559e+02 -1.709476e-18 -5.762487e-21
2.976222e+02 -2.117961e-18 -7.116271e-21
2.985886e+02 -2.515709e-18 -8.425337e-21
2.995549e+02 -2.848351e-18 -9.508611e-21
3.005212e+02 -3.080771e-18 -1.025143e-20
3.014875e+02 -3.194139e-18 -1.059460e-20
3.024538e+02 -3.183101e-18 -1.052426e-20
3.034201e+02 -3.053151e-18 -1.006245e-20
3.043864e+02 -2.818178e-18 -9.258556e-21
3.053527e+02 -2.498185e-18 -8.181308e-21
3.063190e+02 -2.117174e-18 -6.911663e-21
3.072853e+02 -1.701220e-18 -5.536288e-21
3.082516e+02 -1.276706e-18 -4.141767e-21
3.092179e+02 -8.687369e-19 -2.809465e-21
3.101842e+02 -4.997243e-19 -1.611056e-21
3.111505e+02 -1.881500e-19 -6.046913e-22
3.121168e+02 5.250196e-20 1.682125e-22
3.130831e+02 2.146372e-19 6.855597e-22
3.140494e+02 2.972694e-19 9.465686e-22
3.150158e+02 3.065652e-19 9.731741e-22
3.159821e+02 2.562157e-19 8.108551e-22
3.169484e+02 1.676335e-19 5.288984e-22
3.179147e+02 6.997693e-20 2.201123e-22
3.188810e+02 1.260365e-33
