# 
# Output from EIGENRAD program.
# 
# Eigenfunction for specific electronic state.
# The first column contains radius $r$ in bohr units.
# The second column holds value of eginefunction.
# 
# Use this file with gnuplot to create the plot.
#
0.000000e+00 0.000000e+00 4.400168e-06
2.500000e-01 7.997706e-08 3.199082e-07
5.000000e-01 -7.897759e-07 -1.579552e-06
7.500000e-01 -1.991742e-06 -2.655656e-06
1.000000e+00 -4.184149e-06 -4.184149e-06
1.250000e+00 -9.198897e-06 -7.359118e-06
1.500000e+00 -1.993956e-05 -1.329304e-05
1.750000e+00 -4.027942e-05 -2.301681e-05
2.000000e+00 -7.495967e-05 -3.747983e-05
2.250000e+00 -1.294875e-04 -5.755000e-05
2.500000e+00 -2.100345e-04 -8.401379e-05
2.750000e+00 -3.233348e-04 -1.175763e-04
3.000000e+00 -4.765837e-04 -1.588612e-04
3.250000e+00 -6.773360e-04 -2.084111e-04
3.500000e+00 -9.334046e-04 -2.666870e-04
3.750000e+00 -1.252759e-03 -3.340690e-04
4.000000e+00 -1.643423e-03 -4.108559e-04
4.250000e+00 -2.113377e-03 -4.972653e-04
4.500000e+00 -2.670452e-03 -5.934339e-04
4.750000e+00 -3.322232e-03 -6.994172e-04
5.000000e+00 -4.075950e-03 -8.151900e-04
5.250000e+00 -4.938390e-03 -9.406457e-04
5.500000e+00 -5.915785e-03 -1.075597e-03
5.750000e+00 -7.013715e-03 -1.219777e-03
6.000000e+00 -8.237007e-03 -1.372835e-03
6.250000e+00 -9.589636e-03 -1.534342e-03
6.500000e+00 -1.107462e-02 -1.703788e-03
6.750000e+00 -1.269392e-02 -1.880581e-03
7.000000e+00 -1.444836e-02 -2.064051e-03
7.250000e+00 -1.633747e-02 -2.253445e-03
7.500000e+00 -1.835947e-02 -2.447929e-03
7.750000e+00 -2.051717e-02 -2.647377e-03
8.000000e+00 -2.280626e-02 -2.850782e-03
8.250000e+00 -2.522391e-02 -3.057443e-03
8.500000e+00 -2.776639e-02 -3.266634e-03
8.750000e+00 -3.042914e-02 -3.477616e-03
9.000000e+00 -3.320683e-02 -3.689648e-03
9.250000e+00 -3.609342e-02 -3.901991e-03
9.500000e+00 -3.908218e-02 -4.113914e-03
9.750000e+00 -4.216581e-02 -4.324699e-03
1.000000e+01 -4.533644e-02 -4.533644e-03
1.025000e+01 -4.858569e-02 -4.740067e-03
1.050000e+01 -5.190476e-02 -4.943310e-03
1.075000e+01 -5.528445e-02 -5.142739e-03
1.100000e+01 -5.871522e-02 -5.337747e-03
1.125000e+01 -6.218723e-02 -5.527754e-03
1.150000e+01 -6.569042e-02 -5.712211e-03
1.175000e+01 -6.921454e-02 -5.890599e-03
1.200000e+01 -7.274918e-02 -6.062432e-03
1.225000e+01 -7.628386e-02 -6.227254e-03
1.250000e+01 -7.980805e-02 -6.384644e-03
1.275000e+01 -8.331122e-02 -6.534213e-03
1.300000e+01 -8.678288e-02 -6.675606e-03
1.325000e+01 -9.021264e-02 -6.808501e-03
1.350000e+01 -9.359026e-02 -6.932612e-03
1.375000e+01 -9.690567e-02 -7.047685e-03
1.400000e+01 -1.001490e-01 -7.153501e-03
1.425000e+01 -1.033107e-01 -7.249874e-03
1.450000e+01 -1.063815e-01 -7.336655e-03
1.475000e+01 -1.093525e-01 -7.413726e-03
1.500000e+01 -1.122150e-01 -7.481002e-03
1.525000e+01 -1.149606e-01 -7.538399e-03
1.550000e+01 -1.175814e-01 -7.585898e-03
1.575000e+01 -1.200700e-01 -7.623490e-03
1.600000e+01 -1.224191e-01 -7.651194e-03
1.625000e+01 -1.246221e-01 -7.669055e-03
1.650000e+01 -1.266729e-01 -7.677143e-03
1.675000e+01 -1.285655e-01 -7.675550e-03
1.700000e+01 -1.302947e-01 -7.664392e-03
1.725000e+01 -1.318556e-01 -7.643804e-03
1.750000e+01 -1.332440e-01 -7.613940e-03
1.775000e+01 -1.344558e-01 -7.574974e-03
1.800000e+01 -1.354877e-01 -7.527093e-03
1.825000e+01 -1.363367e-01 -7.470502e-03
1.850000e+01 -1.370003e-01 -7.405420e-03
1.875000e+01 -1.374765e-01 -7.332078e-03
1.900000e+01 -1.377636e-01 -7.250718e-03
1.925000e+01 -1.378607e-01 -7.161596e-03
1.950000e+01 -1.377670e-01 -7.064975e-03
1.975000e+01 -1.374822e-01 -6.961127e-03
2.000000e+01 -1.370066e-01 -6.850332e-03
2.025000e+01 -1.363408e-01 -6.732877e-03
2.050000e+01 -1.354856e-01 -6.609054e-03
2.075000e+01 -1.344426e-01 -6.479159e-03
2.100000e+01 -1.332134e-01 -6.343494e-03
2.125000e+01 -1.318002e-01 -6.202360e-03
2.150000e+01 -1.302054e-01 -6.056063e-03
2.175000e+01 -1.284318e-01 -5.904908e-03
2.200000e+01 -1.264824e-01 -5.749200e-03
2.225000e+01 -1.243606e-01 -5.589242e-03
2.250000e+01 -1.220701e-01 -5.425337e-03
2.275000e+01 -1.196148e-01 -5.257792e-03
2.300000e+01 -1.169988e-01 -5.086904e-03
2.325000e+01 -1.142266e-01 -4.912971e-03
2.350000e+01 -1.113027e-01 -4.736285e-03
2.375000e+01 -1.082320e-01 -4.557135e-03
2.400000e+01 -1.050193e-01 -4.375806e-03
2.425000e+01 -1.016700e-01 -4.192577e-03
2.450000e+01 -9.818919e-02 -4.007722e-03
2.475000e+01 -9.458239e-02 -3.821511e-03
2.500000e+01 -9.085512e-02 -3.634205e-03
2.525000e+01 -8.701302e-02 -3.446060e-03
2.550000e+01 -8.306184e-02 -3.257327e-03
2.575000e+01 -7.900738e-02 -3.068248e-03
2.600000e+01 -7.485550e-02 -2.879058e-03
2.625000e+01 -7.061211e-02 -2.689985e-03
2.650000e+01 -6.628316e-02 -2.501252e-03
2.675000e+01 -6.187462e-02 -2.313070e-03
2.700000e+01 -5.739245e-02 -2.125646e-03
2.725000e+01 -5.284261e-02 -1.939178e-03
2.750000e+01 -4.823107e-02 -1.753857e-03
2.775000e+01 -4.356375e-02 -1.569865e-03
2.800000e+01 -3.884654e-02 -1.387376e-03
2.825000e+01 -3.408528e-02 -1.206559e-03
2.850000e+01 -2.928576e-02 -1.027570e-03
2.875000e+01 -2.445370e-02 -8.505634e-04
2.900000e+01 -1.959475e-02 -6.756810e-04
2.925000e+01 -1.471448e-02 -5.030591e-04
2.950000e+01 -9.818362e-03 -3.328258e-04
2.975000e+01 -4.911780e-03 -1.651018e-04
3.000000e+01 -7.412433e-09 -2.470811e-10
3.025000e+01 4.911763e-03 1.623723e-04
3.050000e+01 9.818493e-03 3.219178e-04
3.075000e+01 1.471524e-02 4.785442e-04
3.100000e+01 1.959717e-02 6.321668e-04
3.125000e+01 2.445960e-02 7.827073e-04
3.150000e+01 2.929798e-02 9.300947e-04
3.175000e+01 3.410788e-02 1.074264e-03
3.200000e+01 3.888502e-02 1.215157e-03
3.225000e+01 4.362524e-02 1.352721e-03
3.250000e+01 4.832456e-02 1.486910e-03
3.275000e+01 5.297912e-02 1.617683e-03
3.300000e+01 5.758520e-02 1.745006e-03
3.325000e+01 6.213924e-02 1.868849e-03
3.350000e+01 6.663783e-02 1.989189e-03
3.375000e+01 7.107770e-02 2.106006e-03
3.400000e+01 7.545573e-02 2.219286e-03
3.425000e+01 7.976895e-02 2.329020e-03
3.450000e+01 8.401454e-02 2.435204e-03
3.475000e+01 8.818983e-02 2.537837e-03
3.500000e+01 9.229230e-02 2.636923e-03
3.525000e+01 9.631957e-02 2.732470e-03
3.550000e+01 1.002694e-01 2.824490e-03
3.575000e+01 1.041397e-01 2.912999e-03
3.600000e+01 1.079286e-01 2.998016e-03
3.625000e+01 1.116342e-01 3.079564e-03
3.650000e+01 1.152549e-01 3.157667e-03
3.675000e+01 1.187891e-01 3.232356e-03
3.700000e+01 1.222354e-01 3.303660e-03
3.725000e+01 1.255926e-01 3.371615e-03
3.750000e+01 1.288596e-01 3.436256e-03
3.775000e+01 1.320353e-01 3.497624e-03
3.800000e+01 1.351188e-01 3.555759e-03
3.825000e+01 1.381095e-01 3.610706e-03
3.850000e+01 1.410066e-01 3.662508e-03
3.875000e+01 1.438096e-01 3.711214e-03
3.900000e+01 1.465180e-01 3.756873e-03
3.925000e+01 1.491317e-01 3.799534e-03
3.950000e+01 1.516504e-01 3.839250e-03
3.975000e+01 1.540739e-01 3.876073e-03
4.000000e+01 1.564023e-01 3.910057e-03
4.025000e+01 1.586357e-01 3.941259e-03
4.050000e+01 1.607742e-01 3.969733e-03
4.075000e+01 1.628182e-01 3.995538e-03
4.100000e+01 1.647679e-01 4.018730e-03
4.125000e+01 1.666239e-01 4.039368e-03
4.150000e+01 1.683867e-01 4.057512e-03
4.175000e+01 1.700569e-01 4.073219e-03
4.200000e+01 1.716351e-01 4.086549e-03
4.225000e+01 1.731221e-01 4.097563e-03
4.250000e+01 1.745186e-01 4.106321e-03
4.275000e+01 1.758257e-01 4.112881e-03
4.300000e+01 1.770441e-01 4.117305e-03
4.325000e+01 1.781750e-01 4.119653e-03
4.350000e+01 1.792193e-01 4.119984e-03
4.375000e+01 1.801781e-01 4.118357e-03
4.400000e+01 1.810527e-01 4.114833e-03
4.425000e+01 1.818441e-01 4.109470e-03
4.450000e+01 1.825536e-01 4.102328e-03
4.475000e+01 1.831825e-01 4.093463e-03
4.500000e+01 1.837320e-01 4.082934e-03
4.550000e+01 1.845987e-01 4.057115e-03
4.600000e+01 1.851646e-01 4.025317e-03
4.650000e+01 1.854412e-01 3.987982e-03
4.700000e+01 1.854404e-01 3.945540e-03
4.750000e+01 1.851744e-01 3.898408e-03
4.800000e+01 1.846555e-01 3.846990e-03
4.850000e+01 1.838963e-01 3.791676e-03
4.900000e+01 1.829092e-01 3.732840e-03
4.950000e+01 1.817067e-01 3.670843e-03
5.000000e+01 1.803015e-01 3.606029e-03
5.050000e+01 1.787059e-01 3.538730e-03
5.100000e+01 1.769323e-01 3.469260e-03
5.150000e+01 1.749928e-01 3.397919e-03
5.200000e+01 1.728995e-01 3.324990e-03
5.250000e+01 1.706640e-01 3.250744e-03
5.300000e+01 1.682980e-01 3.175433e-03
5.350000e+01 1.658124e-01 3.099298e-03
5.400000e+01 1.632184e-01 3.022563e-03
5.450000e+01 1.605264e-01 2.945438e-03
5.500000e+01 1.577467e-01 2.868121e-03
5.550000e+01 1.548890e-01 2.790794e-03
5.600000e+01 1.519631e-01 2.713626e-03
5.650000e+01 1.489778e-01 2.636775e-03
5.700000e+01 1.459421e-01 2.560387e-03
5.750000e+01 1.428641e-01 2.484593e-03
5.800000e+01 1.397520e-01 2.409517e-03
5.850000e+01 1.366132e-01 2.335269e-03
5.900000e+01 1.334551e-01 2.261951e-03
5.950000e+01 1.302845e-01 2.189655e-03
6.000000e+01 1.271079e-01 2.118464e-03
6.050000e+01 1.239311e-01 2.048449e-03
6.100000e+01 1.207601e-01 1.979673e-03
6.150000e+01 1.176000e-01 1.912195e-03
6.200000e+01 1.144560e-01 1.846064e-03
6.250000e+01 1.113326e-01 1.781321e-03
6.300000e+01 1.082341e-01 1.718002e-03
6.350000e+01 1.051647e-01 1.656136e-03
6.400000e+01 1.021278e-01 1.595747e-03
6.450000e+01 9.912696e-02 1.536852e-03
6.500000e+01 9.616516e-02 1.479464e-03
6.550000e+01 9.324523e-02 1.423591e-03
6.600000e+01 9.036968e-02 1.369238e-03
6.650000e+01 8.754078e-02 1.316403e-03
6.700000e+01 8.476056e-02 1.265083e-03
6.750000e+01 8.203079e-02 1.215271e-03
6.800000e+01 7.935306e-02 1.166957e-03
6.850000e+01 7.672870e-02 1.120127e-03
6.900000e+01 7.415887e-02 1.074766e-03
6.950000e+01 7.164451e-02 1.030856e-03
7.000000e+01 6.918642e-02 9.883774e-04
7.050000e+01 6.678518e-02 9.473075e-04
7.100000e+01 6.444125e-02 9.076233e-04
7.150000e+01 6.215493e-02 8.692997e-04
7.200000e+01 5.992636e-02 8.323105e-04
7.250000e+01 5.775557e-02 7.966285e-04
7.300000e+01 5.564247e-02 7.622257e-04
7.350000e+01 5.358686e-02 7.290729e-04
7.400000e+01 5.158843e-02 6.971410e-04
7.450000e+01 4.964679e-02 6.663998e-04
7.500000e+01 4.776145e-02 6.368194e-04
7.550000e+01 4.593182e-02 6.083684e-04
7.600000e+01 4.415725e-02 5.810165e-04
7.650000e+01 4.243705e-02 5.547327e-04
7.700000e+01 4.077044e-02 5.294863e-04
7.750000e+01 3.915659e-02 5.052463e-04
7.800000e+01 3.759463e-02 4.819824e-04
7.850000e+01 3.608364e-02 4.596642e-04
7.900000e+01 3.462267e-02 4.382617e-04
7.950000e+01 3.321075e-02 4.177452e-04
8.000000e+01 3.184685e-02 3.980856e-04
8.050000e+01 3.052995e-02 3.792540e-04
8.100000e+01 2.925899e-02 3.612221e-04
8.150000e+01 2.803291e-02 3.439621e-04
8.200000e+01 2.685062e-02 3.274466e-04
8.250000e+01 2.571104e-02 3.116490e-04
8.300000e+01 2.461307e-02 2.965430e-04
8.350000e+01 2.355562e-02 2.821032e-04
8.400000e+01 2.253758e-02 2.683045e-04
8.450000e+01 2.155788e-02 2.551228e-04
8.500000e+01 2.061541e-02 2.425343e-04
8.550000e+01 1.970911e-02 2.305159e-04
8.600000e+01 1.883790e-02 2.190453e-04
8.650000e+01 1.800072e-02 2.081008e-04
8.700000e+01 1.719653e-02 1.976612e-04
8.750000e+01 1.642429e-02 1.877061e-04
8.800000e+01 1.568298e-02 1.782157e-04
8.850000e+01 1.497160e-02 1.691707e-04
8.900000e+01 1.428917e-02 1.605525e-04
8.950000e+01 1.363471e-02 1.523432e-04
9.000000e+01 1.300727e-02 1.445253e-04
9.100000e+01 1.182971e-02 1.299968e-04
9.200000e+01 1.074947e-02 1.168421e-04
9.300000e+01 9.759605e-03 1.049420e-04
9.400000e+01 8.853529e-03 9.418648e-05
9.500000e+01 8.025042e-03 8.447413e-05
9.600000e+01 7.268302e-03 7.571148e-05
9.700000e+01 6.577813e-03 6.781251e-05
9.800000e+01 5.948417e-03 6.069813e-05
9.900000e+01 5.375276e-03 5.429572e-05
1.000000e+02 4.853868e-03 4.853868e-05
1.010000e+02 4.379965e-03 4.336599e-05
1.020000e+02 3.949629e-03 3.872185e-05
1.030000e+02 3.559195e-03 3.455529e-05
1.040000e+02 3.205261e-03 3.081982e-05
1.050000e+02 2.884673e-03 2.747308e-05
1.060000e+02 2.594516e-03 2.447657e-05
1.070000e+02 2.332099e-03 2.179532e-05
1.080000e+02 2.094945e-03 1.939764e-05
1.090000e+02 1.880777e-03 1.725483e-05
1.100000e+02 1.687504e-03 1.534095e-05
1.110000e+02 1.513213e-03 1.363255e-05
1.120000e+02 1.356154e-03 1.210852e-05
1.130000e+02 1.214727e-03 1.074979e-05
1.140000e+02 1.087470e-03 9.539209e-06
1.150000e+02 9.730483e-04 8.461289e-06
1.160000e+02 8.702402e-04 7.502071e-06
1.170000e+02 7.779250e-04 6.648932e-06
1.180000e+02 6.950708e-04 5.890431e-06
1.190000e+02 6.207218e-04 5.216150e-06
1.200000e+02 5.539860e-04 4.616550e-06
1.210000e+02 4.942452e-04 4.084671e-06
1.220000e+02 4.407333e-04 3.612568e-06
1.230000e+02 3.928330e-04 3.193764e-06
1.240000e+02 3.499825e-04 2.822440e-06
1.250000e+02 3.116717e-04 2.493374e-06
1.260000e+02 2.774379e-04 2.201888e-06
1.270000e+02 2.468625e-04 1.943799e-06
1.280000e+02 2.195672e-04 1.715369e-06
1.290000e+02 1.952109e-04 1.513263e-06
1.300000e+02 1.734865e-04 1.334511e-06
1.310000e+02 1.541176e-04 1.176470e-06
1.320000e+02 1.368561e-04 1.036789e-06
1.330000e+02 1.214795e-04 9.133794e-07
1.340000e+02 1.077879e-04 8.043873e-07
1.350000e+02 9.560248e-05 7.081665e-07
1.360000e+02 8.476282e-05 6.232560e-07
1.370000e+02 7.512516e-05 5.483588e-07
1.380000e+02 6.656056e-05 4.823229e-07
1.390000e+02 5.895334e-05 4.241247e-07
1.400000e+02 5.219961e-05 3.728544e-07
1.410000e+02 4.620603e-05 3.277024e-07
1.420000e+02 4.088872e-05 2.879488e-07
1.430000e+02 3.617234e-05 2.529535e-07
1.440000e+02 3.198936e-05 2.221484e-07
1.450000e+02 2.827949e-05 1.950310e-07
1.460000e+02 2.498928e-05 1.711595e-07
1.470000e+02 2.207193e-05 1.501492e-07
1.480000e+02 1.948719e-05 1.316702e-07
1.490000e+02 1.720156e-05 1.154467e-07
1.500000e+02 1.518852e-05 1.012568e-07
1.510000e+02 1.340241e-05 8.875768e-08
1.520000e+02 1.182225e-05 7.777797e-08
1.530000e+02 1.042518e-05 6.813843e-08
1.540000e+02 9.190643e-06 5.967950e-08
1.550000e+02 8.100214e-06 5.225945e-08
1.560000e+02 7.137418e-06 4.575268e-08
1.570000e+02 6.287559e-06 4.004814e-08
1.580000e+02 5.537560e-06 3.504785e-08
1.590000e+02 4.875810e-06 3.066547e-08
1.600000e+02 4.292022e-06 2.682514e-08
1.610000e+02 3.777097e-06 2.346023e-08
1.620000e+02 3.322997e-06 2.051233e-08
1.630000e+02 2.922631e-06 1.793025e-08
1.640000e+02 2.569745e-06 1.566918e-08
1.650000e+02 2.258820e-06 1.368982e-08
1.660000e+02 1.984986e-06 1.195775e-08
1.670000e+02 1.743937e-06 1.044274e-08
1.680000e+02 1.531859e-06 9.118211e-09
1.690000e+02 1.345365e-06 7.960738e-09
1.700000e+02 1.181438e-06 6.949633e-09
1.710000e+02 1.037387e-06 6.066592e-09
1.720000e+02 9.108095e-07 5.295404e-09
1.730000e+02 7.995576e-07 4.621720e-09
1.740000e+02 7.017222e-07 4.032886e-09
1.750000e+02 6.156193e-07 3.517824e-09
1.760000e+02 5.397875e-07 3.066975e-09
1.770000e+02 4.729943e-07 2.672284e-09
1.780000e+02 4.142501e-07 2.327248e-09
1.790000e+02 3.628324e-07 2.026997e-09
1.800000e+02 3.183179e-07 1.768433e-09
1.806000e+02 2.940308e-07 1.628078e-09
1.812000e+02 2.715763e-07 1.498765e-09
1.818000e+02 2.508185e-07 1.379639e-09
1.824000e+02 2.316311e-07 1.269907e-09
1.830000e+02 2.138969e-07 1.168836e-09
1.836000e+02 1.975072e-07 1.075748e-09
1.842000e+02 1.823612e-07 9.900173e-10
1.848000e+02 1.683654e-07 9.110680e-10
1.854000e+02 1.554332e-07 8.383668e-10
1.860000e+02 1.434847e-07 7.714229e-10
1.866000e+02 1.324456e-07 7.097836e-10
1.872000e+02 1.222475e-07 6.530317e-10
1.878000e+02 1.128270e-07 6.007828e-10
1.884000e+02 1.041254e-07 5.526826e-10
1.890000e+02 9.608849e-08 5.084047e-10
1.896000e+02 8.866612e-08 4.676483e-10
1.902000e+02 8.181187e-08 4.301360e-10
1.908000e+02 7.548280e-08 3.956121e-10
1.914000e+02 6.963914e-08 3.638409e-10
1.920000e+02 6.424407e-08 3.346045e-10
1.926000e+02 5.926349e-08 3.077024e-10
1.932000e+02 5.466581e-08 2.829493e-10
1.938000e+02 5.042176e-08 2.601742e-10
1.944000e+02 4.650428e-08 2.392196e-10
1.950000e+02 4.288834e-08 2.199402e-10
1.956000e+02 3.955082e-08 2.022026e-10
1.962000e+02 3.647048e-08 1.858842e-10
1.968000e+02 3.362783e-08 1.708731e-10
1.974000e+02 3.100514e-08 1.570676e-10
1.980000e+02 2.858638e-08 1.443756e-10
1.986600e+02 2.614078e-08 1.315855e-10
1.993200e+02 2.390249e-08 1.199202e-10
1.999800e+02 2.185425e-08 1.092822e-10
2.006400e+02 1.998014e-08 9.958206e-11
2.013000e+02 1.826555e-08 9.073794e-11
2.019600e+02 1.669701e-08 8.267485e-11
2.026200e+02 1.526219e-08 7.532422e-11
2.032800e+02 1.394977e-08 6.862341e-11
2.039400e+02 1.274936e-08 6.251523e-11
2.046000e+02 1.165145e-08 5.694748e-11
2.052600e+02 1.064736e-08 5.187257e-11
2.059200e+02 9.729118e-09 4.724708e-11
2.065800e+02 8.889437e-09 4.303145e-11
2.072400e+02 8.121657e-09 3.918962e-11
2.079000e+02 7.419682e-09 3.568870e-11
2.085600e+02 6.777932e-09 3.249872e-11
2.092200e+02 6.191300e-09 2.959230e-11
2.098800e+02 5.655107e-09 2.694448e-11
2.105400e+02 5.165062e-09 2.453245e-11
2.112000e+02 4.717233e-09 2.233538e-11
2.118600e+02 4.308007e-09 2.033422e-11
2.125200e+02 3.934073e-09 1.851154e-11
2.131800e+02 3.592389e-09 1.685144e-11
2.138400e+02 3.280169e-09 1.533936e-11
2.145000e+02 2.994862e-09 1.396206e-11
2.151600e+02 2.734145e-09 1.270750e-11
2.158200e+02 2.495909e-09 1.156477e-11
2.164800e+02 2.278257e-09 1.052410e-11
2.171400e+02 2.079504e-09 9.576791e-12
2.178000e+02 1.898179e-09 8.715237e-12
2.185260e+02 1.716703e-09 7.855828e-12
2.192520e+02 1.552437e-09 7.080608e-12
2.199780e+02 1.403782e-09 6.381465e-12
2.207040e+02 1.269275e-09 5.751027e-12
2.214300e+02 1.147584e-09 5.182604e-12
2.221560e+02 1.037499e-09 4.670137e-12
2.228820e+02 9.379187e-10 4.208140e-12
2.236080e+02 8.478446e-10 3.791656e-12
2.243340e+02 7.663718e-10 3.416209e-12
2.250600e+02 6.926810e-10 3.077761e-12
2.257860e+02 6.260308e-10 2.772673e-12
2.265120e+02 5.657513e-10 2.497666e-12
2.272380e+02 5.112367e-10 2.249785e-12
2.279640e+02 4.619396e-10 2.026371e-12
2.286900e+02 4.173653e-10 1.825026e-12
2.294160e+02 3.770662e-10 1.643592e-12
2.301420e+02 3.406372e-10 1.480118e-12
2.308680e+02 3.077113e-10 1.332845e-12
2.315940e+02 2.779555e-10 1.200184e-12
2.323200e+02 2.510674e-10 1.080696e-12
2.330460e+02 2.267722e-10 9.730791e-13
2.337720e+02 2.048199e-10 8.761525e-13
2.344980e+02 1.849834e-10 7.888484e-13
2.352240e+02 1.670564e-10 7.102011e-13
2.359500e+02 1.508523e-10 6.393403e-13
2.366760e+02 1.362037e-10 5.754861e-13
2.374020e+02 1.229614e-10 5.179460e-13
2.381280e+02 1.109947e-10 4.661138e-13
2.388540e+02 1.001921e-10 4.194702e-13
2.395800e+02 9.046194e-11 3.775855e-13
2.403786e+02 8.082590e-11 3.362441e-13
2.411772e+02 7.220844e-11 2.993999e-13
2.419758e+02 6.450427e-11 2.665732e-13
2.427744e+02 5.761822e-11 2.373324e-13
2.435730e+02 5.146443e-11 2.112896e-13
2.443716e+02 4.596561e-11 1.880972e-13
2.451702e+02 4.105231e-11 1.674441e-13
2.459688e+02 3.666226e-11 1.490525e-13
2.467674e+02 3.273972e-11 1.326744e-13
2.475660e+02 2.923484e-11 1.180891e-13
2.483646e+02 2.610312e-11 1.051000e-13
2.491632e+02 2.330486e-11 9.353252e-14
2.499618e+02 2.080468e-11 8.323143e-14
2.507604e+02 1.857101e-11 7.405878e-14
2.515590e+02 1.657571e-11 6.589193e-14
2.523576e+02 1.479365e-11 5.862179e-14
2.531562e+02 1.320239e-11 5.215117e-14
2.539548e+02 1.178181e-11 4.639333e-14
2.547534e+02 1.051386e-11 4.127075e-14
2.555520e+02 9.382335e-12 3.671399e-14
2.563506e+02 8.372614e-12 3.266079e-14
2.571492e+02 7.471531e-12 2.905524e-14
2.579478e+02 6.667220e-12 2.584717e-14
2.587464e+02 5.949018e-12 2.299170e-14
2.595450e+02 5.307404e-12 2.044888e-14
2.603436e+02 4.733968e-12 1.818354e-14
2.611422e+02 4.221425e-12 1.616523e-14
2.619408e+02 3.763657e-12 1.436835e-14
2.627394e+02 3.355800e-12 1.277235e-14
2.635380e+02 2.994356e-12 1.136214e-14
2.644165e+02 2.639957e-12 9.984087e-15
2.652949e+02 2.327170e-12 8.772012e-15
2.661734e+02 2.051237e-12 7.706393e-15
2.670518e+02 1.807897e-12 6.769836e-15
2.679303e+02 1.593351e-12 5.946886e-15
2.688088e+02 1.404215e-12 5.223843e-15
2.696872e+02 1.237486e-12 4.588597e-15
2.705657e+02 1.090506e-12 4.030467e-15
2.714441e+02 9.609267e-13 3.540053e-15
2.723226e+02 8.466782e-13 3.109100e-15
2.732011e+02 7.459397e-13 2.730369e-15
2.740795e+02 6.571109e-13 2.397519e-15
2.749580e+02 5.787871e-13 2.105002e-15
2.758364e+02 5.097349e-13 1.847961e-15
2.767149e+02 4.488704e-13 1.622140e-15
2.775934e+02 3.952402e-13 1.423810e-15
2.784718e+02 3.480031e-13 1.249689e-15
2.793503e+02 3.064151e-13 1.096885e-15
2.802287e+02 2.698154e-13 9.628398e-16
2.811072e+02 2.376149e-13 8.452820e-16
2.819857e+02 2.092870e-13 7.421901e-16
2.828641e+02 1.843599e-13 6.517613e-16
2.837426e+02 1.624113e-13 5.723896e-16
2.846210e+02 1.430649e-13 5.026506e-16
2.854995e+02 1.259892e-13 4.412940e-16
2.863780e+02 1.108978e-13 3.872428e-16
2.872564e+02 9.755258e-14 3.396011e-16
2.881349e+02 8.576808e-14 2.976664e-16
2.890133e+02 7.541844e-14 2.609514e-16
2.898918e+02 6.644610e-14 2.292100e-16
2.908581e+02 5.771504e-14 1.984302e-16
2.918244e+02 5.012096e-14 1.717504e-16
2.927907e+02 4.352141e-14 1.486434e-16
2.937570e+02 3.778977e-14 1.286430e-16
2.947233e+02 3.281389e-14 1.113380e-16
2.956896e+02 2.849483e-14 9.636737e-17
2.966559e+02 2.474564e-14 8.341527e-17
2.976222e+02 2.149016e-14 7.220615e-17
2.985886e+02 1.866199e-14 6.250068e-17
2.995549e+02 1.620340e-14 5.409161e-17
3.005212e+02 1.406441e-14 4.680007e-17
3.014875e+02 1.220184e-14 4.047212e-17
3.024538e+02 1.057848e-14 3.497551e-17
3.034201e+02 9.162319e-15 3.019681e-17
3.043864e+02 7.925833e-15 2.603872e-17
3.053527e+02 6.845304e-15 2.241770e-17
3.063190e+02 5.900248e-15 1.926178e-17
3.072853e+02 5.072878e-15 1.650869e-17
3.082516e+02 4.347641e-15 1.410419e-17
3.092179e+02 3.710812e-15 1.200064e-17
3.101842e+02 3.150154e-15 1.015575e-17
3.111505e+02 2.654642e-15 8.531698e-18
3.121168e+02 2.214245e-15 7.094284e-18
3.130831e+02 1.819777e-15 5.812439e-18
3.140494e+02 1.462804e-15 4.657877e-18
3.150158e+02 1.135621e-15 3.604966e-18
3.159821e+02 8.312897e-16 2.630813e-18
3.169484e+02 5.437332e-16 1.715526e-18
3.179147e+02 2.679025e-16 8.426869e-19
3.188810e+02 7.938725e-30
