# 
# Output from EIGENRAD program.
# 
# Eigenfunction for specific electronic state.
# The first column contains radius $r$ in bohr units.
# The second column holds value of eginefunction.
# 
# Use this file with gnuplot to create the plot.
#
0.000000e+00 0.000000e+00 4.204665e-06
2.500000e-01 7.737440e-08 3.094976e-07
5.000000e-01 -7.515676e-07 -1.503135e-06
7.500000e-01 -1.886116e-06 -2.514821e-06
1.000000e+00 -3.926491e-06 -3.926491e-06
1.250000e+00 -8.573242e-06 -6.858594e-06
1.500000e+00 -1.852692e-05 -1.235128e-05
1.750000e+00 -3.738804e-05 -2.136459e-05
2.000000e+00 -6.955723e-05 -3.477862e-05
2.250000e+00 -1.201358e-04 -5.339369e-05
2.500000e+00 -1.948265e-04 -7.793058e-05
2.750000e+00 -2.998343e-04 -1.090306e-04
3.000000e+00 -4.417681e-04 -1.472560e-04
3.250000e+00 -6.275420e-04 -1.930899e-04
3.500000e+00 -8.642772e-04 -2.469364e-04
3.750000e+00 -1.159204e-03 -3.091211e-04
4.000000e+00 -1.519565e-03 -3.798912e-04
4.250000e+00 -1.952516e-03 -4.594154e-04
4.500000e+00 -2.465030e-03 -5.477843e-04
4.750000e+00 -3.063801e-03 -6.450107e-04
5.000000e+00 -3.755147e-03 -7.510293e-04
5.250000e+00 -4.544912e-03 -8.656976e-04
5.500000e+00 -5.438374e-03 -9.887953e-04
5.750000e+00 -6.440145e-03 -1.120025e-03
6.000000e+00 -7.554078e-03 -1.259013e-03
6.250000e+00 -8.783169e-03 -1.405307e-03
6.500000e+00 -1.012947e-02 -1.558380e-03
6.750000e+00 -1.159398e-02 -1.717626e-03
7.000000e+00 -1.317656e-02 -1.882366e-03
7.250000e+00 -1.487586e-02 -2.051843e-03
7.500000e+00 -1.668917e-02 -2.225222e-03
7.750000e+00 -1.861826e-02 -2.402356e-03
8.000000e+00 -2.065797e-02 -2.582246e-03
8.250000e+00 -2.280459e-02 -2.764193e-03
8.500000e+00 -2.505358e-02 -2.947480e-03
8.750000e+00 -2.739955e-02 -3.131377e-03
9.000000e+00 -2.983641e-02 -3.315157e-03
9.250000e+00 -3.235737e-02 -3.498095e-03
9.500000e+00 -3.495504e-02 -3.679478e-03
9.750000e+00 -3.762145e-02 -3.858610e-03
1.000000e+01 -4.034814e-02 -4.034814e-03
1.025000e+01 -4.312622e-02 -4.207437e-03
1.050000e+01 -4.594641e-02 -4.375848e-03
1.075000e+01 -4.879909e-02 -4.539450e-03
1.100000e+01 -5.167437e-02 -4.697670e-03
1.125000e+01 -5.456215e-02 -4.849969e-03
1.150000e+01 -5.745216e-02 -4.995840e-03
1.175000e+01 -6.033402e-02 -5.134811e-03
1.200000e+01 -6.319728e-02 -5.266440e-03
1.225000e+01 -6.603148e-02 -5.390325e-03
1.250000e+01 -6.882620e-02 -5.506096e-03
1.275000e+01 -7.157109e-02 -5.613419e-03
1.300000e+01 -7.425597e-02 -5.711998e-03
1.325000e+01 -7.687081e-02 -5.801570e-03
1.350000e+01 -7.940581e-02 -5.881912e-03
1.375000e+01 -8.185145e-02 -5.952832e-03
1.400000e+01 -8.419852e-02 -6.014180e-03
1.425000e+01 -8.643816e-02 -6.065836e-03
1.450000e+01 -8.856194e-02 -6.107720e-03
1.475000e+01 -9.056184e-02 -6.139786e-03
1.500000e+01 -9.243033e-02 -6.162022e-03
1.525000e+01 -9.415982e-02 -6.174414e-03
1.550000e+01 -9.574383e-02 -6.177021e-03
1.575000e+01 -9.717604e-02 -6.169907e-03
1.600000e+01 -9.845067e-02 -6.153167e-03
1.625000e+01 -9.956247e-02 -6.126921e-03
1.650000e+01 -1.005067e-01 -6.091316e-03
1.675000e+01 -1.012792e-01 -6.046521e-03
1.700000e+01 -1.018764e-01 -5.992728e-03
1.725000e+01 -1.022951e-01 -5.930149e-03
1.750000e+01 -1.025328e-01 -5.859015e-03
1.775000e+01 -1.025874e-01 -5.779572e-03
1.800000e+01 -1.024575e-01 -5.692084e-03
1.825000e+01 -1.021422e-01 -5.596831e-03
1.850000e+01 -1.016409e-01 -5.494101e-03
1.875000e+01 -1.009537e-01 -5.384200e-03
1.900000e+01 -1.000813e-01 -5.267439e-03
1.925000e+01 -9.902475e-02 -5.144143e-03
1.950000e+01 -9.778550e-02 -5.014641e-03
1.975000e+01 -9.636562e-02 -4.879272e-03
2.000000e+01 -9.476759e-02 -4.738379e-03
2.025000e+01 -9.299430e-02 -4.592311e-03
2.050000e+01 -9.104909e-02 -4.441419e-03
2.075000e+01 -8.893568e-02 -4.286057e-03
2.100000e+01 -8.665820e-02 -4.126581e-03
2.125000e+01 -8.422110e-02 -3.963346e-03
2.150000e+01 -8.162919e-02 -3.796707e-03
2.175000e+01 -7.888760e-02 -3.627016e-03
2.200000e+01 -7.600174e-02 -3.454625e-03
2.225000e+01 -7.297728e-02 -3.279878e-03
2.250000e+01 -6.982012e-02 -3.103117e-03
2.275000e+01 -6.653659e-02 -2.924685e-03
2.300000e+01 -6.313306e-02 -2.744916e-03
2.325000e+01 -5.961615e-02 -2.564135e-03
2.350000e+01 -5.599263e-02 -2.382665e-03
2.375000e+01 -5.226943e-02 -2.200818e-03
2.400000e+01 -4.845364e-02 -2.018902e-03
2.425000e+01 -4.455245e-02 -1.837215e-03
2.450000e+01 -4.057315e-02 -1.656047e-03
2.475000e+01 -3.652308e-02 -1.475680e-03
2.500000e+01 -3.240968e-02 -1.296387e-03
2.525000e+01 -2.824038e-02 -1.118431e-03
2.550000e+01 -2.402268e-02 -9.420659e-04
2.575000e+01 -1.976404e-02 -7.675356e-04
2.600000e+01 -1.547193e-02 -5.950740e-04
2.625000e+01 -1.115377e-02 -4.249054e-04
2.650000e+01 -6.816949e-03 -2.572434e-04
2.675000e+01 -2.468798e-03 -9.229151e-05
2.700000e+01 1.883437e-03 6.975694e-05
2.725000e+01 6.232595e-03 2.287191e-04
2.750000e+01 1.057162e-02 3.844224e-04
2.775000e+01 1.489355e-02 5.367047e-04
2.800000e+01 1.919159e-02 6.854139e-04
2.825000e+01 2.345904e-02 8.304084e-04
2.850000e+01 2.768936e-02 9.715565e-04
2.875000e+01 3.187618e-02 1.108737e-03
2.900000e+01 3.601329e-02 1.241838e-03
2.925000e+01 4.009464e-02 1.370757e-03
2.950000e+01 4.411438e-02 1.495403e-03
2.975000e+01 4.806685e-02 1.615692e-03
3.000000e+01 5.194658e-02 1.731553e-03
3.025000e+01 5.574827e-02 1.842918e-03
3.050000e+01 5.946689e-02 1.949734e-03
3.075000e+01 6.309758e-02 2.051954e-03
3.100000e+01 6.663568e-02 2.149538e-03
3.125000e+01 7.007677e-02 2.242457e-03
3.150000e+01 7.341665e-02 2.330687e-03
3.175000e+01 7.665134e-02 2.414215e-03
3.200000e+01 7.977709e-02 2.493034e-03
3.225000e+01 8.279037e-02 2.567143e-03
3.250000e+01 8.568788e-02 2.636550e-03
3.275000e+01 8.846654e-02 2.701268e-03
3.300000e+01 9.112350e-02 2.761318e-03
3.325000e+01 9.365615e-02 2.816726e-03
3.350000e+01 9.606208e-02 2.867525e-03
3.375000e+01 9.833912e-02 2.913752e-03
3.400000e+01 1.004853e-01 2.955450e-03
3.425000e+01 1.024989e-01 2.992668e-03
3.450000e+01 1.043784e-01 3.025460e-03
3.475000e+01 1.061225e-01 3.053884e-03
3.500000e+01 1.077300e-01 3.078000e-03
3.525000e+01 1.092002e-01 3.097878e-03
3.550000e+01 1.105323e-01 3.113585e-03
3.575000e+01 1.117258e-01 3.125197e-03
3.600000e+01 1.127805e-01 3.132791e-03
3.625000e+01 1.136962e-01 3.136447e-03
3.650000e+01 1.144731e-01 3.136248e-03
3.675000e+01 1.151113e-01 3.132281e-03
3.700000e+01 1.156114e-01 3.124633e-03
3.725000e+01 1.159740e-01 3.113396e-03
3.750000e+01 1.161998e-01 3.098661e-03
3.775000e+01 1.162898e-01 3.080524e-03
3.800000e+01 1.162450e-01 3.059080e-03
3.825000e+01 1.160668e-01 3.034427e-03
3.850000e+01 1.157566e-01 3.006664e-03
3.875000e+01 1.153157e-01 2.975889e-03
3.900000e+01 1.147460e-01 2.942204e-03
3.925000e+01 1.140491e-01 2.905710e-03
3.950000e+01 1.132271e-01 2.866509e-03
3.975000e+01 1.122819e-01 2.824701e-03
4.000000e+01 1.112156e-01 2.780391e-03
4.025000e+01 1.100306e-01 2.733680e-03
4.050000e+01 1.087291e-01 2.684669e-03
4.075000e+01 1.073136e-01 2.633462e-03
4.100000e+01 1.057865e-01 2.580159e-03
4.125000e+01 1.041506e-01 2.524862e-03
4.150000e+01 1.024084e-01 2.467671e-03
4.175000e+01 1.005627e-01 2.408686e-03
4.200000e+01 9.861625e-02 2.348006e-03
4.225000e+01 9.657201e-02 2.285728e-03
4.250000e+01 9.443287e-02 2.221950e-03
4.275000e+01 9.220178e-02 2.156767e-03
4.300000e+01 8.988177e-02 2.090274e-03
4.325000e+01 8.747589e-02 2.022564e-03
4.350000e+01 8.498722e-02 1.953729e-03
4.375000e+01 8.241888e-02 1.883860e-03
4.400000e+01 7.977402e-02 1.813046e-03
4.425000e+01 7.705578e-02 1.741374e-03
4.450000e+01 7.426735e-02 1.668929e-03
4.475000e+01 7.141191e-02 1.595797e-03
4.500000e+01 6.849266e-02 1.522059e-03
4.550000e+01 6.247567e-02 1.373092e-03
4.600000e+01 5.624153e-02 1.222642e-03
4.650000e+01 4.981582e-02 1.071308e-03
4.700000e+01 4.322382e-02 9.196558e-04
4.750000e+01 3.649039e-02 7.682187e-04
4.800000e+01 2.963991e-02 6.174982e-04
4.850000e+01 2.269624e-02 4.679638e-04
4.900000e+01 1.568260e-02 3.200531e-04
4.950000e+01 8.621550e-03 1.741727e-04
5.000000e+01 1.534900e-03 3.069800e-05
5.050000e+01 -5.556309e-03 -1.100259e-04
5.100000e+01 -1.263187e-02 -2.476837e-04
5.150000e+01 -1.967244e-02 -3.819892e-04
5.200000e+01 -2.665959e-02 -5.126845e-04
5.250000e+01 -3.357582e-02 -6.395394e-04
5.300000e+01 -4.040457e-02 -7.623504e-04
5.350000e+01 -4.713027e-02 -8.809397e-04
5.400000e+01 -5.373835e-02 -9.951545e-04
5.450000e+01 -6.021519e-02 -1.104866e-03
5.500000e+01 -6.654823e-02 -1.209968e-03
5.550000e+01 -7.272584e-02 -1.310375e-03
5.600000e+01 -7.873742e-02 -1.406025e-03
5.650000e+01 -8.457333e-02 -1.496873e-03
5.700000e+01 -9.022487e-02 -1.582892e-03
5.750000e+01 -9.568428e-02 -1.664074e-03
5.800000e+01 -1.009447e-01 -1.740426e-03
5.850000e+01 -1.060001e-01 -1.811967e-03
5.900000e+01 -1.108453e-01 -1.878733e-03
5.950000e+01 -1.154759e-01 -1.940771e-03
6.000000e+01 -1.198881e-01 -1.998136e-03
6.050000e+01 -1.240797e-01 -2.050904e-03
6.100000e+01 -1.280485e-01 -2.099156e-03
6.150000e+01 -1.317932e-01 -2.142978e-03
6.200000e+01 -1.353130e-01 -2.182468e-03
6.250000e+01 -1.386080e-01 -2.217729e-03
6.300000e+01 -1.416788e-01 -2.248870e-03
6.350000e+01 -1.445266e-01 -2.276009e-03
6.400000e+01 -1.471529e-01 -2.299264e-03
6.450000e+01 -1.495601e-01 -2.318761e-03
6.500000e+01 -1.517508e-01 -2.334627e-03
6.550000e+01 -1.537280e-01 -2.346992e-03
6.600000e+01 -1.554952e-01 -2.355988e-03
6.650000e+01 -1.570563e-01 -2.361749e-03
6.700000e+01 -1.584154e-01 -2.364409e-03
6.750000e+01 -1.595771e-01 -2.364105e-03
6.800000e+01 -1.605460e-01 -2.360970e-03
6.850000e+01 -1.613271e-01 -2.355140e-03
6.900000e+01 -1.619257e-01 -2.346749e-03
6.950000e+01 -1.623471e-01 -2.335930e-03
7.000000e+01 -1.625969e-01 -2.322813e-03
7.050000e+01 -1.626808e-01 -2.307530e-03
7.100000e+01 -1.626047e-01 -2.290206e-03
7.150000e+01 -1.623743e-01 -2.270969e-03
7.200000e+01 -1.619956e-01 -2.249940e-03
7.250000e+01 -1.614748e-01 -2.227239e-03
7.300000e+01 -1.608178e-01 -2.202984e-03
7.350000e+01 -1.600308e-01 -2.177289e-03
7.400000e+01 -1.591197e-01 -2.150266e-03
7.450000e+01 -1.580905e-01 -2.122020e-03
7.500000e+01 -1.569493e-01 -2.092658e-03
7.550000e+01 -1.557021e-01 -2.062280e-03
7.600000e+01 -1.543547e-01 -2.030983e-03
7.650000e+01 -1.529130e-01 -1.998862e-03
7.700000e+01 -1.513826e-01 -1.966007e-03
7.750000e+01 -1.497692e-01 -1.932506e-03
7.800000e+01 -1.480784e-01 -1.898441e-03
7.850000e+01 -1.463155e-01 -1.863892e-03
7.900000e+01 -1.444859e-01 -1.828936e-03
7.950000e+01 -1.425948e-01 -1.793645e-03
8.000000e+01 -1.406472e-01 -1.758090e-03
8.050000e+01 -1.386480e-01 -1.722335e-03
8.100000e+01 -1.366019e-01 -1.686443e-03
8.150000e+01 -1.345137e-01 -1.650475e-03
8.200000e+01 -1.323877e-01 -1.614485e-03
8.250000e+01 -1.302284e-01 -1.578527e-03
8.300000e+01 -1.280400e-01 -1.542650e-03
8.350000e+01 -1.258264e-01 -1.506902e-03
8.400000e+01 -1.235915e-01 -1.471327e-03
8.450000e+01 -1.213391e-01 -1.435966e-03
8.500000e+01 -1.190727e-01 -1.400856e-03
8.550000e+01 -1.167959e-01 -1.366034e-03
8.600000e+01 -1.145118e-01 -1.331532e-03
8.650000e+01 -1.122236e-01 -1.297382e-03
8.700000e+01 -1.099342e-01 -1.263611e-03
8.750000e+01 -1.076465e-01 -1.230246e-03
8.800000e+01 -1.053632e-01 -1.197309e-03
8.850000e+01 -1.030868e-01 -1.164823e-03
8.900000e+01 -1.008198e-01 -1.132806e-03
8.950000e+01 -9.856435e-02 -1.101278e-03
9.000000e+01 -9.632270e-02 -1.070252e-03
9.100000e+01 -9.188858e-02 -1.009765e-03
9.200000e+01 -8.753190e-02 -9.514337e-04
9.300000e+01 -8.326541e-02 -8.953270e-04
9.400000e+01 -7.909998e-02 -8.414891e-04
9.500000e+01 -7.504479e-02 -7.899452e-04
9.600000e+01 -7.110744e-02 -7.407025e-04
9.700000e+01 -6.729406e-02 -6.937532e-04
9.800000e+01 -6.360945e-02 -6.490760e-04
9.900000e+01 -6.005720e-02 -6.066384e-04
1.000000e+02 -5.663978e-02 -5.663978e-04
1.010000e+02 -5.335868e-02 -5.283038e-04
1.020000e+02 -5.021446e-02 -4.922986e-04
1.030000e+02 -4.720690e-02 -4.583194e-04
1.040000e+02 -4.433506e-02 -4.262986e-04
1.050000e+02 -4.159736e-02 -3.961653e-04
1.060000e+02 -3.899169e-02 -3.678461e-04
1.070000e+02 -3.651545e-02 -3.412659e-04
1.080000e+02 -3.416566e-02 -3.163487e-04
1.090000e+02 -3.193900e-02 -2.930184e-04
1.100000e+02 -2.983186e-02 -2.711987e-04
1.110000e+02 -2.784042e-02 -2.508146e-04
1.120000e+02 -2.596070e-02 -2.317919e-04
1.130000e+02 -2.418857e-02 -2.140581e-04
1.140000e+02 -2.251985e-02 -1.975425e-04
1.150000e+02 -2.095029e-02 -1.821764e-04
1.160000e+02 -1.947562e-02 -1.678933e-04
1.170000e+02 -1.809159e-02 -1.546290e-04
1.180000e+02 -1.679397e-02 -1.423218e-04
1.190000e+02 -1.557857e-02 -1.309124e-04
1.200000e+02 -1.444126e-02 -1.203438e-04
1.210000e+02 -1.337801e-02 -1.105621e-04
1.220000e+02 -1.238501e-02 -1.015165e-04
1.230000e+02 -1.145839e-02 -9.315766e-05
1.240000e+02 -1.059445e-02 -8.543915e-05
1.250000e+02 -9.789625e-03 -7.831700e-05
1.260000e+02 -9.040476e-03 -7.174981e-05
1.270000e+02 -8.343715e-03 -6.569854e-05
1.280000e+02 -7.696189e-03 -6.012648e-05
1.290000e+02 -7.094883e-03 -5.499910e-05
1.300000e+02 -6.536918e-03 -5.028398e-05
1.310000e+02 -6.019549e-03 -4.595075e-05
1.320000e+02 -5.540163e-03 -4.197093e-05
1.330000e+02 -5.096280e-03 -3.831790e-05
1.340000e+02 -4.685547e-03 -3.496677e-05
1.350000e+02 -4.305735e-03 -3.189433e-05
1.360000e+02 -3.954741e-03 -2.907898e-05
1.370000e+02 -3.630578e-03 -2.650057e-05
1.380000e+02 -3.331377e-03 -2.414041e-05
1.390000e+02 -3.055380e-03 -2.198115e-05
1.400000e+02 -2.800936e-03 -2.000669e-05
1.410000e+02 -2.566500e-03 -1.820213e-05
1.420000e+02 -2.350623e-03 -1.655369e-05
1.430000e+02 -2.151951e-03 -1.504861e-05
1.440000e+02 -1.969217e-03 -1.367512e-05
1.450000e+02 -1.801239e-03 -1.242234e-05
1.460000e+02 -1.646910e-03 -1.128020e-05
1.470000e+02 -1.505194e-03 -1.023941e-05
1.480000e+02 -1.375120e-03 -9.291348e-06
1.490000e+02 -1.255774e-03 -8.428012e-06
1.500000e+02 -1.146293e-03 -7.641953e-06
1.510000e+02 -1.045978e-03 -6.927007e-06
1.520000e+02 -9.540737e-04 -6.276800e-06
1.530000e+02 -8.699155e-04 -5.685722e-06
1.540000e+02 -7.928868e-04 -5.148616e-06
1.550000e+02 -7.224155e-04 -4.660745e-06
1.560000e+02 -6.579717e-04 -4.217768e-06
1.570000e+02 -5.990652e-04 -3.815702e-06
1.580000e+02 -5.452425e-04 -3.450902e-06
1.590000e+02 -4.960849e-04 -3.120031e-06
1.600000e+02 -4.512059e-04 -2.820037e-06
1.610000e+02 -4.102494e-04 -2.548133e-06
1.620000e+02 -3.728869e-04 -2.301771e-06
1.630000e+02 -3.388162e-04 -2.078627e-06
1.640000e+02 -3.077592e-04 -1.876580e-06
1.650000e+02 -2.794600e-04 -1.693697e-06
1.660000e+02 -2.536836e-04 -1.528215e-06
1.670000e+02 -2.302140e-04 -1.378527e-06
1.680000e+02 -2.088525e-04 -1.243170e-06
1.690000e+02 -1.894171e-04 -1.120811e-06
1.700000e+02 -1.717402e-04 -1.010237e-06
1.710000e+02 -1.556684e-04 -9.103415e-07
1.720000e+02 -1.410606e-04 -8.201199e-07
1.730000e+02 -1.277877e-04 -7.386570e-07
1.740000e+02 -1.157311e-04 -6.651210e-07
1.750000e+02 -1.047824e-04 -5.987564e-07
1.760000e+02 -9.484258e-05 -5.388783e-07
1.770000e+02 -8.582140e-05 -4.848667e-07
1.780000e+02 -7.763690e-05 -4.361624e-07
1.790000e+02 -7.021509e-05 -3.922631e-07
1.800000e+02 -6.348969e-05 -3.527205e-07
1.806000e+02 -5.975915e-05 -3.308923e-07
1.812000e+02 -5.624262e-05 -3.103898e-07
1.818000e+02 -5.292821e-05 -2.911343e-07
1.824000e+02 -4.980462e-05 -2.730517e-07
1.830000e+02 -4.686119e-05 -2.560721e-07
1.836000e+02 -4.408780e-05 -2.401296e-07
1.842000e+02 -4.147490e-05 -2.251623e-07
1.848000e+02 -3.901344e-05 -2.111117e-07
1.854000e+02 -3.669487e-05 -1.979227e-07
1.860000e+02 -3.451111e-05 -1.855436e-07
1.866000e+02 -3.245452e-05 -1.739256e-07
1.872000e+02 -3.051789e-05 -1.630229e-07
1.878000e+02 -2.869439e-05 -1.527923e-07
1.884000e+02 -2.697757e-05 -1.431930e-07
1.890000e+02 -2.536135e-05 -1.341871e-07
1.896000e+02 -2.383999e-05 -1.257384e-07
1.902000e+02 -2.240805e-05 -1.178131e-07
1.908000e+02 -2.106041e-05 -1.103795e-07
1.914000e+02 -1.979221e-05 -1.034076e-07
1.920000e+02 -1.859889e-05 -9.686924e-08
1.926000e+02 -1.747613e-05 -9.073797e-08
1.932000e+02 -1.641985e-05 -8.498888e-08
1.938000e+02 -1.542620e-05 -7.959854e-08
1.944000e+02 -1.449154e-05 -7.454495e-08
1.950000e+02 -1.361245e-05 -6.980741e-08
1.956000e+02 -1.278568e-05 -6.536648e-08
1.962000e+02 -1.200821e-05 -6.120390e-08
1.968000e+02 -1.127714e-05 -5.730254e-08
1.974000e+02 -1.058979e-05 -5.364633e-08
1.980000e+02 -9.943611e-06 -5.022026e-08
1.986600e+02 -9.277453e-06 -4.670016e-08
1.993200e+02 -8.655134e-06 -4.342331e-08
1.999800e+02 -8.073836e-06 -4.037322e-08
2.006400e+02 -7.530914e-06 -3.753446e-08
2.013000e+02 -7.023888e-06 -3.489264e-08
2.019600e+02 -6.550431e-06 -3.243430e-08
2.026200e+02 -6.108364e-06 -3.014689e-08
2.032800e+02 -5.695643e-06 -2.801871e-08
2.039400e+02 -5.310357e-06 -2.603882e-08
2.046000e+02 -4.950713e-06 -2.419703e-08
2.052600e+02 -4.615036e-06 -2.248386e-08
2.059200e+02 -4.301758e-06 -2.089043e-08
2.065800e+02 -4.009410e-06 -1.940851e-08
2.072400e+02 -3.736621e-06 -1.803040e-08
2.079000e+02 -3.482104e-06 -1.674894e-08
2.085600e+02 -3.244660e-06 -1.555744e-08
2.092200e+02 -3.023164e-06 -1.444969e-08
2.098800e+02 -2.816564e-06 -1.341988e-08
2.105400e+02 -2.623877e-06 -1.246261e-08
2.112000e+02 -2.444182e-06 -1.157283e-08
2.118600e+02 -2.276617e-06 -1.074586e-08
2.125200e+02 -2.120377e-06 -9.977306e-09
2.131800e+02 -1.974707e-06 -9.263097e-09
2.138400e+02 -1.838902e-06 -8.599431e-09
2.145000e+02 -1.712304e-06 -7.982769e-09
2.151600e+02 -1.594296e-06 -7.409816e-09
2.158200e+02 -1.484305e-06 -6.877515e-09
2.164800e+02 -1.381797e-06 -6.383023e-09
2.171400e+02 -1.286275e-06 -5.923713e-09
2.178000e+02 -1.197281e-06 -5.497158e-09
2.185260e+02 -1.106383e-06 -5.062935e-09
2.192520e+02 -1.022292e-06 -4.662634e-09
2.199780e+02 -9.445082e-07 -4.293648e-09
2.207040e+02 -8.725672e-07 -3.953563e-09
2.214300e+02 -8.060374e-07 -3.640145e-09
2.221560e+02 -7.445176e-07 -3.351328e-09
2.228820e+02 -6.876359e-07 -3.085202e-09
2.236080e+02 -6.350471e-07 -2.840002e-09
2.243340e+02 -5.864312e-07 -2.614098e-09
2.250600e+02 -5.414917e-07 -2.405988e-09
2.257860e+02 -4.999542e-07 -2.214284e-09
2.265120e+02 -4.615644e-07 -2.037704e-09
2.272380e+02 -4.260868e-07 -1.875068e-09
2.279640e+02 -3.933036e-07 -1.725288e-09
2.286900e+02 -3.630130e-07 -1.587358e-09
2.294160e+02 -3.350283e-07 -1.460353e-09
2.301420e+02 -3.091765e-07 -1.343416e-09
2.308680e+02 -2.852975e-07 -1.235760e-09
2.315940e+02 -2.632429e-07 -1.136657e-09
2.323200e+02 -2.428752e-07 -1.045434e-09
2.330460e+02 -2.240668e-07 -9.614702e-10
2.337720e+02 -2.066997e-07 -8.841934e-10
2.344980e+02 -1.906644e-07 -8.130746e-10
2.352240e+02 -1.758595e-07 -7.476256e-10
2.359500e+02 -1.621912e-07 -6.873966e-10
2.366760e+02 -1.495730e-07 -6.319737e-10
2.374020e+02 -1.379250e-07 -5.809766e-10
2.381280e+02 -1.271740e-07 -5.340574e-10
2.388540e+02 -1.172533e-07 -4.908994e-10
2.395800e+02 -1.081023e-07 -4.512157e-10
2.403786e+02 -9.884875e-08 -4.112211e-10
2.411772e+02 -9.037866e-08 -3.747396e-10
2.419758e+02 -8.262693e-08 -3.414678e-10
2.427744e+02 -7.553365e-08 -3.111269e-10
2.435730e+02 -6.904364e-08 -2.834618e-10
2.443716e+02 -6.310619e-08 -2.582386e-10
2.451702e+02 -5.767472e-08 -2.352436e-10
2.459688e+02 -5.270649e-08 -2.142812e-10
2.467674e+02 -4.816231e-08 -1.951729e-10
2.475660e+02 -4.400626e-08 -1.777557e-10
2.483646e+02 -4.020547e-08 -1.618808e-10
2.491632e+02 -3.672982e-08 -1.474127e-10
2.499618e+02 -3.355177e-08 -1.342276e-10
2.507604e+02 -3.064610e-08 -1.222127e-10
2.515590e+02 -2.798974e-08 -1.112651e-10
2.523576e+02 -2.556158e-08 -1.012911e-10
2.531562e+02 -2.334225e-08 -9.220494e-11
2.539548e+02 -2.131405e-08 -8.392850e-11
2.547534e+02 -1.946070e-08 -7.639036e-11
2.555520e+02 -1.776732e-08 -6.952526e-11
2.563506e+02 -1.622021e-08 -6.327354e-11
2.571492e+02 -1.480682e-08 -5.758065e-11
2.579478e+02 -1.351562e-08 -5.239672e-11
2.587464e+02 -1.233605e-08 -4.767622e-11
2.595450e+02 -1.125844e-08 -4.337761e-11
2.603436e+02 -1.027398e-08 -3.946317e-11
2.611422e+02 -9.374678e-09 -3.589875e-11
2.619408e+02 -8.553326e-09 -3.265366e-11
2.627394e+02 -7.803524e-09 -2.970062e-11
2.635380e+02 -7.119672e-09 -2.701573e-11
2.644165e+02 -6.435515e-09 -2.433856e-11
2.652949e+02 -5.816487e-09 -2.192461e-11
2.661734e+02 -5.256515e-09 -1.974846e-11
2.670518e+02 -4.750055e-09 -1.778702e-11
2.679303e+02 -4.292059e-09 -1.601931e-11
2.688088e+02 -3.877933e-09 -1.442636e-11
2.696872e+02 -3.503504e-09 -1.299099e-11
2.705657e+02 -3.164987e-09 -1.169767e-11
2.714441e+02 -2.858952e-09 -1.053238e-11
2.723226e+02 -2.582293e-09 -9.482478e-12
2.732011e+02 -2.332203e-09 -8.536580e-12
2.740795e+02 -2.106142e-09 -7.684420e-12
2.749580e+02 -1.901818e-09 -6.916758e-12
2.758364e+02 -1.717157e-09 -6.225273e-12
2.767149e+02 -1.550287e-09 -5.602471e-12
2.775934e+02 -1.399514e-09 -5.041599e-12
2.784718e+02 -1.263306e-09 -4.536568e-12
2.793503e+02 -1.140275e-09 -4.081882e-12
2.802287e+02 -1.029161e-09 -3.672575e-12
2.811072e+02 -9.288228e-10 -3.304159e-12
2.819857e+02 -8.382214e-10 -2.972567e-12
2.828641e+02 -7.564129e-10 -2.674121e-12
2.837426e+02 -6.825398e-10 -2.405490e-12
2.846210e+02 -6.158238e-10 -2.163662e-12
2.854995e+02 -5.555615e-10 -1.945928e-12
2.863780e+02 -5.011210e-10 -1.749859e-12
2.872564e+02 -4.519400e-10 -1.573298e-12
2.881349e+02 -4.075267e-10 -1.414361e-12
2.890133e+02 -3.674610e-10 -1.271433e-12
2.898918e+02 -3.313984e-10 -1.143180e-12
2.908581e+02 -2.957073e-10 -1.016672e-12
2.918244e+02 -2.638088e-10 -9.039983e-13
2.927907e+02 -2.353074e-10 -8.036710e-13
2.937570e+02 -2.098456e-10 -7.143509e-13
2.947233e+02 -1.871008e-10 -6.348354e-13
2.956896e+02 -1.667826e-10 -5.640460e-13
2.966559e+02 -1.486299e-10 -5.010178e-13
2.976222e+02 -1.324087e-10 -4.448886e-13
2.985886e+02 -1.179093e-10 -3.948890e-13
2.995549e+02 -1.049441e-10 -3.503334e-13
3.005212e+02 -9.334533e-11 -3.106115e-13
3.014875e+02 -8.296330e-11 -2.751799e-13
3.024538e+02 -7.366419e-11 -2.435552e-13
3.034201e+02 -6.532838e-11 -2.153067e-13
3.043864e+02 -5.784880e-11 -1.900505e-13
3.053527e+02 -5.112941e-11 -1.674438e-13
3.063190e+02 -4.508385e-11 -1.471794e-13
3.072853e+02 -3.963413e-11 -1.289815e-13
3.082516e+02 -3.470957e-11 -1.126014e-13
3.092179e+02 -3.024580e-11 -9.781387e-14
3.101842e+02 -2.618391e-11 -8.441406e-14
3.111505e+02 -2.246972e-11 -7.221496e-14
3.121168e+02 -1.905324e-11 -6.104520e-14
3.130831e+02 -1.588815e-11 -5.074739e-14
3.140494e+02 -1.293157e-11 -4.117686e-14
3.150158e+02 -1.014379e-11 -3.220090e-14
3.159821e+02 -7.488281e-12 -2.369844e-14
3.169484e+02 -4.931743e-12 -1.556008e-14
3.179147e+02 -2.444331e-12 -7.688638e-15
3.188810e+02 -7.285464e-26
