# 
# Output from EIGENRAD program.
# 
# Eigenfunction for specific electronic state.
# The first column contains radius $r$ in bohr units.
# The second column holds value of eginefunction.
# 
# Use this file with gnuplot to create the plot.
#
0.000000e+00 0.000000e+00 3.841269e-06
2.500000e-01 7.123235e-08 2.849294e-07
5.000000e-01 -6.848066e-07 -1.369613e-06
7.500000e-01 -1.713126e-06 -2.284168e-06
1.000000e+00 -3.545341e-06 -3.545341e-06
1.250000e+00 -7.705988e-06 -6.164791e-06
1.500000e+00 -1.661922e-05 -1.107948e-05
1.750000e+00 -3.351587e-05 -1.915193e-05
2.000000e+00 -6.234094e-05 -3.117047e-05
2.250000e+00 -1.076614e-04 -4.784952e-05
2.500000e+00 -1.745745e-04 -6.982980e-05
2.750000e+00 -2.686162e-04 -9.767862e-05
3.000000e+00 -3.956703e-04 -1.318901e-04
3.250000e+00 -5.618779e-04 -1.728855e-04
3.500000e+00 -7.735467e-04 -2.210134e-04
3.750000e+00 -1.037062e-03 -2.765498e-04
4.000000e+00 -1.358796e-03 -3.396989e-04
4.250000e+00 -1.745019e-03 -4.105928e-04
4.500000e+00 -2.201813e-03 -4.892919e-04
4.750000e+00 -2.734980e-03 -5.757853e-04
5.000000e+00 -3.349954e-03 -6.699909e-04
5.250000e+00 -4.051718e-03 -7.717559e-04
5.500000e+00 -4.844711e-03 -8.808566e-04
5.750000e+00 -5.732746e-03 -9.969992e-04
6.000000e+00 -6.718918e-03 -1.119820e-03
6.250000e+00 -7.805525e-03 -1.248884e-03
6.500000e+00 -8.993977e-03 -1.383689e-03
6.750000e+00 -1.028471e-02 -1.523661e-03
7.000000e+00 -1.167711e-02 -1.668159e-03
7.250000e+00 -1.316942e-02 -1.816472e-03
7.500000e+00 -1.475865e-02 -1.967820e-03
7.750000e+00 -1.644593e-02 -2.122055e-03
8.000000e+00 -1.822598e-02 -2.278247e-03
8.250000e+00 -2.009490e-02 -2.435746e-03
8.500000e+00 -2.204801e-02 -2.593884e-03
8.750000e+00 -2.407989e-02 -2.751988e-03
9.000000e+00 -2.618446e-02 -2.909384e-03
9.250000e+00 -2.835500e-02 -3.065406e-03
9.500000e+00 -3.058429e-02 -3.219399e-03
9.750000e+00 -3.286458e-02 -3.370727e-03
1.000000e+01 -3.518771e-02 -3.518771e-03
1.025000e+01 -3.754513e-02 -3.662940e-03
1.050000e+01 -3.992798e-02 -3.802665e-03
1.075000e+01 -4.232713e-02 -3.937407e-03
1.100000e+01 -4.473323e-02 -4.066657e-03
1.125000e+01 -4.713678e-02 -4.189936e-03
1.150000e+01 -4.952817e-02 -4.306797e-03
1.175000e+01 -5.189772e-02 -4.416828e-03
1.200000e+01 -5.423578e-02 -4.519648e-03
1.225000e+01 -5.653269e-02 -4.614913e-03
1.250000e+01 -5.877890e-02 -4.702312e-03
1.275000e+01 -6.096501e-02 -4.781569e-03
1.300000e+01 -6.308178e-02 -4.852444e-03
1.325000e+01 -6.512019e-02 -4.914731e-03
1.350000e+01 -6.707150e-02 -4.968259e-03
1.375000e+01 -6.892729e-02 -5.012894e-03
1.400000e+01 -7.067946e-02 -5.048533e-03
1.425000e+01 -7.232033e-02 -5.075111e-03
1.450000e+01 -7.384264e-02 -5.092596e-03
1.475000e+01 -7.523960e-02 -5.100990e-03
1.500000e+01 -7.650493e-02 -5.100328e-03
1.525000e+01 -7.763231e-02 -5.090643e-03
1.550000e+01 -7.861657e-02 -5.072036e-03
1.575000e+01 -7.945269e-02 -5.044615e-03
1.600000e+01 -8.013623e-02 -5.008514e-03
1.625000e+01 -8.066327e-02 -4.963894e-03
1.650000e+01 -8.103046e-02 -4.910937e-03
1.675000e+01 -8.123498e-02 -4.849849e-03
1.700000e+01 -8.127456e-02 -4.780857e-03
1.725000e+01 -8.114748e-02 -4.704202e-03
1.750000e+01 -8.085257e-02 -4.620147e-03
1.775000e+01 -8.038916e-02 -4.528967e-03
1.800000e+01 -7.975713e-02 -4.430952e-03
1.825000e+01 -7.895689e-02 -4.326405e-03
1.850000e+01 -7.798934e-02 -4.215640e-03
1.875000e+01 -7.685589e-02 -4.098981e-03
1.900000e+01 -7.555842e-02 -3.976759e-03
1.925000e+01 -7.409930e-02 -3.849314e-03
1.950000e+01 -7.248136e-02 -3.716993e-03
1.975000e+01 -7.070787e-02 -3.580145e-03
2.000000e+01 -6.878251e-02 -3.439126e-03
2.025000e+01 -6.670940e-02 -3.294292e-03
2.050000e+01 -6.449303e-02 -3.146001e-03
2.075000e+01 -6.213824e-02 -2.994614e-03
2.100000e+01 -5.965024e-02 -2.840488e-03
2.125000e+01 -5.703455e-02 -2.683979e-03
2.150000e+01 -5.429700e-02 -2.525442e-03
2.175000e+01 -5.144366e-02 -2.365226e-03
2.200000e+01 -4.848087e-02 -2.203676e-03
2.225000e+01 -4.541516e-02 -2.041131e-03
2.250000e+01 -4.225328e-02 -1.877923e-03
2.275000e+01 -3.900230e-02 -1.714387e-03
2.300000e+01 -3.566933e-02 -1.550841e-03
2.325000e+01 -3.226164e-02 -1.387598e-03
2.350000e+01 -2.878662e-02 -1.224962e-03
2.375000e+01 -2.525174e-02 -1.063231e-03
2.400000e+01 -2.166458e-02 -9.026909e-04
2.425000e+01 -1.803276e-02 -7.436189e-04
2.450000e+01 -1.436392e-02 -5.862826e-04
2.475000e+01 -1.066574e-02 -4.309391e-04
2.500000e+01 -6.945877e-03 -2.778351e-04
2.525000e+01 -3.211953e-03 -1.272061e-04
2.550000e+01 5.284398e-04 2.072313e-05
2.575000e+01 4.267779e-03 1.657390e-04
2.600000e+01 7.998621e-03 3.076393e-04
2.625000e+01 1.171362e-02 4.462331e-04
2.650000e+01 1.540554e-02 5.813410e-04
2.675000e+01 1.906727e-02 7.127950e-04
2.700000e+01 2.269184e-02 8.404385e-04
2.725000e+01 2.627244e-02 9.641263e-04
2.750000e+01 2.980243e-02 1.083725e-03
2.775000e+01 3.327533e-02 1.199111e-03
2.800000e+01 3.668487e-02 1.310174e-03
2.825000e+01 4.002498e-02 1.416813e-03
2.850000e+01 4.328977e-02 1.518939e-03
2.875000e+01 4.647361e-02 1.616473e-03
2.900000e+01 4.957107e-02 1.709347e-03
2.925000e+01 5.257697e-02 1.797503e-03
2.950000e+01 5.548636e-02 1.880894e-03
2.975000e+01 5.829455e-02 1.959481e-03
3.000000e+01 6.099709e-02 2.033236e-03
3.025000e+01 6.358977e-02 2.102141e-03
3.050000e+01 6.606869e-02 2.166186e-03
3.075000e+01 6.843015e-02 2.225371e-03
3.100000e+01 7.067076e-02 2.279702e-03
3.125000e+01 7.278735e-02 2.329195e-03
3.150000e+01 7.477707e-02 2.373875e-03
3.175000e+01 7.663729e-02 2.413773e-03
3.200000e+01 7.836568e-02 2.448928e-03
3.225000e+01 7.996017e-02 2.479385e-03
3.250000e+01 8.141895e-02 2.505198e-03
3.275000e+01 8.274046e-02 2.526426e-03
3.300000e+01 8.392343e-02 2.543134e-03
3.325000e+01 8.496681e-02 2.555393e-03
3.350000e+01 8.586984e-02 2.563279e-03
3.375000e+01 8.663199e-02 2.566874e-03
3.400000e+01 8.725296e-02 2.566264e-03
3.425000e+01 8.773273e-02 2.561539e-03
3.450000e+01 8.807148e-02 2.552797e-03
3.475000e+01 8.826965e-02 2.540134e-03
3.500000e+01 8.832789e-02 2.523654e-03
3.525000e+01 8.824708e-02 2.503463e-03
3.550000e+01 8.802830e-02 2.479670e-03
3.575000e+01 8.767286e-02 2.452388e-03
3.600000e+01 8.718225e-02 2.421729e-03
3.625000e+01 8.655818e-02 2.387812e-03
3.650000e+01 8.580251e-02 2.350754e-03
3.675000e+01 8.491732e-02 2.310675e-03
3.700000e+01 8.390483e-02 2.267698e-03
3.725000e+01 8.276744e-02 2.221945e-03
3.750000e+01 8.150769e-02 2.173538e-03
3.775000e+01 8.012831e-02 2.122604e-03
3.800000e+01 7.863216e-02 2.069267e-03
3.825000e+01 7.702222e-02 2.013653e-03
3.850000e+01 7.530161e-02 1.955886e-03
3.875000e+01 7.347356e-02 1.896092e-03
3.900000e+01 7.154142e-02 1.834395e-03
3.925000e+01 6.950865e-02 1.770921e-03
3.950000e+01 6.737880e-02 1.705792e-03
3.975000e+01 6.515551e-02 1.639132e-03
4.000000e+01 6.284251e-02 1.571063e-03
4.025000e+01 6.044359e-02 1.501704e-03
4.050000e+01 5.796264e-02 1.431176e-03
4.075000e+01 5.540357e-02 1.359597e-03
4.100000e+01 5.277037e-02 1.287082e-03
4.125000e+01 5.006705e-02 1.213747e-03
4.150000e+01 4.729770e-02 1.139704e-03
4.175000e+01 4.446640e-02 1.065064e-03
4.200000e+01 4.157729e-02 9.899354e-04
4.225000e+01 3.863449e-02 9.144258e-04
4.250000e+01 3.564218e-02 8.386394e-04
4.275000e+01 3.260450e-02 7.626784e-04
4.300000e+01 2.952563e-02 6.866427e-04
4.325000e+01 2.640973e-02 6.106296e-04
4.350000e+01 2.326093e-02 5.347341e-04
4.375000e+01 2.008338e-02 4.590486e-04
4.400000e+01 1.688117e-02 3.836629e-04
4.425000e+01 1.365838e-02 3.086641e-04
4.450000e+01 1.041907e-02 2.341365e-04
4.475000e+01 7.167241e-03 1.601618e-04
4.500000e+01 3.906853e-03 8.681895e-05
4.550000e+01 -2.623686e-03 -5.766343e-05
4.600000e+01 -9.142430e-03 -1.987485e-04
4.650000e+01 -1.561931e-02 -3.358991e-04
4.700000e+01 -2.202541e-02 -4.686258e-04
4.750000e+01 -2.833310e-02 -5.964862e-04
4.800000e+01 -3.451599e-02 -7.190831e-04
4.850000e+01 -4.054910e-02 -8.360640e-04
4.900000e+01 -4.640885e-02 -9.471193e-04
4.950000e+01 -5.207308e-02 -1.051981e-03
5.000000e+01 -5.752117e-02 -1.150423e-03
5.050000e+01 -6.273397e-02 -1.242257e-03
5.100000e+01 -6.769391e-02 -1.327332e-03
5.150000e+01 -7.238495e-02 -1.405533e-03
5.200000e+01 -7.679262e-02 -1.476781e-03
5.250000e+01 -8.090404e-02 -1.541029e-03
5.300000e+01 -8.470787e-02 -1.598262e-03
5.350000e+01 -8.819433e-02 -1.648492e-03
5.400000e+01 -9.135519e-02 -1.691763e-03
5.450000e+01 -9.418371e-02 -1.728142e-03
5.500000e+01 -9.667466e-02 -1.757721e-03
5.550000e+01 -9.882422e-02 -1.780617e-03
5.600000e+01 -1.006300e-01 -1.796964e-03
5.650000e+01 -1.020909e-01 -1.806919e-03
5.700000e+01 -1.032072e-01 -1.810653e-03
5.750000e+01 -1.039804e-01 -1.808354e-03
5.800000e+01 -1.044130e-01 -1.800224e-03
5.850000e+01 -1.045087e-01 -1.786474e-03
5.900000e+01 -1.042723e-01 -1.767327e-03
5.950000e+01 -1.037092e-01 -1.743013e-03
6.000000e+01 -1.028260e-01 -1.713766e-03
6.050000e+01 -1.016306e-01 -1.679845e-03
6.100000e+01 -1.001312e-01 -1.641496e-03
6.150000e+01 -9.833687e-02 -1.598973e-03
6.200000e+01 -9.625718e-02 -1.552535e-03
6.250000e+01 -9.390246e-02 -1.502439e-03
6.300000e+01 -9.128356e-02 -1.448945e-03
6.350000e+01 -8.841178e-02 -1.392312e-03
6.400000e+01 -8.529887e-02 -1.332795e-03
6.450000e+01 -8.195691e-02 -1.270650e-03
6.500000e+01 -7.839830e-02 -1.206128e-03
6.550000e+01 -7.463566e-02 -1.139476e-03
6.600000e+01 -7.068184e-02 -1.070937e-03
6.650000e+01 -6.654979e-02 -1.000749e-03
6.700000e+01 -6.225258e-02 -9.291429e-04
6.750000e+01 -5.780330e-02 -8.563452e-04
6.800000e+01 -5.321508e-02 -7.825747e-04
6.850000e+01 -4.850097e-02 -7.080434e-04
6.900000e+01 -4.367397e-02 -6.329561e-04
6.950000e+01 -3.874694e-02 -5.575099e-04
7.000000e+01 -3.373259e-02 -4.818942e-04
7.050000e+01 -2.864347e-02 -4.062904e-04
7.100000e+01 -2.349189e-02 -3.308717e-04
7.150000e+01 -1.828992e-02 -2.558030e-04
7.200000e+01 -1.304936e-02 -1.812410e-04
7.250000e+01 -7.781712e-03 -1.073340e-04
7.300000e+01 -2.498179e-03 -3.422162e-05
7.350000e+01 2.790390e-03 3.796449e-05
7.400000e+01 8.073490e-03 1.091012e-04
7.450000e+01 1.334099e-02 1.790736e-04
7.500000e+01 1.858312e-02 2.477749e-04
7.550000e+01 2.379047e-02 3.151055e-04
7.600000e+01 2.895415e-02 3.809756e-04
7.650000e+01 3.406555e-02 4.453013e-04
7.700000e+01 3.911650e-02 5.080065e-04
7.750000e+01 4.409926e-02 5.690227e-04
7.800000e+01 4.900650e-02 6.282885e-04
7.850000e+01 5.383132e-02 6.857494e-04
7.900000e+01 5.856726e-02 7.413577e-04
7.950000e+01 6.320825e-02 7.950724e-04
8.000000e+01 6.774866e-02 8.468583e-04
8.050000e+01 7.218326e-02 8.966864e-04
8.100000e+01 7.650721e-02 9.445335e-04
8.150000e+01 8.071610e-02 9.903816e-04
8.200000e+01 8.480590e-02 1.034218e-03
8.250000e+01 8.877296e-02 1.076036e-03
8.300000e+01 9.261401e-02 1.115832e-03
8.350000e+01 9.632617e-02 1.153607e-03
8.400000e+01 9.990690e-02 1.189368e-03
8.450000e+01 1.033540e-01 1.223124e-03
8.500000e+01 1.066657e-01 1.254891e-03
8.550000e+01 1.098404e-01 1.284683e-03
8.600000e+01 1.128770e-01 1.312524e-03
8.650000e+01 1.157746e-01 1.338435e-03
8.700000e+01 1.185326e-01 1.362444e-03
8.750000e+01 1.211508e-01 1.384581e-03
8.800000e+01 1.236291e-01 1.404876e-03
8.850000e+01 1.259677e-01 1.423364e-03
8.900000e+01 1.281671e-01 1.440080e-03
8.950000e+01 1.302281e-01 1.455062e-03
9.000000e+01 1.321514e-01 1.468349e-03
9.100000e+01 1.355909e-01 1.490010e-03
9.200000e+01 1.384961e-01 1.505392e-03
9.300000e+01 1.408818e-01 1.514859e-03
9.400000e+01 1.427651e-01 1.518778e-03
9.500000e+01 1.441650e-01 1.517526e-03
9.600000e+01 1.451022e-01 1.511481e-03
9.700000e+01 1.455987e-01 1.501018e-03
9.800000e+01 1.456779e-01 1.486509e-03
9.900000e+01 1.453637e-01 1.468320e-03
1.000000e+02 1.446807e-01 1.446807e-03
1.010000e+02 1.436541e-01 1.422318e-03
1.020000e+02 1.423090e-01 1.395186e-03
1.030000e+02 1.406704e-01 1.365732e-03
1.040000e+02 1.387635e-01 1.334264e-03
1.050000e+02 1.366127e-01 1.301073e-03
1.060000e+02 1.342420e-01 1.266434e-03
1.070000e+02 1.316750e-01 1.230607e-03
1.080000e+02 1.289341e-01 1.193835e-03
1.090000e+02 1.260414e-01 1.156343e-03
1.100000e+02 1.230176e-01 1.118342e-03
1.110000e+02 1.198826e-01 1.080023e-03
1.120000e+02 1.166553e-01 1.041565e-03
1.130000e+02 1.133536e-01 1.003129e-03
1.140000e+02 1.099941e-01 9.648607e-04
1.150000e+02 1.065926e-01 9.268925e-04
1.160000e+02 1.031638e-01 8.893430e-04
1.170000e+02 9.972123e-02 8.523182e-04
1.180000e+02 9.627771e-02 8.159128e-04
1.190000e+02 9.284507e-02 7.802107e-04
1.200000e+02 8.943442e-02 7.452868e-04
1.210000e+02 8.605436e-02 7.111930e-04
1.220000e+02 8.271391e-02 6.779829e-04
1.230000e+02 7.942097e-02 6.456990e-04
1.240000e+02 7.618252e-02 6.143752e-04
1.250000e+02 7.300473e-02 5.840378e-04
1.260000e+02 6.989296e-02 5.547060e-04
1.270000e+02 6.685186e-02 5.263926e-04
1.280000e+02 6.388538e-02 4.991045e-04
1.290000e+02 6.099683e-02 4.728437e-04
1.300000e+02 5.818893e-02 4.476071e-04
1.310000e+02 5.546381e-02 4.233879e-04
1.320000e+02 5.282314e-02 4.001753e-04
1.330000e+02 5.026805e-02 3.779553e-04
1.340000e+02 4.779930e-02 3.567112e-04
1.350000e+02 4.541719e-02 3.364236e-04
1.360000e+02 4.312170e-02 3.170713e-04
1.370000e+02 4.091245e-02 2.986310e-04
1.380000e+02 3.878878e-02 2.810781e-04
1.390000e+02 3.674975e-02 2.643867e-04
1.400000e+02 3.479420e-02 2.485300e-04
1.410000e+02 3.292075e-02 2.334805e-04
1.420000e+02 3.112782e-02 2.192100e-04
1.430000e+02 2.941371e-02 2.056903e-04
1.440000e+02 2.777656e-02 1.928928e-04
1.450000e+02 2.621440e-02 1.807890e-04
1.460000e+02 2.472518e-02 1.693506e-04
1.470000e+02 2.330678e-02 1.585495e-04
1.480000e+02 2.195701e-02 1.483582e-04
1.490000e+02 2.067366e-02 1.387494e-04
1.500000e+02 1.945450e-02 1.296967e-04
1.510000e+02 1.829717e-02 1.211733e-04
1.520000e+02 1.719947e-02 1.131544e-04
1.530000e+02 1.615909e-02 1.056150e-04
1.540000e+02 1.517378e-02 9.853104e-05
1.550000e+02 1.424128e-02 9.187925e-05
1.560000e+02 1.335940e-02 8.563717e-05
1.570000e+02 1.252596e-02 7.978316e-05
1.580000e+02 1.173883e-02 7.429638e-05
1.590000e+02 1.099594e-02 6.915683e-05
1.600000e+02 1.029525e-02 6.434531e-05
1.610000e+02 9.634789e-03 5.984341e-05
1.620000e+02 9.012629e-03 5.563351e-05
1.630000e+02 8.426904e-03 5.169880e-05
1.640000e+02 7.875804e-03 4.802320e-05
1.650000e+02 7.357581e-03 4.459140e-05
1.660000e+02 6.870547e-03 4.138884e-05
1.670000e+02 6.413077e-03 3.840166e-05
1.680000e+02 5.983607e-03 3.561671e-05
1.690000e+02 5.580637e-03 3.302152e-05
1.700000e+02 5.202729e-03 3.060429e-05
1.710000e+02 4.848505e-03 2.835383e-05
1.720000e+02 4.516651e-03 2.625960e-05
1.730000e+02 4.205909e-03 2.431161e-05
1.740000e+02 3.915079e-03 2.250046e-05
1.750000e+02 3.643020e-03 2.081726e-05
1.760000e+02 3.388640e-03 1.925363e-05
1.770000e+02 3.150899e-03 1.780169e-05
1.780000e+02 2.928807e-03 1.645397e-05
1.790000e+02 2.721414e-03 1.520343e-05
1.800000e+02 2.527813e-03 1.404341e-05
1.806000e+02 2.417943e-03 1.338839e-05
1.812000e+02 2.312568e-03 1.276252e-05
1.818000e+02 2.211520e-03 1.216458e-05
1.824000e+02 2.114636e-03 1.159340e-05
1.830000e+02 2.021757e-03 1.104785e-05
1.836000e+02 1.932732e-03 1.052686e-05
1.842000e+02 1.847411e-03 1.002938e-05
1.848000e+02 1.765654e-03 9.554406e-06
1.854000e+02 1.687322e-03 9.100983e-06
1.860000e+02 1.612283e-03 8.668186e-06
1.866000e+02 1.540407e-03 8.255128e-06
1.872000e+02 1.471571e-03 7.860957e-06
1.878000e+02 1.405656e-03 7.484855e-06
1.884000e+02 1.342545e-03 7.126038e-06
1.890000e+02 1.282129e-03 6.783751e-06
1.896000e+02 1.224299e-03 6.457272e-06
1.902000e+02 1.168952e-03 6.145907e-06
1.908000e+02 1.115988e-03 5.848992e-06
1.914000e+02 1.065311e-03 5.565888e-06
1.920000e+02 1.016829e-03 5.295983e-06
1.926000e+02 9.704519e-04 5.038691e-06
1.932000e+02 9.260947e-04 4.793451e-06
1.938000e+02 8.836744e-04 4.559723e-06
1.944000e+02 8.431114e-04 4.336993e-06
1.950000e+02 8.043292e-04 4.124765e-06
1.956000e+02 7.672540e-04 3.922566e-06
1.962000e+02 7.318150e-04 3.729944e-06
1.968000e+02 6.979440e-04 3.546463e-06
1.974000e+02 6.655754e-04 3.371709e-06
1.980000e+02 6.346462e-04 3.205284e-06
1.986600e+02 6.022145e-04 3.031383e-06
1.993200e+02 5.713738e-04 2.866615e-06
1.999800e+02 5.420501e-04 2.710522e-06
2.006400e+02 5.141728e-04 2.562663e-06
2.013000e+02 4.876739e-04 2.422622e-06
2.019600e+02 4.624888e-04 2.290002e-06
2.026200e+02 4.385555e-04 2.164424e-06
2.032800e+02 4.158147e-04 2.045527e-06
2.039400e+02 3.942099e-04 1.932970e-06
2.046000e+02 3.736870e-04 1.826427e-06
2.052600e+02 3.541942e-04 1.725588e-06
2.059200e+02 3.356823e-04 1.630159e-06
2.065800e+02 3.181040e-04 1.539859e-06
2.072400e+02 3.014144e-04 1.454422e-06
2.079000e+02 2.855705e-04 1.373595e-06
2.085600e+02 2.705313e-04 1.297139e-06
2.092200e+02 2.562577e-04 1.224824e-06
2.098800e+02 2.427123e-04 1.156434e-06
2.105400e+02 2.298596e-04 1.091762e-06
2.112000e+02 2.176655e-04 1.030613e-06
2.118600e+02 2.060976e-04 9.728011e-07
2.125200e+02 1.951252e-04 9.181498e-07
2.131800e+02 1.847187e-04 8.664916e-07
2.138400e+02 1.748500e-04 8.176675e-07
2.145000e+02 1.654925e-04 7.715268e-07
2.151600e+02 1.566206e-04 7.279263e-07
2.158200e+02 1.482101e-04 6.867303e-07
2.164800e+02 1.402379e-04 6.478101e-07
2.171400e+02 1.326820e-04 6.110436e-07
2.178000e+02 1.255215e-04 5.763154e-07
2.185260e+02 1.180777e-04 5.403372e-07
2.192520e+02 1.110629e-04 5.065537e-07
2.199780e+02 1.044532e-04 4.748349e-07
2.207040e+02 9.822609e-05 4.450580e-07
2.214300e+02 9.236011e-05 4.171075e-07
2.221560e+02 8.683504e-05 3.908742e-07
2.228820e+02 8.163172e-05 3.662553e-07
2.236080e+02 7.673199e-05 3.431541e-07
2.243340e+02 7.211872e-05 3.214792e-07
2.250600e+02 6.777567e-05 3.011449e-07
2.257860e+02 6.368750e-05 2.820702e-07
2.265120e+02 5.983972e-05 2.641790e-07
2.272380e+02 5.621860e-05 2.473997e-07
2.279640e+02 5.281121e-05 2.316647e-07
2.286900e+02 4.960531e-05 2.169107e-07
2.294160e+02 4.658932e-05 2.030779e-07
2.301420e+02 4.375234e-05 1.901102e-07
2.308680e+02 4.108405e-05 1.779547e-07
2.315940e+02 3.857469e-05 1.665617e-07
2.323200e+02 3.621508e-05 1.558845e-07
2.330460e+02 3.399651e-05 1.458790e-07
2.337720e+02 3.191079e-05 1.365039e-07
2.344980e+02 2.995017e-05 1.277204e-07
2.352240e+02 2.810733e-05 1.194918e-07
2.359500e+02 2.637539e-05 1.117838e-07
2.366760e+02 2.474783e-05 1.045642e-07
2.374020e+02 2.321853e-05 9.780259e-08
2.381280e+02 2.178171e-05 9.147061e-08
2.388540e+02 2.043195e-05 8.554157e-08
2.395800e+02 1.916413e-05 7.999053e-08
2.403786e+02 1.785832e-05 7.429248e-08
2.411772e+02 1.663966e-05 6.899349e-08
2.419758e+02 1.550247e-05 6.406621e-08
2.427744e+02 1.444146e-05 5.948512e-08
2.435730e+02 1.345165e-05 5.522636e-08
2.443716e+02 1.252837e-05 5.126768e-08
2.451702e+02 1.166724e-05 4.758833e-08
2.459688e+02 1.086418e-05 4.416893e-08
2.467674e+02 1.011535e-05 4.099145e-08
2.475660e+02 9.417174e-06 3.803905e-08
2.483646e+02 8.766292e-06 3.529606e-08
2.491632e+02 8.159568e-06 3.274788e-08
2.499618e+02 7.594070e-06 3.038092e-08
2.507604e+02 7.067056e-06 2.818251e-08
2.515590e+02 6.575964e-06 2.614084e-08
2.523576e+02 6.118397e-06 2.424495e-08
2.531562e+02 5.692116e-06 2.248460e-08
2.539548e+02 5.295026e-06 2.085027e-08
2.547534e+02 4.925170e-06 1.933309e-08
2.555520e+02 4.580717e-06 1.792479e-08
2.563506e+02 4.259957e-06 1.661770e-08
2.571492e+02 3.961289e-06 1.540463e-08
2.579478e+02 3.683218e-06 1.427893e-08
2.587464e+02 3.424348e-06 1.323438e-08
2.595450e+02 3.183373e-06 1.226521e-08
2.603436e+02 2.959078e-06 1.136605e-08
2.611422e+02 2.750327e-06 1.053191e-08
2.619408e+02 2.556068e-06 9.758188e-09
2.627394e+02 2.375321e-06 9.040596e-09
2.635380e+02 2.207184e-06 8.375200e-09
2.644165e+02 2.035726e-06 7.698939e-09
2.652949e+02 1.877379e-06 7.076574e-09
2.661734e+02 1.731162e-06 6.503890e-09
2.670518e+02 1.596165e-06 5.976987e-09
2.679303e+02 1.471543e-06 5.492262e-09
2.688088e+02 1.356512e-06 5.046383e-09
2.696872e+02 1.250345e-06 4.636278e-09
2.705657e+02 1.152369e-06 4.259110e-09
2.714441e+02 1.061961e-06 3.912264e-09
2.723226e+02 9.785450e-07 3.593330e-09
2.732011e+02 9.015871e-07 3.300087e-09
2.740795e+02 8.305947e-07 3.030488e-09
2.749580e+02 7.651118e-07 2.782650e-09
2.758364e+02 7.047173e-07 2.554837e-09
2.767149e+02 6.490217e-07 2.345453e-09
2.775934e+02 5.976651e-07 2.153024e-09
2.784718e+02 5.503147e-07 1.976195e-09
2.793503e+02 5.066628e-07 1.813718e-09
2.802287e+02 4.664244e-07 1.664442e-09
2.811072e+02 4.293363e-07 1.527305e-09
2.819857e+02 3.951546e-07 1.401329e-09
2.828641e+02 3.636537e-07 1.285613e-09
2.837426e+02 3.346246e-07 1.179325e-09
2.846210e+02 3.078745e-07 1.081700e-09
2.854995e+02 2.832249e-07 9.920328e-10
2.863780e+02 2.605113e-07 9.096765e-10
2.872564e+02 2.395826e-07 8.340374e-10
2.881349e+02 2.203004e-07 7.645738e-10
2.890133e+02 2.025386e-07 7.007932e-10
2.898918e+02 1.861835e-07 6.422516e-10
2.908581e+02 1.696725e-07 5.833516e-10
2.918244e+02 1.545841e-07 5.297161e-10
2.927907e+02 1.407960e-07 4.808758e-10
2.937570e+02 1.281957e-07 4.364006e-10
2.947233e+02 1.166800e-07 3.958966e-10
2.956896e+02 1.061536e-07 3.590033e-10
2.966559e+02 9.652922e-08 3.253912e-10
2.976222e+02 8.772680e-08 2.947589e-10
2.985886e+02 7.967279e-08 2.668314e-10
2.995549e+02 7.229980e-08 2.413574e-10
3.005212e+02 6.554601e-08 2.181078e-10
3.014875e+02 5.935474e-08 1.968730e-10
3.024538e+02 5.367394e-08 1.774616e-10
3.034201e+02 4.845583e-08 1.596988e-10
3.043864e+02 4.365642e-08 1.434244e-10
3.053527e+02 3.923520e-08 1.284914e-10
3.063190e+02 3.515473e-08 1.147651e-10
3.072853e+02 3.138036e-08 1.021213e-10
3.082516e+02 2.787988e-08 9.044522e-11
3.092179e+02 2.462329e-08 7.963087e-11
3.101842e+02 2.158251e-08 6.957964e-11
3.111505e+02 1.873115e-08 6.019964e-11
3.121168e+02 1.604435e-08 5.140494e-11
3.130831e+02 1.349856e-08 4.311493e-11
3.140494e+02 1.107140e-08 3.525367e-11
3.150158e+02 8.741533e-09 2.774951e-11
3.159821e+02 6.488582e-09 2.053465e-11
3.169484e+02 4.293017e-09 1.354485e-11
3.179147e+02 2.136130e-09 6.719193e-12
3.188810e+02 6.389478e-23
