# 
# Output from EIGENRAD program.
# 
# Eigenfunction for specific electronic state.
# The first column contains radius $r$ in bohr units.
# The second column holds value of eginefunction.
# 
# Use this file with gnuplot to create the plot.
#
0.000000e+00 0.000000e+00 3.168378e-05
9.722222e-02 5.661885e-06 5.823653e-05
1.944444e-01 4.020117e-05 2.067489e-04
2.916667e-01 1.367817e-04 4.689659e-04
3.888889e-01 3.254208e-04 8.367962e-04
4.861111e-01 6.330719e-04 1.302319e-03
5.833333e-01 1.083713e-03 1.857794e-03
6.805556e-01 1.698438e-03 2.495664e-03
7.777778e-01 2.495555e-03 3.208571e-03
8.750000e-01 3.490685e-03 3.989354e-03
9.722222e-01 4.696869e-03 4.831065e-03
1.069444e+00 6.124679e-03 5.726973e-03
1.166667e+00 7.782332e-03 6.670570e-03
1.263889e+00 9.675808e-03 7.655585e-03
1.361111e+00 1.180898e-02 8.675983e-03
1.458333e+00 1.418372e-02 9.725980e-03
1.555556e+00 1.680007e-02 1.080005e-02
1.652778e+00 1.965636e-02 1.189292e-02
1.750000e+00 2.274931e-02 1.299961e-02
1.847222e+00 2.607427e-02 1.411539e-02
1.944444e+00 2.962526e-02 1.523585e-02
2.041667e+00 3.339522e-02 1.635684e-02
2.138889e+00 3.737610e-02 1.747454e-02
2.236111e+00 4.155909e-02 1.858543e-02
2.333333e+00 4.593471e-02 1.968631e-02
2.430556e+00 5.049306e-02 2.077429e-02
2.527778e+00 5.522394e-02 2.184683e-02
2.625000e+00 6.011707e-02 2.290174e-02
2.722222e+00 6.516226e-02 2.393716e-02
2.819444e+00 7.034959e-02 2.495158e-02
2.916667e+00 7.566964e-02 2.594388e-02
3.013889e+00 8.110571e-02 2.691065e-02
3.111111e+00 8.664889e-02 2.785143e-02
3.208333e+00 9.228774e-02 2.876501e-02
3.305556e+00 9.801087e-02 2.965035e-02
3.402778e+00 1.038070e-01 3.050656e-02
3.500000e+00 1.096651e-01 3.133290e-02
3.597222e+00 1.155743e-01 3.212875e-02
3.694444e+00 1.215237e-01 3.289363e-02
3.791667e+00 1.275029e-01 3.362714e-02
3.888889e+00 1.335016e-01 3.432899e-02
3.986111e+00 1.395099e-01 3.499901e-02
4.083333e+00 1.455180e-01 3.563707e-02
4.180556e+00 1.515166e-01 3.624316e-02
4.277778e+00 1.574963e-01 3.681733e-02
4.375000e+00 1.634486e-01 3.735968e-02
4.472222e+00 1.693649e-01 3.787042e-02
4.569444e+00 1.752371e-01 3.834976e-02
4.666667e+00 1.810574e-01 3.879801e-02
4.763889e+00 1.868183e-01 3.921551e-02
4.861111e+00 1.925128e-01 3.960264e-02
4.958333e+00 1.981342e-01 3.995984e-02
5.055556e+00 2.036761e-01 4.028757e-02
5.152778e+00 2.091323e-01 4.058633e-02
5.250000e+00 2.144974e-01 4.085665e-02
5.347222e+00 2.197658e-01 4.109907e-02
5.444444e+00 2.249327e-01 4.131417e-02
5.541667e+00 2.299933e-01 4.150255e-02
5.638889e+00 2.349432e-01 4.166480e-02
5.736111e+00 2.397784e-01 4.180156e-02
5.833333e+00 2.444951e-01 4.191344e-02
5.930556e+00 2.490900e-01 4.200112e-02
6.027778e+00 2.535599e-01 4.206524e-02
6.125000e+00 2.579022e-01 4.210648e-02
6.222222e+00 2.621141e-01 4.212548e-02
6.319444e+00 2.661934e-01 4.212292e-02
6.416667e+00 2.701383e-01 4.209947e-02
6.513889e+00 2.739468e-01 4.205580e-02
6.611111e+00 2.776177e-01 4.199259e-02
6.708333e+00 2.811495e-01 4.191049e-02
6.805556e+00 2.845414e-01 4.181016e-02
6.902778e+00 2.877925e-01 4.169228e-02
7.000000e+00 2.909024e-01 4.155748e-02
7.097222e+00 2.938706e-01 4.140642e-02
7.194444e+00 2.966970e-01 4.123973e-02
7.291667e+00 2.993816e-01 4.105805e-02
7.388889e+00 3.019247e-01 4.086199e-02
7.486111e+00 3.043267e-01 4.065217e-02
7.583333e+00 3.065881e-01 4.042919e-02
7.680556e+00 3.087096e-01 4.019365e-02
7.777778e+00 3.106921e-01 3.994613e-02
7.875000e+00 3.125367e-01 3.968720e-02
7.972222e+00 3.142444e-01 3.941742e-02
8.069444e+00 3.158166e-01 3.913734e-02
8.166667e+00 3.172546e-01 3.884750e-02
8.263889e+00 3.185599e-01 3.854842e-02
8.361111e+00 3.197341e-01 3.824063e-02
8.458333e+00 3.207790e-01 3.792461e-02
8.555556e+00 3.216963e-01 3.760086e-02
8.652778e+00 3.224879e-01 3.726986e-02
8.750000e+00 3.231557e-01 3.693208e-02
8.847222e+00 3.237018e-01 3.658795e-02
8.944444e+00 3.241282e-01 3.623794e-02
9.041667e+00 3.244372e-01 3.588245e-02
9.138889e+00 3.246309e-01 3.552192e-02
9.236111e+00 3.247116e-01 3.515674e-02
9.333333e+00 3.246815e-01 3.478731e-02
9.430556e+00 3.245431e-01 3.441400e-02
9.527778e+00 3.242987e-01 3.403718e-02
9.625000e+00 3.239506e-01 3.365721e-02
9.722222e+00 3.235014e-01 3.327443e-02
9.819444e+00 3.229535e-01 3.288918e-02
9.916667e+00 3.223093e-01 3.250178e-02
1.001389e+01 3.215714e-01 3.211254e-02
1.011111e+01 3.207422e-01 3.172176e-02
1.020833e+01 3.198242e-01 3.132972e-02
1.030556e+01 3.188200e-01 3.093671e-02
1.040278e+01 3.177320e-01 3.054299e-02
1.050000e+01 3.165627e-01 3.014883e-02
1.059722e+01 3.153147e-01 2.975446e-02
1.069444e+01 3.139903e-01 2.936014e-02
1.079167e+01 3.125922e-01 2.896607e-02
1.088889e+01 3.111228e-01 2.857250e-02
1.098611e+01 3.095844e-01 2.817962e-02
1.108333e+01 3.079796e-01 2.778763e-02
1.118056e+01 3.063107e-01 2.739673e-02
1.127778e+01 3.045801e-01 2.700710e-02
1.137500e+01 3.027902e-01 2.661892e-02
1.147222e+01 3.009434e-01 2.623235e-02
1.156944e+01 2.990419e-01 2.584756e-02
1.166667e+01 2.970880e-01 2.546469e-02
1.205556e+01 2.887974e-01 2.395555e-02
1.244444e+01 2.798367e-01 2.248688e-02
1.283333e+01 2.703414e-01 2.106556e-02
1.322222e+01 2.604348e-01 1.969675e-02
1.361111e+01 2.502286e-01 1.838414e-02
1.400000e+01 2.398235e-01 1.713025e-02
1.438889e+01 2.293096e-01 1.593657e-02
1.477778e+01 2.187671e-01 1.480379e-02
1.516667e+01 2.082672e-01 1.373190e-02
1.555556e+01 1.978719e-01 1.272034e-02
1.594444e+01 1.876352e-01 1.176806e-02
1.633333e+01 1.776035e-01 1.087368e-02
1.672222e+01 1.678158e-01 1.003550e-02
1.711111e+01 1.583047e-01 9.251575e-03
1.750000e+01 1.490966e-01 8.519807e-03
1.788889e+01 1.402123e-01 7.837956e-03
1.827778e+01 1.316675e-01 7.203691e-03
1.866667e+01 1.234731e-01 6.614632e-03
1.905556e+01 1.156362e-01 6.068372e-03
1.944444e+01 1.081599e-01 5.562508e-03
1.983333e+01 1.010442e-01 5.094664e-03
2.022222e+01 9.428626e-02 4.662507e-03
2.061111e+01 8.788105e-02 4.263771e-03
2.100000e+01 8.182151e-02 3.896262e-03
2.138889e+01 7.609914e-02 3.557882e-03
2.177778e+01 7.070439e-02 3.246630e-03
2.216667e+01 6.562703e-02 2.960618e-03
2.255556e+01 6.085660e-02 2.698076e-03
2.294444e+01 5.638275e-02 2.457360e-03
2.333333e+01 5.219566e-02 2.236957e-03
2.372222e+01 4.827594e-02 2.035051e-03
2.411111e+01 4.461438e-02 1.850366e-03
2.450000e+01 4.119797e-02 1.681550e-03
2.488889e+01 3.801393e-02 1.527346e-03
2.527778e+01 3.504977e-02 1.386584e-03
2.566667e+01 3.229330e-02 1.258181e-03
2.605556e+01 2.973270e-02 1.141127e-03
2.644444e+01 2.735648e-02 1.034489e-03
2.683333e+01 2.515356e-02 9.373999e-04
2.722222e+01 2.311326e-02 8.490585e-04
2.761111e+01 2.122530e-02 7.687232e-04
2.800000e+01 1.947985e-02 6.957089e-04
2.838889e+01 1.786750e-02 6.293837e-04
2.877778e+01 1.637931e-02 5.691652e-04
2.916667e+01 1.500676e-02 5.145176e-04
2.955556e+01 1.374181e-02 4.649483e-04
2.994444e+01 1.257683e-02 4.200054e-04
3.033333e+01 1.150466e-02 3.792744e-04
3.072222e+01 1.051856e-02 3.423762e-04
3.111111e+01 9.612212e-03 3.089639e-04
3.150000e+01 8.779713e-03 2.787211e-04
3.188889e+01 8.015542e-03 2.513585e-04
3.227778e+01 7.314551e-03 2.266126e-04
3.266667e+01 6.671937e-03 2.042430e-04
3.305556e+01 6.083223e-03 1.840303e-04
3.344444e+01 5.544219e-03 1.657740e-04
3.383333e+01 5.051001e-03 1.492907e-04
3.422222e+01 4.599870e-03 1.344118e-04
3.461111e+01 4.187316e-03 1.209818e-04
3.500000e+01 3.809977e-03 1.088565e-04
3.538889e+01 3.465547e-03 9.792754e-05
3.577778e+01 3.151081e-03 8.807371e-05
3.616667e+01 2.864115e-03 7.919213e-05
3.655556e+01 2.602367e-03 7.118938e-05
3.694444e+01 2.363729e-03 6.398063e-05
3.733333e+01 2.146254e-03 5.748895e-05
3.772222e+01 1.948149e-03 5.164459e-05
3.811111e+01 1.767760e-03 4.638438e-05
3.850000e+01 1.603568e-03 4.165111e-05
3.888889e+01 1.454174e-03 3.739305e-05
3.927778e+01 1.318296e-03 3.356340e-05
3.966667e+01 1.194755e-03 3.011987e-05
4.005556e+01 1.082472e-03 2.702426e-05
4.044444e+01 9.804565e-04 2.424206e-05
4.083333e+01 8.878035e-04 2.174213e-05
4.122222e+01 8.036831e-04 1.949636e-05
4.161111e+01 7.273363e-04 1.747938e-05
4.200000e+01 6.580685e-04 1.566830e-05
4.238889e+01 5.952447e-04 1.404247e-05
4.277778e+01 5.382838e-04 1.258326e-05
4.316667e+01 4.866545e-04 1.127385e-05
4.355556e+01 4.398714e-04 1.009909e-05
4.394444e+01 3.974905e-04 9.045297e-06
4.433333e+01 3.591069e-04 8.100157e-06
4.472222e+01 3.243513e-04 7.252575e-06
4.511111e+01 2.928875e-04 6.492580e-06
4.550000e+01 2.644111e-04 5.811232e-06
4.588889e+01 2.386470e-04 5.200540e-06
4.627778e+01 2.153490e-04 4.653400e-06
4.666667e+01 1.942987e-04 4.163543e-06
4.705556e+01 1.752623e-04 3.724582e-06
4.744444e+01 1.580554e-04 3.331377e-06
4.783333e+01 1.425077e-04 2.979254e-06
4.822222e+01 1.284636e-04 2.663993e-06
4.861111e+01 1.157814e-04 2.381789e-06
4.900000e+01 1.043317e-04 2.129219e-06
4.938889e+01 9.399706e-05 1.903203e-06
4.977778e+01 8.467065e-05 1.700973e-06
5.016667e+01 7.625568e-05 1.520047e-06
5.055556e+01 6.866439e-05 1.358197e-06
5.094444e+01 6.181735e-05 1.213427e-06
5.133333e+01 5.564274e-05 1.083949e-06
5.172222e+01 5.007557e-05 9.681635e-07
5.211111e+01 4.505715e-05 8.646361e-07
5.250000e+01 4.053440e-05 7.720839e-07
5.288889e+01 3.645937e-05 6.893578e-07
5.327778e+01 3.278865e-05 6.154283e-07
5.366667e+01 2.948299e-05 5.493724e-07
5.405556e+01 2.650680e-05 4.903622e-07
5.444444e+01 2.382785e-05 4.376545e-07
5.483333e+01 2.141689e-05 3.905816e-07
5.522222e+01 1.924736e-05 3.485438e-07
5.561111e+01 1.729520e-05 3.110027e-07
5.600000e+01 1.553861e-05 2.774751e-07
5.638889e+01 1.395790e-05 2.475292e-07
5.677778e+01 1.253541e-05 2.207803e-07
5.716667e+01 1.125545e-05 1.968884e-07
5.755556e+01 1.010425e-05 1.755565e-07
5.794444e+01 9.070015e-06 1.565295e-07
5.833333e+01 8.142997e-06 1.395942e-07
5.872222e+01 7.308397e-06 1.244571e-07
5.911111e+01 6.558281e-06 1.109484e-07
5.950000e+01 5.884316e-06 9.889607e-08
5.988889e+01 5.278931e-06 8.814542e-08
6.027778e+01 4.735265e-06 7.855740e-08
6.066667e+01 4.247107e-06 7.000727e-08
6.105556e+01 3.808847e-06 6.238330e-08
6.144444e+01 3.415423e-06 5.558555e-08
6.183333e+01 3.062278e-06 4.952471e-08
6.222222e+01 2.745311e-06 4.412107e-08
6.261111e+01 2.460839e-06 3.930355e-08
6.300000e+01 2.205553e-06 3.500877e-08
6.338889e+01 1.976485e-06 3.118031e-08
6.377778e+01 1.770972e-06 2.776785e-08
6.416667e+01 1.586624e-06 2.472660e-08
6.455556e+01 1.421294e-06 2.201660e-08
6.494444e+01 1.273054e-06 1.960219e-08
6.533333e+01 1.140167e-06 1.745154e-08
6.572222e+01 1.021071e-06 1.553616e-08
6.611111e+01 9.143524e-07 1.383054e-08
6.650000e+01 8.187371e-07 1.231184e-08
6.688889e+01 7.330721e-07 1.095955e-08
6.727778e+01 6.563155e-07 9.755309e-09
6.766667e+01 5.875281e-07 8.682681e-09
6.805556e+01 5.258668e-07 7.727022e-09
6.844444e+01 4.705813e-07 6.875376e-09
6.883333e+01 4.210130e-07 6.116412e-09
6.922222e+01 3.765967e-07 5.440402e-09
6.961111e+01 3.368645e-07 4.839235e-09
7.000000e+01 3.014527e-07 4.306467e-09
7.077778e+01 2.414243e-07 3.411019e-09
7.155556e+01 1.929918e-07 2.697091e-09
7.233333e+01 1.540913e-07 2.130294e-09
7.311111e+01 1.229677e-07 1.681928e-09
7.388889e+01 9.814132e-08 1.328228e-09
7.466667e+01 7.837648e-08 1.049685e-09
7.544444e+01 6.265152e-08 8.304325e-10
7.622222e+01 5.013124e-08 6.576984e-10
7.700000e+01 4.014110e-08 5.213130e-10
7.777778e+01 3.214337e-08 4.132718e-10
7.855556e+01 2.571510e-08 3.273492e-10
7.933333e+01 2.052821e-08 2.587590e-10
8.011111e+01 1.633133e-08 2.038585e-10
8.088889e+01 1.293366e-08 1.598942e-10
8.166667e+01 1.019075e-08 1.247846e-10
8.244444e+01 7.992144e-09 9.693975e-11
8.322222e+01 6.251068e-09 7.511297e-11
8.400000e+01 4.895921e-09 5.828478e-11
8.477778e+01 3.863769e-09 4.557526e-11
8.555556e+01 3.095742e-09 3.618400e-11
8.633333e+01 2.534360e-09 2.935552e-11
8.711111e+01 2.122786e-09 2.436872e-11
8.788889e+01 1.806008e-09 2.054877e-11
8.866667e+01 1.533945e-09 1.730013e-11
8.944444e+01 1.266480e-09 1.415941e-11
9.022222e+01 9.804252e-10 1.086678e-11
9.100000e+01 6.784043e-10 7.454993e-12
9.177778e+01 3.996725e-10 4.354785e-12
9.255556e+01 2.328558e-10 2.515849e-12
9.333333e+01 3.306205e-10 3.542362e-12
9.488889e+01 2.136813e-10 2.251911e-12
9.644444e+01 1.335270e-10 1.384497e-12
9.800000e+01 8.062510e-11 8.227051e-13
9.955556e+01 4.731356e-11 4.752479e-13
1.011111e+02 2.755556e-11 2.725275e-13
1.026667e+02 1.671031e-11 1.627627e-13
1.042222e+02 1.132002e-11 1.086143e-13
1.057778e+02 8.913045e-12 8.426198e-14
1.073333e+02 7.823011e-12 7.288520e-14
1.088889e+02 7.024198e-12 6.450794e-14
1.104444e+02 5.982959e-12 5.417166e-14
1.120000e+02 4.525283e-12 4.040431e-14
1.135556e+02 2.720474e-12 2.395721e-14
1.151111e+02 7.809454e-13 6.784274e-15
1.166667e+02 -1.021869e-12 -8.758881e-15
1.182222e+02 -2.425483e-12 -2.051630e-14
1.197778e+02 -3.228208e-12 -2.695164e-14
1.213333e+02 -3.324890e-12 -2.740294e-14
1.228889e+02 -2.726526e-12 -2.218692e-14
1.244444e+02 -1.563761e-12 -1.256594e-14
1.260000e+02 -7.426901e-14 -5.894366e-16
1.275556e+02 1.425982e-12 1.117930e-14
1.291111e+02 2.587584e-12 2.004153e-14
1.306667e+02 3.088665e-12 2.363774e-14
1.322222e+02 2.711973e-12 2.051072e-14
1.337778e+02 1.438089e-12 1.074983e-14
1.353333e+02 -4.452526e-13 -3.290044e-15
1.368889e+02 -2.217718e-12 -1.620086e-14
1.384444e+02 -2.584814e-12 -1.867041e-14
1.400000e+02 4.797875e-13 3.427053e-15
1.404667e+02 4.155299e-13 2.958210e-15
1.409333e+02 3.598089e-13 2.553043e-15
1.414000e+02 3.115283e-13 2.203170e-15
1.418667e+02 2.697187e-13 1.901213e-15
1.423333e+02 2.335264e-13 1.640701e-15
1.428000e+02 2.022020e-13 1.415980e-15
1.432667e+02 1.750907e-13 1.222131e-15
1.437333e+02 1.516220e-13 1.054884e-15
1.442000e+02 1.313011e-13 9.105484e-16
1.446667e+02 1.137001e-13 7.859451e-16
1.451333e+02 9.844998e-14 6.783416e-16
1.456000e+02 8.523350e-14 5.853949e-16
1.460667e+02 7.377807e-14 5.050986e-16
1.465333e+02 6.384976e-14 4.357354e-16
1.470000e+02 5.524753e-14 3.758335e-16
1.474667e+02 4.779825e-14 3.241292e-16
1.479333e+02 4.135219e-14 2.795326e-16
1.484000e+02 3.577908e-14 2.410989e-16
1.488667e+02 3.096486e-14 2.080040e-16
1.493333e+02 2.680887e-14 1.795237e-16
1.498000e+02 2.322174e-14 1.550183e-16
1.502667e+02 2.012376e-14 1.339204e-16
1.507333e+02 1.744393e-14 1.157271e-16
1.512000e+02 1.511947e-14 9.999650e-17
1.516667e+02 1.309605e-14 8.634759e-17
1.521333e+02 1.132848e-14 7.446412e-17
1.526000e+02 9.782016e-15 6.410233e-17
1.530667e+02 8.434309e-15 5.510219e-17
1.535333e+02 7.277831e-15 4.740229e-17
1.540000e+02 6.322952e-15 4.105813e-17
1.545133e+02 5.392904e-15 3.490252e-17
1.550267e+02 4.595527e-15 2.964346e-17
1.555400e+02 3.913419e-15 2.516021e-17
1.560533e+02 3.331036e-15 2.134550e-17
1.565667e+02 2.834563e-15 1.810451e-17
1.570800e+02 2.411782e-15 1.535384e-17
1.575933e+02 2.051953e-15 1.302056e-17
1.581067e+02 1.745695e-15 1.104125e-17
1.586200e+02 1.484866e-15 9.361155e-18
1.591333e+02 1.262457e-15 7.933326e-18
1.596467e+02 1.072477e-15 6.717817e-18
1.601600e+02 9.098577e-16 5.680930e-18
1.606733e+02 7.703465e-16 4.794489e-18
1.611867e+02 6.504129e-16 4.035153e-18
1.617000e+02 5.471558e-16 3.383771e-18
1.622133e+02 4.582146e-16 2.824765e-18
1.627267e+02 3.816845e-16 2.345556e-18
1.632400e+02 3.160353e-16 1.936017e-18
1.637533e+02 2.600348e-16 1.587967e-18
1.642667e+02 2.126749e-16 1.294693e-18
1.647800e+02 1.731022e-16 1.050505e-18
1.652933e+02 1.405530e-16 8.503249e-19
1.658067e+02 1.142908e-16 6.893019e-19
1.663200e+02 9.354876e-17 5.624625e-19
1.668333e+02 7.747535e-17 4.643877e-19
1.673467e+02 6.508432e-17 3.889191e-19
1.678600e+02 5.520817e-17 3.288941e-19
1.683733e+02 4.645555e-17 2.759080e-19
1.688867e+02 3.717254e-17 2.201034e-19
1.694000e+02 2.540773e-17 1.499866e-19
1.699647e+02 2.088511e-17 1.228791e-19
1.705293e+02 1.556294e-17 9.126252e-20
1.710940e+02 9.952464e-18 5.816957e-20
1.716587e+02 4.443410e-18 2.588515e-20
1.722233e+02 -6.795668e-19 -3.945846e-21
1.727880e+02 -5.221465e-18 -3.021891e-20
1.733527e+02 -9.062623e-18 -5.227853e-20
1.739173e+02 -1.214547e-17 -6.983473e-20
1.744820e+02 -1.446236e-17 -8.288738e-20
1.750467e+02 -1.604446e-17 -9.165820e-20
1.756113e+02 -1.695179e-17 -9.653014e-20
1.761760e+02 -1.726420e-17 -9.799405e-20
1.767407e+02 -1.707358e-17 -9.660245e-20
1.773053e+02 -1.647704e-17 -9.293034e-20
1.778700e+02 -1.557121e-17 -8.754266e-20
1.784347e+02 -1.444760e-17 -8.096856e-20
1.789993e+02 -1.318904e-17 -7.368204e-20
1.795640e+02 -1.186721e-17 -6.608904e-20
1.801287e+02 -1.054126e-17 -5.852072e-20
1.806933e+02 -9.257426e-18 -5.123280e-20
1.812580e+02 -8.049830e-18 -4.441089e-20
1.818227e+02 -6.942287e-18 -3.818164e-20
1.823873e+02 -5.951211e-18 -3.262952e-20
1.829520e+02 -5.089594e-18 -2.781928e-20
1.835167e+02 -4.372066e-18 -2.382381e-20
1.840813e+02 -3.821025e-18 -2.075726e-20
1.846460e+02 -3.473849e-18 -1.881356e-20
1.852107e+02 -3.391181e-18 -1.830986e-20
1.857753e+02 -3.666294e-18 -1.973510e-20
1.863400e+02 -4.435528e-18 -2.380342e-20
1.869611e+02 -6.309652e-18 -3.374847e-20
1.875823e+02 -7.590555e-18 -4.046521e-20
1.882034e+02 -8.364586e-18 -4.444439e-20
1.888245e+02 -8.717867e-18 -4.616915e-20
1.894457e+02 -8.734685e-18 -4.610654e-20
1.900668e+02 -8.496006e-18 -4.470010e-20
1.906879e+02 -8.078145e-18 -4.236317e-20
1.913091e+02 -7.551569e-18 -3.947314e-20
1.919302e+02 -6.979839e-18 -3.636655e-20
1.925513e+02 -6.418697e-18 -3.333499e-20
1.931725e+02 -5.915291e-18 -3.062181e-20
1.937936e+02 -5.507540e-18 -2.841962e-20
1.944147e+02 -5.223641e-18 -2.686855e-20
1.950359e+02 -5.081718e-18 -2.605530e-20
1.956570e+02 -5.089603e-18 -2.601288e-20
1.962781e+02 -5.244770e-18 -2.672111e-20
1.968993e+02 -5.534401e-18 -2.810778e-20
1.975204e+02 -5.935594e-18 -3.005054e-20
1.981415e+02 -6.415710e-18 -3.237943e-20
1.987627e+02 -6.932868e-18 -3.488013e-20
1.993838e+02 -7.436570e-18 -3.729776e-20
2.000049e+02 -7.868471e-18 -3.934138e-20
2.006261e+02 -8.163296e-18 -4.068911e-20
2.012472e+02 -8.249883e-18 -4.099378e-20
2.018683e+02 -8.052381e-18 -3.988927e-20
2.024895e+02 -7.491580e-18 -3.699738e-20
2.031106e+02 -6.486382e-18 -3.193522e-20
2.037317e+02 -4.955418e-18 -2.432325e-20
2.043529e+02 -2.818796e-18 -1.379377e-20
2.049740e+02 0.000000e+00
