# 
# Output from EIGENRAD program.
# 
# Eigenfunction for specific electronic state.
# The first column contains radius $r$ in bohr units.
# The second column holds value of eginefunction.
# 
# Use this file with gnuplot to create the plot.
#
0.000000e+00 0.000000e+00 -1.963112e-05
9.722222e-02 -3.415704e-06 -3.513295e-05
1.944444e-01 -2.414923e-05 -1.241960e-04
2.916667e-01 -8.217010e-05 -2.817261e-04
3.888889e-01 -1.954975e-04 -5.027079e-04
4.861111e-01 -3.802419e-04 -7.822120e-04
5.833333e-01 -6.506501e-04 -1.115400e-03
6.805556e-01 -1.019154e-03 -1.497533e-03
7.777778e-01 -1.496424e-03 -1.923974e-03
8.750000e-01 -2.091423e-03 -2.390198e-03
9.722222e-01 -2.811469e-03 -2.891797e-03
1.069444e+00 -3.662296e-03 -3.424484e-03
1.166667e+00 -4.648121e-03 -3.984104e-03
1.263889e+00 -5.771720e-03 -4.566636e-03
1.361111e+00 -7.034493e-03 -5.168199e-03
1.458333e+00 -8.436551e-03 -5.785063e-03
1.555556e+00 -9.976791e-03 -6.413651e-03
1.652778e+00 -1.165299e-02 -7.050546e-03
1.750000e+00 -1.346187e-02 -7.692497e-03
1.847222e+00 -1.539923e-02 -8.336428e-03
1.944444e+00 -1.746002e-02 -8.979441e-03
2.041667e+00 -1.963843e-02 -9.618822e-03
2.138889e+00 -2.192800e-02 -1.025205e-02
2.236111e+00 -2.432175e-02 -1.087681e-02
2.333333e+00 -2.681226e-02 -1.149097e-02
2.430556e+00 -2.939181e-02 -1.209263e-02
2.527778e+00 -3.205247e-02 -1.268010e-02
2.625000e+00 -3.478624e-02 -1.325190e-02
2.722222e+00 -3.758519e-02 -1.380680e-02
2.819444e+00 -4.044155e-02 -1.434380e-02
2.916667e+00 -4.334787e-02 -1.486213e-02
3.013889e+00 -4.629211e-02 -1.535959e-02
3.111111e+00 -4.926714e-02 -1.583587e-02
3.208333e+00 -5.226428e-02 -1.629016e-02
3.305556e+00 -5.527488e-02 -1.672181e-02
3.402778e+00 -5.829045e-02 -1.713026e-02
3.500000e+00 -6.130259e-02 -1.751503e-02
3.597222e+00 -6.430307e-02 -1.787576e-02
3.694444e+00 -6.728382e-02 -1.821216e-02
3.791667e+00 -7.023696e-02 -1.852403e-02
3.888889e+00 -7.315484e-02 -1.881124e-02
3.986111e+00 -7.602999e-02 -1.907373e-02
4.083333e+00 -7.885522e-02 -1.931148e-02
4.180556e+00 -8.162357e-02 -1.952457e-02
4.277778e+00 -8.432833e-02 -1.971312e-02
4.375000e+00 -8.696310e-02 -1.987728e-02
4.472222e+00 -8.952172e-02 -2.001728e-02
4.569444e+00 -9.199836e-02 -2.013338e-02
4.666667e+00 -9.438745e-02 -2.022588e-02
4.763889e+00 -9.668374e-02 -2.029513e-02
4.861111e+00 -9.888229e-02 -2.034150e-02
4.958333e+00 -1.009785e-01 -2.036540e-02
5.055556e+00 -1.029679e-01 -2.036728e-02
5.152778e+00 -1.048466e-01 -2.034759e-02
5.250000e+00 -1.066109e-01 -2.030683e-02
5.347222e+00 -1.082572e-01 -2.024551e-02
5.444444e+00 -1.097826e-01 -2.016415e-02
5.541667e+00 -1.111842e-01 -2.006331e-02
5.638889e+00 -1.124594e-01 -1.994353e-02
5.736111e+00 -1.136059e-01 -1.980539e-02
5.833333e+00 -1.146219e-01 -1.964946e-02
5.930556e+00 -1.155056e-01 -1.947635e-02
6.027778e+00 -1.162557e-01 -1.928666e-02
6.125000e+00 -1.168710e-01 -1.908098e-02
6.222222e+00 -1.173507e-01 -1.885993e-02
6.319444e+00 -1.176941e-01 -1.862413e-02
6.416667e+00 -1.179009e-01 -1.837417e-02
6.513889e+00 -1.179710e-01 -1.811068e-02
6.611111e+00 -1.179044e-01 -1.783428e-02
6.708333e+00 -1.177015e-01 -1.754556e-02
6.805556e+00 -1.173629e-01 -1.724515e-02
6.902778e+00 -1.168893e-01 -1.693365e-02
7.000000e+00 -1.162816e-01 -1.661166e-02
7.097222e+00 -1.155412e-01 -1.627978e-02
7.194444e+00 -1.146693e-01 -1.593859e-02
7.291667e+00 -1.136674e-01 -1.558868e-02
7.388889e+00 -1.125373e-01 -1.523062e-02
7.486111e+00 -1.112808e-01 -1.486497e-02
7.583333e+00 -1.099000e-01 -1.449231e-02
7.680556e+00 -1.083970e-01 -1.411318e-02
7.777778e+00 -1.067742e-01 -1.372811e-02
7.875000e+00 -1.050340e-01 -1.333765e-02
7.972222e+00 -1.031789e-01 -1.294230e-02
8.069444e+00 -1.012117e-01 -1.254258e-02
8.166667e+00 -9.913512e-02 -1.213899e-02
8.263889e+00 -9.695212e-02 -1.173202e-02
8.361111e+00 -9.466570e-02 -1.132214e-02
8.458333e+00 -9.227892e-02 -1.090982e-02
8.555556e+00 -8.979495e-02 -1.049551e-02
8.652778e+00 -8.721704e-02 -1.007966e-02
8.750000e+00 -8.454847e-02 -9.662682e-03
8.847222e+00 -8.179265e-02 -9.245009e-03
8.944444e+00 -7.895298e-02 -8.827041e-03
9.041667e+00 -7.603294e-02 -8.409173e-03
9.138889e+00 -7.303605e-02 -7.991787e-03
9.236111e+00 -6.996586e-02 -7.575251e-03
9.333333e+00 -6.682595e-02 -7.159923e-03
9.430556e+00 -6.361992e-02 -6.746148e-03
9.527778e+00 -6.035142e-02 -6.334259e-03
9.625000e+00 -5.702407e-02 -5.924579e-03
9.722222e+00 -5.364153e-02 -5.517415e-03
9.819444e+00 -5.020746e-02 -5.113066e-03
9.916667e+00 -4.672552e-02 -4.711817e-03
1.001389e+01 -4.319935e-02 -4.313944e-03
1.011111e+01 -3.963261e-02 -3.919708e-03
1.020833e+01 -3.602891e-02 -3.529363e-03
1.030556e+01 -3.239187e-02 -3.143147e-03
1.040278e+01 -2.872509e-02 -2.761291e-03
1.050000e+01 -2.503213e-02 -2.384013e-03
1.059722e+01 -2.131654e-02 -2.011521e-03
1.069444e+01 -1.758180e-02 -1.644013e-03
1.079167e+01 -1.383141e-02 -1.281675e-03
1.088889e+01 -1.006879e-02 -9.246850e-04
1.098611e+01 -6.297340e-03 -5.732092e-04
1.108333e+01 -2.520403e-03 -2.274048e-04
1.118056e+01 1.258714e-03 1.125806e-04
1.127778e+01 5.036757e-03 4.466090e-04
1.137500e+01 8.810523e-03 7.745515e-04
1.147222e+01 1.257686e-02 1.096288e-03
1.156944e+01 1.633267e-02 1.411708e-03
1.166667e+01 2.007492e-02 1.720708e-03
1.205556e+01 3.484177e-02 2.890101e-03
1.244444e+01 4.917717e-02 3.951737e-03
1.283333e+01 6.290747e-02 4.901881e-03
1.322222e+01 7.588154e-02 5.738940e-03
1.361111e+01 8.796978e-02 6.463086e-03
1.400000e+01 9.906293e-02 7.075923e-03
1.438889e+01 1.090710e-01 7.580227e-03
1.477778e+01 1.179224e-01 7.979709e-03
1.516667e+01 1.255623e-01 8.278834e-03
1.555556e+01 1.319523e-01 8.482648e-03
1.594444e+01 1.370688e-01 8.596647e-03
1.633333e+01 1.409020e-01 8.626655e-03
1.672222e+01 1.434553e-01 8.578724e-03
1.711111e+01 1.447436e-01 8.459044e-03
1.750000e+01 1.447927e-01 8.273870e-03
1.788889e+01 1.436380e-01 8.029455e-03
1.827778e+01 1.413237e-01 7.731994e-03
1.866667e+01 1.379014e-01 7.387576e-03
1.905556e+01 1.334296e-01 7.002136e-03
1.944444e+01 1.279721e-01 6.581422e-03
1.983333e+01 1.215974e-01 6.130961e-03
2.022222e+01 1.143774e-01 5.656028e-03
2.061111e+01 1.063867e-01 5.161621e-03
2.100000e+01 9.770128e-02 4.652442e-03
2.138889e+01 8.839754e-02 4.132872e-03
2.177778e+01 7.855153e-02 3.606958e-03
2.216667e+01 6.823775e-02 3.078395e-03
2.255556e+01 5.752822e-02 2.550512e-03
2.294444e+01 4.649149e-02 2.026263e-03
2.333333e+01 3.519167e-02 1.508214e-03
2.372222e+01 2.371189e-02 9.995645e-04
2.411111e+01 1.210817e-02 5.021820e-04
2.450000e+01 4.432804e-04 1.809308e-05
2.488889e+01 -1.122381e-02 -4.509565e-04
2.527778e+01 -2.283794e-02 -9.034791e-04
2.566667e+01 -3.434778e-02 -1.338225e-03
2.605556e+01 -4.570572e-02 -1.754164e-03
2.644444e+01 -5.686790e-02 -2.150467e-03
2.683333e+01 -6.779413e-02 -2.526489e-03
2.722222e+01 -7.844785e-02 -2.881758e-03
2.761111e+01 -8.879603e-02 -3.215953e-03
2.800000e+01 -9.880916e-02 -3.528898e-03
2.838889e+01 -1.084611e-01 -3.820547e-03
2.877778e+01 -1.177290e-01 -4.090970e-03
2.916667e+01 -1.265933e-01 -4.340343e-03
2.955556e+01 -1.350375e-01 -4.568938e-03
2.994444e+01 -1.430480e-01 -4.777113e-03
3.033333e+01 -1.506141e-01 -4.965300e-03
3.072222e+01 -1.577279e-01 -5.133999e-03
3.111111e+01 -1.643839e-01 -5.283767e-03
3.150000e+01 -1.705791e-01 -5.415209e-03
3.188889e+01 -1.763128e-01 -5.528974e-03
3.227778e+01 -1.815864e-01 -5.625740e-03
3.266667e+01 -1.864030e-01 -5.706214e-03
3.305556e+01 -1.907676e-01 -5.771119e-03
3.344444e+01 -1.946865e-01 -5.821192e-03
3.383333e+01 -1.981676e-01 -5.857171e-03
3.422222e+01 -2.012197e-01 -5.879796e-03
3.461111e+01 -2.038523e-01 -5.889794e-03
3.500000e+01 -2.060758e-01 -5.887881e-03
3.538889e+01 -2.079046e-01 -5.874856e-03
3.577778e+01 -2.093503e-01 -5.851407e-03
3.616667e+01 -2.104266e-01 -5.818246e-03
3.655556e+01 -2.111474e-01 -5.776069e-03
3.694444e+01 -2.115273e-01 -5.725551e-03
3.733333e+01 -2.115811e-01 -5.667350e-03
3.772222e+01 -2.113237e-01 -5.602100e-03
3.811111e+01 -2.107703e-01 -5.530415e-03
3.850000e+01 -2.099361e-01 -5.452887e-03
3.888889e+01 -2.088365e-01 -5.370082e-03
3.927778e+01 -2.074867e-01 -5.282546e-03
3.966667e+01 -2.059017e-01 -5.190798e-03
4.005556e+01 -2.040965e-01 -5.095335e-03
4.044444e+01 -2.020859e-01 -4.996629e-03
4.083333e+01 -1.998844e-01 -4.895127e-03
4.122222e+01 -1.975061e-01 -4.791254e-03
4.161111e+01 -1.949651e-01 -4.685409e-03
4.200000e+01 -1.922747e-01 -4.577970e-03
4.238889e+01 -1.894482e-01 -4.469290e-03
4.277778e+01 -1.864983e-01 -4.359700e-03
4.316667e+01 -1.834372e-01 -4.249511e-03
4.355556e+01 -1.802769e-01 -4.139010e-03
4.394444e+01 -1.770286e-01 -4.028465e-03
4.433333e+01 -1.737035e-01 -3.918124e-03
4.472222e+01 -1.703119e-01 -3.808216e-03
4.511111e+01 -1.668638e-01 -3.698952e-03
4.550000e+01 -1.633689e-01 -3.590525e-03
4.588889e+01 -1.598362e-01 -3.483114e-03
4.627778e+01 -1.562745e-01 -3.376880e-03
4.666667e+01 -1.526920e-01 -3.271972e-03
4.705556e+01 -1.490962e-01 -3.168515e-03
4.744444e+01 -1.454945e-01 -3.066628e-03
4.783333e+01 -1.418936e-01 -2.966417e-03
4.822222e+01 -1.383000e-01 -2.867973e-03
4.861111e+01 -1.347197e-01 -2.771377e-03
4.900000e+01 -1.311583e-01 -2.676700e-03
4.938889e+01 -1.276209e-01 -2.584000e-03
4.977778e+01 -1.241123e-01 -2.493328e-03
5.016667e+01 -1.206370e-01 -2.404724e-03
5.055556e+01 -1.171990e-01 -2.318221e-03
5.094444e+01 -1.138020e-01 -2.233845e-03
5.133333e+01 -1.104494e-01 -2.151612e-03
5.172222e+01 -1.071443e-01 -2.071533e-03
5.211111e+01 -1.038895e-01 -1.993615e-03
5.250000e+01 -1.006874e-01 -1.917855e-03
5.288889e+01 -9.754029e-02 -1.844249e-03
5.327778e+01 -9.445007e-02 -1.772785e-03
5.366667e+01 -9.141844e-02 -1.703449e-03
5.405556e+01 -8.844687e-02 -1.636222e-03
5.444444e+01 -8.553658e-02 -1.571080e-03
5.483333e+01 -8.268860e-02 -1.507999e-03
5.522222e+01 -7.990375e-02 -1.446949e-03
5.561111e+01 -7.718266e-02 -1.387900e-03
5.600000e+01 -7.452580e-02 -1.330818e-03
5.638889e+01 -7.193346e-02 -1.275667e-03
5.677778e+01 -6.940579e-02 -1.222411e-03
5.716667e+01 -6.694279e-02 -1.171011e-03
5.755556e+01 -6.454435e-02 -1.121427e-03
5.794444e+01 -6.221023e-02 -1.073619e-03
5.833333e+01 -5.994008e-02 -1.027544e-03
5.872222e+01 -5.773340e-02 -9.831611e-04
5.911111e+01 -5.558966e-02 -9.404266e-04
5.950000e+01 -5.350820e-02 -8.992975e-04
5.988889e+01 -5.148830e-02 -8.597304e-04
6.027778e+01 -4.952916e-02 -8.216819e-04
6.066667e+01 -4.762992e-02 -7.851086e-04
6.105556e+01 -4.578967e-02 -7.499672e-04
6.144444e+01 -4.400743e-02 -7.162150e-04
6.183333e+01 -4.228220e-02 -6.838091e-04
6.222222e+01 -4.061292e-02 -6.527076e-04
6.261111e+01 -3.899850e-02 -6.228688e-04
6.300000e+01 -3.743784e-02 -5.942514e-04
6.338889e+01 -3.592978e-02 -5.668151e-04
6.377778e+01 -3.447317e-02 -5.405200e-04
6.416667e+01 -3.306682e-02 -5.153271e-04
6.455556e+01 -3.170955e-02 -4.911979e-04
6.494444e+01 -3.040016e-02 -4.680949e-04
6.533333e+01 -2.913745e-02 -4.459814e-04
6.572222e+01 -2.792021e-02 -4.248214e-04
6.611111e+01 -2.674723e-02 -4.045799e-04
6.650000e+01 -2.561731e-02 -3.852227e-04
6.688889e+01 -2.452926e-02 -3.667165e-04
6.727778e+01 -2.348189e-02 -3.490289e-04
6.766667e+01 -2.247402e-02 -3.321284e-04
6.805556e+01 -2.150449e-02 -3.159844e-04
6.844444e+01 -2.057215e-02 -3.005671e-04
6.883333e+01 -1.967585e-02 -2.858477e-04
6.922222e+01 -1.881448e-02 -2.717983e-04
6.961111e+01 -1.798692e-02 -2.583915e-04
7.000000e+01 -1.719209e-02 -2.456013e-04
7.077778e+01 -1.569628e-02 -2.217685e-04
7.155556e+01 -1.431901e-02 -2.001104e-04
7.233333e+01 -1.305221e-02 -1.804453e-04
7.311111e+01 -1.188823e-02 -1.626050e-04
7.388889e+01 -1.081982e-02 -1.464337e-04
7.466667e+01 -9.840124e-03 -1.317874e-04
7.544444e+01 -8.942662e-03 -1.185331e-04
7.622222e+01 -8.121326e-03 -1.065480e-04
7.700000e+01 -7.370367e-03 -9.571906e-05
7.777778e+01 -6.684382e-03 -8.594206e-05
7.855556e+01 -6.058303e-03 -7.712125e-05
7.933333e+01 -5.487385e-03 -6.916872e-05
8.011111e+01 -4.967197e-03 -6.200384e-05
8.088889e+01 -4.493603e-03 -5.555279e-05
8.166667e+01 -4.062759e-03 -4.974807e-05
8.244444e+01 -3.671091e-03 -4.452806e-05
8.322222e+01 -3.315289e-03 -3.983658e-05
8.400000e+01 -2.992290e-03 -3.562250e-05
8.477778e+01 -2.699269e-03 -3.183934e-05
8.555556e+01 -2.433620e-03 -2.844491e-05
8.633333e+01 -2.192947e-03 -2.540093e-05
8.711111e+01 -1.975048e-03 -2.267275e-05
8.788889e+01 -1.777904e-03 -2.022899e-05
8.866667e+01 -1.599659e-03 -1.804127e-05
8.944444e+01 -1.438612e-03 -1.608386e-05
9.022222e+01 -1.293199e-03 -1.433349e-05
9.100000e+01 -1.161978e-03 -1.276899e-05
9.177778e+01 -1.043617e-03 -1.137113e-05
9.255556e+01 -9.368739e-04 -1.012229e-05
9.333333e+01 -8.405872e-04 -9.006291e-06
9.488889e+01 -6.763993e-04 -7.128330e-06
9.644444e+01 -5.428645e-04 -5.628779e-06
9.800000e+01 -4.347535e-04 -4.436260e-06
9.955556e+01 -3.475873e-04 -3.491390e-06
1.011111e+02 -2.775585e-04 -2.745084e-06
1.026667e+02 -2.214576e-04 -2.157054e-06
1.042222e+02 -1.766029e-04 -1.694484e-06
1.057778e+02 -1.407755e-04 -1.330861e-06
1.073333e+02 -1.121585e-04 -1.044955e-06
1.088889e+02 -8.927995e-05 -8.199179e-07
1.104444e+02 -7.096124e-05 -6.425062e-07
1.120000e+02 -5.626904e-05 -5.024022e-07
1.135556e+02 -4.447200e-05 -3.916321e-07
1.151111e+02 -3.500170e-05 -3.040689e-07
1.166667e+02 -2.741810e-05 -2.350123e-07
1.182222e+02 -2.137920e-05 -1.808391e-07
1.197778e+02 -1.661526e-05 -1.387174e-07
1.213333e+02 -1.290726e-05 -1.063785e-07
1.228889e+02 -1.006983e-05 -8.194255e-08
1.244444e+02 -7.938536e-06 -6.379180e-08
1.260000e+02 -6.361530e-06 -5.048833e-08
1.275556e+02 -5.195599e-06 -4.073205e-08
1.291111e+02 -4.306594e-06 -3.335572e-08
1.306667e+02 -3.574237e-06 -2.735385e-08
1.322222e+02 -2.901312e-06 -2.194269e-08
1.337778e+02 -2.227236e-06 -1.664877e-08
1.353333e+02 -1.546012e-06 -1.142373e-08
1.368889e+02 -9.285640e-07 -6.783341e-09
1.384444e+02 -5.494528e-07 -3.968760e-09
1.400000e+02 -7.179736e-07 -5.128383e-09
1.404667e+02 -6.660724e-07 -4.741854e-09
1.409333e+02 -6.178824e-07 -4.384218e-09
1.414000e+02 -5.731426e-07 -4.053342e-09
1.418667e+02 -5.316096e-07 -3.747248e-09
1.423333e+02 -4.930565e-07 -3.464097e-09
1.428000e+02 -4.572720e-07 -3.202185e-09
1.432667e+02 -4.240595e-07 -2.959932e-09
1.437333e+02 -3.932360e-07 -2.735872e-09
1.442000e+02 -3.646312e-07 -2.528649e-09
1.446667e+02 -3.380871e-07 -2.337008e-09
1.451333e+02 -3.134566e-07 -2.159784e-09
1.456000e+02 -2.906032e-07 -1.995901e-09
1.460667e+02 -2.693999e-07 -1.844362e-09
1.465333e+02 -2.497289e-07 -1.704246e-09
1.470000e+02 -2.314808e-07 -1.574699e-09
1.474667e+02 -2.145537e-07 -1.454930e-09
1.479333e+02 -1.988533e-07 -1.344209e-09
1.484000e+02 -1.842917e-07 -1.241858e-09
1.488667e+02 -1.707872e-07 -1.147250e-09
1.493333e+02 -1.582639e-07 -1.059803e-09
1.498000e+02 -1.466512e-07 -9.789801e-10
1.502667e+02 -1.358835e-07 -9.042821e-10
1.507333e+02 -1.258996e-07 -8.352470e-10
1.512000e+02 -1.166428e-07 -7.714472e-10
1.516667e+02 -1.080605e-07 -7.124869e-10
1.521333e+02 -1.001038e-07 -6.580006e-10
1.526000e+02 -9.272752e-08 -6.076509e-10
1.530667e+02 -8.588993e-08 -5.611276e-10
1.535333e+02 -7.955276e-08 -5.181465e-10
1.540000e+02 -7.368106e-08 -4.784484e-10
1.545133e+02 -6.771661e-08 -4.382574e-10
1.550267e+02 -6.223071e-08 -4.014194e-10
1.555400e+02 -5.718558e-08 -3.676584e-10
1.560533e+02 -5.254629e-08 -3.367201e-10
1.565667e+02 -4.828054e-08 -3.083705e-10
1.570800e+02 -4.435855e-08 -2.823946e-10
1.575933e+02 -4.075283e-08 -2.585949e-10
1.581067e+02 -3.743805e-08 -2.367898e-10
1.586200e+02 -3.439088e-08 -2.168130e-10
1.591333e+02 -3.158987e-08 -1.985119e-10
1.596467e+02 -2.901524e-08 -1.817466e-10
1.601600e+02 -2.664883e-08 -1.663888e-10
1.606733e+02 -2.447393e-08 -1.523211e-10
1.611867e+02 -2.247518e-08 -1.394358e-10
1.617000e+02 -2.063845e-08 -1.276342e-10
1.622133e+02 -1.895073e-08 -1.168259e-10
1.627267e+02 -1.740006e-08 -1.069281e-10
1.632400e+02 -1.597544e-08 -9.786472e-11
1.637533e+02 -1.466672e-08 -8.956591e-11
1.642667e+02 -1.346455e-08 -8.196764e-11
1.647800e+02 -1.236033e-08 -7.501111e-11
1.652933e+02 -1.134611e-08 -6.864229e-11
1.658067e+02 -1.041458e-08 -6.281159e-11
1.663200e+02 -9.558993e-09 -5.747350e-11
1.668333e+02 -8.773154e-09 -5.258634e-11
1.673467e+02 -8.051380e-09 -4.811198e-11
1.678600e+02 -7.388477e-09 -4.401571e-11
1.683733e+02 -6.779731e-09 -4.026606e-11
1.688867e+02 -6.220897e-09 -3.683474e-11
1.694000e+02 -5.708202e-09 -3.369659e-11
1.699647e+02 -5.192399e-09 -3.054988e-11
1.705293e+02 -4.722850e-09 -2.769524e-11
1.710940e+02 -4.295477e-09 -2.510595e-11
1.716587e+02 -3.906543e-09 -2.275762e-11
1.722233e+02 -3.552627e-09 -2.062802e-11
1.727880e+02 -3.230600e-09 -1.869690e-11
1.733527e+02 -2.937605e-09 -1.694583e-11
1.739173e+02 -2.671035e-09 -1.535807e-11
1.744820e+02 -2.428515e-09 -1.391843e-11
1.750467e+02 -2.207882e-09 -1.261311e-11
1.756113e+02 -2.007167e-09 -1.142960e-11
1.761760e+02 -1.824580e-09 -1.035658e-11
1.767407e+02 -1.658492e-09 -9.383762e-12
1.773053e+02 -1.507423e-09 -8.501847e-12
1.778700e+02 -1.370025e-09 -7.702394e-12
1.784347e+02 -1.245073e-09 -6.977753e-12
1.789993e+02 -1.131452e-09 -6.320982e-12
1.795640e+02 -1.028144e-09 -5.725779e-12
1.801287e+02 -9.342225e-10 -5.186418e-12
1.806933e+02 -8.488414e-10 -4.697691e-12
1.812580e+02 -7.712276e-10 -4.254861e-12
1.818227e+02 -7.006748e-10 -3.853616e-12
1.823873e+02 -6.365380e-10 -3.490034e-12
1.829520e+02 -5.782287e-10 -3.160549e-12
1.835167e+02 -5.252116e-10 -2.861929e-12
1.840813e+02 -4.770017e-10 -2.591255e-12
1.846460e+02 -4.331631e-10 -2.345911e-12
1.852107e+02 -3.933083e-10 -2.123573e-12
1.857753e+02 -3.570990e-10 -1.922209e-12
1.863400e+02 -3.242471e-10 -1.740083e-12
1.869611e+02 -2.915195e-10 -1.559252e-12
1.875823e+02 -2.620475e-10 -1.396974e-12
1.882034e+02 -2.355110e-10 -1.251364e-12
1.888245e+02 -2.116191e-10 -1.120718e-12
1.894457e+02 -1.901077e-10 -1.003495e-12
1.900668e+02 -1.707376e-10 -8.983032e-13
1.906879e+02 -1.532923e-10 -8.038912e-13
1.913091e+02 -1.375763e-10 -7.191313e-13
1.919302e+02 -1.234131e-10 -6.430103e-13
1.925513e+02 -1.106435e-10 -5.746180e-13
1.931725e+02 -9.912399e-11 -5.131373e-13
1.937936e+02 -8.872544e-11 -4.578347e-13
1.944147e+02 -7.933130e-11 -4.080519e-13
1.950359e+02 -7.083650e-11 -3.631973e-13
1.956570e+02 -6.314610e-11 -3.227388e-13
1.962781e+02 -5.617418e-11 -2.861968e-13
1.968993e+02 -4.984276e-11 -2.531384e-13
1.975204e+02 -4.408084e-11 -2.231711e-13
1.981415e+02 -3.882355e-11 -1.959385e-13
1.987627e+02 -3.401133e-11 -1.711153e-13
1.993838e+02 -2.958927e-11 -1.484036e-13
2.000049e+02 -2.550656e-11 -1.275297e-13
2.006261e+02 -2.171593e-11 -1.082408e-13
2.012472e+02 -1.817329e-11 -9.030333e-14
2.018683e+02 -1.483744e-11 -7.350058e-14
2.024895e+02 -1.166982e-11 -5.763172e-14
2.031106e+02 -8.634420e-12 -4.251093e-14
2.037317e+02 -5.697774e-12 -2.796704e-14
2.043529e+02 -2.829003e-12 -1.384372e-14
2.049740e+02 0.000000e+00
