# 
# Output from EIGENRAD program.
# 
# Eigenfunction for specific electronic state.
# The first column contains radius $r$ in bohr units.
# The second column holds value of eginefunction.
# 
# Use this file with gnuplot to create the plot.
#
0.000000e+00 0.000000e+00 1.558252e-05
9.722222e-02 2.698653e-06 2.775757e-05
1.944444e-01 1.906508e-05 9.804897e-05
2.916667e-01 6.487138e-05 2.224162e-04
3.888889e-01 1.543416e-04 3.968785e-04
4.861111e-01 3.001836e-04 6.175205e-04
5.833333e-01 5.136232e-04 8.804968e-04
6.805556e-01 8.044425e-04 1.182038e-03
7.777778e-01 1.181020e-03 1.518455e-03
8.750000e-01 1.650376e-03 1.886144e-03
9.722222e-01 2.218215e-03 2.281593e-03
1.069444e+00 2.888982e-03 2.701385e-03
1.166667e+00 3.665908e-03 3.142207e-03
1.263889e+00 4.551074e-03 3.600850e-03
1.361111e+00 5.545460e-03 4.074216e-03
1.458333e+00 6.649016e-03 4.559326e-03
1.555556e+00 7.860722e-03 5.053321e-03
1.652778e+00 9.178655e-03 5.553472e-03
1.750000e+00 1.060006e-02 6.057179e-03
1.847222e+00 1.212144e-02 6.561982e-03
1.944444e+00 1.373859e-02 7.065561e-03
2.041667e+00 1.544673e-02 7.565747e-03
2.138889e+00 1.724056e-02 8.060521e-03
2.236111e+00 1.911433e-02 8.548024e-03
2.333333e+00 2.106197e-02 9.026560e-03
2.430556e+00 2.307715e-02 9.494601e-03
2.527778e+00 2.515339e-02 9.950792e-03
2.625000e+00 2.728414e-02 1.039396e-02
2.722222e+00 2.946291e-02 1.082311e-02
2.819444e+00 3.168335e-02 1.123744e-02
2.916667e+00 3.393936e-02 1.163635e-02
3.013889e+00 3.622117e-02 1.201808e-02
3.111111e+00 3.852297e-02 1.238238e-02
3.208333e+00 4.083767e-02 1.272862e-02
3.305556e+00 4.315826e-02 1.305628e-02
3.402778e+00 4.547782e-02 1.336491e-02
3.500000e+00 4.778954e-02 1.365415e-02
3.597222e+00 5.008673e-02 1.392373e-02
3.694444e+00 5.236288e-02 1.417341e-02
3.791667e+00 5.461159e-02 1.440306e-02
3.888889e+00 5.682667e-02 1.461257e-02
3.986111e+00 5.900212e-02 1.480192e-02
4.083333e+00 6.113211e-02 1.497113e-02
4.180556e+00 6.321107e-02 1.512026e-02
4.277778e+00 6.523361e-02 1.524941e-02
4.375000e+00 6.719458e-02 1.535876e-02
4.472222e+00 6.908910e-02 1.544849e-02
4.569444e+00 7.091248e-02 1.551884e-02
4.666667e+00 7.266034e-02 1.557007e-02
4.763889e+00 7.432850e-02 1.560248e-02
4.861111e+00 7.591307e-02 1.561640e-02
4.958333e+00 7.741043e-02 1.561219e-02
5.055556e+00 7.881717e-02 1.559021e-02
5.152778e+00 8.013020e-02 1.555087e-02
5.250000e+00 8.134665e-02 1.549460e-02
5.347222e+00 8.246392e-02 1.542182e-02
5.444444e+00 8.347965e-02 1.533300e-02
5.541667e+00 8.439175e-02 1.522859e-02
5.638889e+00 8.519835e-02 1.510907e-02
5.736111e+00 8.589782e-02 1.497492e-02
5.833333e+00 8.648876e-02 1.482665e-02
5.930556e+00 8.697013e-02 1.466475e-02
6.027778e+00 8.734099e-02 1.448975e-02
6.125000e+00 8.760069e-02 1.430215e-02
6.222222e+00 8.774876e-02 1.410248e-02
6.319444e+00 8.778498e-02 1.389125e-02
6.416667e+00 8.770931e-02 1.366898e-02
6.513889e+00 8.752196e-02 1.343621e-02
6.611111e+00 8.722328e-02 1.319344e-02
6.708333e+00 8.681387e-02 1.294120e-02
6.805556e+00 8.629448e-02 1.268000e-02
6.902778e+00 8.566604e-02 1.241037e-02
7.000000e+00 8.492966e-02 1.213281e-02
7.097222e+00 8.408662e-02 1.184782e-02
7.194444e+00 8.313834e-02 1.155591e-02
7.291667e+00 8.208640e-02 1.125756e-02
7.388889e+00 8.093252e-02 1.095327e-02
7.486111e+00 7.967858e-02 1.064352e-02
7.583333e+00 7.832654e-02 1.032877e-02
7.680556e+00 7.687854e-02 1.000950e-02
7.777778e+00 7.533680e-02 9.686160e-03
7.875000e+00 7.370367e-02 9.359196e-03
7.972222e+00 7.198158e-02 9.029049e-03
8.069444e+00 7.017308e-02 8.696148e-03
8.166667e+00 6.828081e-02 8.360915e-03
8.263889e+00 6.630746e-02 8.023760e-03
8.361111e+00 6.425585e-02 7.685085e-03
8.458333e+00 6.212881e-02 7.345278e-03
8.555556e+00 5.992929e-02 7.004722e-03
8.652778e+00 5.766026e-02 6.663786e-03
8.750000e+00 5.532474e-02 6.322827e-03
8.847222e+00 5.292584e-02 5.982199e-03
8.944444e+00 5.046668e-02 5.642237e-03
9.041667e+00 4.795040e-02 5.303271e-03
9.138889e+00 4.538022e-02 4.965616e-03
9.236111e+00 4.275933e-02 4.629581e-03
9.333333e+00 4.009097e-02 4.295461e-03
9.430556e+00 3.737840e-02 3.963542e-03
9.527778e+00 3.462487e-02 3.634097e-03
9.625000e+00 3.183365e-02 3.307392e-03
9.722222e+00 2.900800e-02 2.983680e-03
9.819444e+00 2.615119e-02 2.663204e-03
9.916667e+00 2.326647e-02 2.346198e-03
1.001389e+01 2.035708e-02 2.032884e-03
1.011111e+01 1.742625e-02 1.723476e-03
1.020833e+01 1.447720e-02 1.418175e-03
1.030556e+01 1.151311e-02 1.117175e-03
1.040278e+01 8.537134e-03 8.206590e-04
1.050000e+01 5.552405e-03 5.288005e-04
1.059722e+01 2.562022e-03 2.417635e-04
1.069444e+01 -4.309546e-04 -4.029705e-05
1.079167e+01 -3.423502e-03 -3.172357e-04
1.088889e+01 -6.412638e-03 -5.889157e-04
1.098611e+01 -9.395426e-03 -8.552094e-04
1.108333e+01 -1.236897e-02 -1.115998e-03
1.118056e+01 -1.533044e-02 -1.371170e-03
1.127778e+01 -1.827704e-02 -1.620624e-03
1.137500e+01 -2.120602e-02 -1.864265e-03
1.147222e+01 -2.411470e-02 -2.102008e-03
1.156944e+01 -2.700047e-02 -2.333774e-03
1.166667e+01 -2.986074e-02 -2.559492e-03
1.205556e+01 -4.098981e-02 -3.400077e-03
1.244444e+01 -5.153430e-02 -4.141149e-03
1.283333e+01 -6.135081e-02 -4.780583e-03
1.322222e+01 -7.031828e-02 -5.318189e-03
1.361111e+01 -7.833683e-02 -5.755359e-03
1.400000e+01 -8.532657e-02 -6.094755e-03
1.438889e+01 -9.122642e-02 -6.340060e-03
1.477778e+01 -9.599290e-02 -6.495760e-03
1.516667e+01 -9.959903e-02 -6.566969e-03
1.555556e+01 -1.020331e-01 -6.559272e-03
1.594444e+01 -1.032977e-01 -6.478599e-03
1.633333e+01 -1.034082e-01 -6.331111e-03
1.672222e+01 -1.023920e-01 -6.123111e-03
1.711111e+01 -1.002874e-01 -5.860954e-03
1.750000e+01 -9.714225e-02 -5.550986e-03
1.788889e+01 -9.301288e-02 -5.199478e-03
1.827778e+01 -8.796318e-02 -4.812575e-03
1.866667e+01 -8.206339e-02 -4.396253e-03
1.905556e+01 -7.538904e-02 -3.956276e-03
1.944444e+01 -6.801990e-02 -3.498166e-03
1.983333e+01 -6.003886e-02 -3.027170e-03
2.022222e+01 -5.153095e-02 -2.548234e-03
2.061111e+01 -4.258224e-02 -2.065985e-03
2.100000e+01 -3.327881e-02 -1.584705e-03
2.138889e+01 -2.370575e-02 -1.108321e-03
2.177778e+01 -1.394609e-02 -6.403818e-04
2.216667e+01 -4.079840e-03 -1.840529e-04
2.255556e+01 5.817061e-03 2.578992e-04
2.294444e+01 1.567371e-02 6.831158e-04
2.333333e+01 2.542525e-02 1.089654e-03
2.372222e+01 3.498863e-02 1.474931e-03
2.411111e+01 4.431050e-02 1.837763e-03
2.450000e+01 5.333131e-02 2.176788e-03
2.488889e+01 6.199681e-02 2.490943e-03
2.527778e+01 7.025797e-02 2.779436e-03
2.566667e+01 7.807092e-02 3.041724e-03
2.605556e+01 8.539677e-02 3.277488e-03
2.644444e+01 9.220154e-02 3.486613e-03
2.683333e+01 9.845603e-02 3.669169e-03
2.722222e+01 1.041357e-01 3.825391e-03
2.761111e+01 1.092203e-01 3.955666e-03
2.800000e+01 1.136943e-01 4.060512e-03
2.838889e+01 1.175461e-01 4.140566e-03
2.877778e+01 1.207680e-01 4.196572e-03
2.916667e+01 1.233564e-01 4.229364e-03
2.955556e+01 1.253113e-01 4.239854e-03
2.994444e+01 1.266358e-01 4.229026e-03
3.033333e+01 1.273368e-01 4.197916e-03
3.072222e+01 1.274237e-01 4.147608e-03
3.111111e+01 1.269092e-01 4.079224e-03
3.150000e+01 1.258082e-01 3.993910e-03
3.188889e+01 1.241380e-01 3.892831e-03
3.227778e+01 1.219183e-01 3.777159e-03
3.266667e+01 1.191703e-01 3.648069e-03
3.305556e+01 1.159168e-01 3.506727e-03
3.344444e+01 1.121822e-01 3.354284e-03
3.383333e+01 1.079915e-01 3.191868e-03
3.422222e+01 1.033709e-01 3.020577e-03
3.461111e+01 9.834656e-02 2.841474e-03
3.500000e+01 9.294513e-02 2.655575e-03
3.538889e+01 8.719752e-02 2.463980e-03
3.577778e+01 8.113051e-02 2.267623e-03
3.616667e+01 7.477275e-02 2.067449e-03
3.655556e+01 6.815278e-02 1.864362e-03
3.694444e+01 6.129890e-02 1.659218e-03
3.733333e+01 5.423909e-02 1.452833e-03
3.772222e+01 4.700094e-02 1.245975e-03
3.811111e+01 3.961148e-02 1.039368e-03
3.850000e+01 3.209721e-02 8.336937e-04
3.888889e+01 2.448390e-02 6.295861e-04
3.927778e+01 1.679664e-02 4.276372e-04
3.966667e+01 9.059678e-03 2.283952e-04
4.005556e+01 1.296429e-03 3.236577e-05
4.044444e+01 -6.470605e-03 -1.599875e-04
4.083333e+01 -1.421987e-02 -3.482417e-04
4.122222e+01 -2.193080e-02 -5.320141e-04
4.161111e+01 -2.958385e-02 -7.109604e-04
4.200000e+01 -3.716051e-02 -8.847742e-04
4.238889e+01 -4.464334e-02 -1.053185e-03
4.277778e+01 -5.201595e-02 -1.215957e-03
4.316667e+01 -5.926305e-02 -1.372889e-03
4.355556e+01 -6.637040e-02 -1.523810e-03
4.394444e+01 -7.332485e-02 -1.668581e-03
4.433333e+01 -8.011428e-02 -1.807089e-03
4.472222e+01 -8.672760e-02 -1.939251e-03
4.511111e+01 -9.315474e-02 -2.065007e-03
4.550000e+01 -9.938659e-02 -2.184321e-03
4.588889e+01 -1.054149e-01 -2.297178e-03
4.627778e+01 -1.112325e-01 -2.403583e-03
4.666667e+01 -1.168328e-01 -2.503559e-03
4.705556e+01 -1.222108e-01 -2.597160e-03
4.744444e+01 -1.273619e-01 -2.684444e-03
4.783333e+01 -1.322824e-01 -2.765486e-03
4.822222e+01 -1.369693e-01 -2.840378e-03
4.861111e+01 -1.414205e-01 -2.909221e-03
4.900000e+01 -1.456344e-01 -2.972131e-03
4.938889e+01 -1.496103e-01 -3.029230e-03
4.977778e+01 -1.533481e-01 -3.080655e-03
5.016667e+01 -1.568484e-01 -3.126545e-03
5.055556e+01 -1.601120e-01 -3.167051e-03
5.094444e+01 -1.631408e-01 -3.202328e-03
5.133333e+01 -1.659368e-01 -3.232534e-03
5.172222e+01 -1.685025e-01 -3.257836e-03
5.211111e+01 -1.708411e-01 -3.278400e-03
5.250000e+01 -1.729559e-01 -3.294398e-03
5.288889e+01 -1.748507e-01 -3.306001e-03
5.327778e+01 -1.765298e-01 -3.313385e-03
5.366667e+01 -1.779975e-01 -3.316723e-03
5.405556e+01 -1.792585e-01 -3.316191e-03
5.444444e+01 -1.803180e-01 -3.311963e-03
5.483333e+01 -1.811810e-01 -3.304213e-03
5.522222e+01 -1.818530e-01 -3.293113e-03
5.561111e+01 -1.823396e-01 -3.278835e-03
5.600000e+01 -1.826466e-01 -3.261546e-03
5.638889e+01 -1.827796e-01 -3.241412e-03
5.677778e+01 -1.827448e-01 -3.218598e-03
5.716667e+01 -1.825482e-01 -3.193263e-03
5.755556e+01 -1.821958e-01 -3.165563e-03
5.794444e+01 -1.816937e-01 -3.135653e-03
5.833333e+01 -1.810480e-01 -3.103681e-03
5.872222e+01 -1.802651e-01 -3.069794e-03
5.911111e+01 -1.793510e-01 -3.034133e-03
5.950000e+01 -1.783117e-01 -2.996836e-03
5.988889e+01 -1.771535e-01 -2.958037e-03
6.027778e+01 -1.758823e-01 -2.917864e-03
6.066667e+01 -1.745042e-01 -2.876442e-03
6.105556e+01 -1.730249e-01 -2.833893e-03
6.144444e+01 -1.714503e-01 -2.790331e-03
6.183333e+01 -1.697862e-01 -2.745868e-03
6.222222e+01 -1.680380e-01 -2.700611e-03
6.261111e+01 -1.662114e-01 -2.654663e-03
6.300000e+01 -1.643117e-01 -2.608122e-03
6.338889e+01 -1.623442e-01 -2.561083e-03
6.377778e+01 -1.603140e-01 -2.513634e-03
6.416667e+01 -1.582261e-01 -2.465861e-03
6.455556e+01 -1.560853e-01 -2.417845e-03
6.494444e+01 -1.538966e-01 -2.369665e-03
6.533333e+01 -1.516643e-01 -2.321392e-03
6.572222e+01 -1.493930e-01 -2.273097e-03
6.611111e+01 -1.470870e-01 -2.224845e-03
6.650000e+01 -1.447503e-01 -2.176697e-03
6.688889e+01 -1.423871e-01 -2.128711e-03
6.727778e+01 -1.400012e-01 -2.080943e-03
6.766667e+01 -1.375963e-01 -2.033443e-03
6.805556e+01 -1.351759e-01 -1.986258e-03
6.844444e+01 -1.327435e-01 -1.939434e-03
6.883333e+01 -1.303023e-01 -1.893012e-03
6.922222e+01 -1.278555e-01 -1.847030e-03
6.961111e+01 -1.254061e-01 -1.801524e-03
7.000000e+01 -1.229569e-01 -1.756527e-03
7.077778e+01 -1.180699e-01 -1.668178e-03
7.155556e+01 -1.132143e-01 -1.582187e-03
7.233333e+01 -1.084082e-01 -1.498730e-03
7.311111e+01 -1.036676e-01 -1.417946e-03
7.388889e+01 -9.900661e-02 -1.339939e-03
7.466667e+01 -9.443750e-02 -1.264788e-03
7.544444e+01 -8.997080e-02 -1.192544e-03
7.622222e+01 -8.561547e-02 -1.123235e-03
7.700000e+01 -8.137900e-02 -1.056870e-03
7.777778e+01 -7.726751e-02 -9.934394e-04
7.855556e+01 -7.328588e-02 -9.329178e-04
7.933333e+01 -6.943784e-02 -8.752669e-04
8.011111e+01 -6.572608e-02 -8.204366e-04
8.088889e+01 -6.215232e-02 -7.683667e-04
8.166667e+01 -5.871743e-02 -7.189889e-04
8.244444e+01 -5.542149e-02 -6.722283e-04
8.322222e+01 -5.226388e-02 -6.280040e-04
8.400000e+01 -4.924340e-02 -5.862309e-04
8.477778e+01 -4.635826e-02 -5.468209e-04
8.555556e+01 -4.360623e-02 -5.096832e-04
8.633333e+01 -4.098466e-02 -4.747258e-04
8.711111e+01 -3.849055e-02 -4.418558e-04
8.788889e+01 -3.612061e-02 -4.109804e-04
8.866667e+01 -3.387134e-02 -3.820075e-04
8.944444e+01 -3.173901e-02 -3.548461e-04
9.022222e+01 -2.971978e-02 -3.294065e-04
9.100000e+01 -2.780970e-02 -3.056011e-04
9.177778e+01 -2.600476e-02 -2.833448e-04
9.255556e+01 -2.430089e-02 -2.625546e-04
9.333333e+01 -2.269405e-02 -2.431505e-04
9.488889e+01 -1.975317e-02 -2.081716e-04
9.644444e+01 -1.715383e-02 -1.778623e-04
9.800000e+01 -1.486269e-02 -1.516601e-04
9.955556e+01 -1.284882e-02 -1.290618e-04
1.011111e+02 -1.108363e-02 -1.096183e-04
1.026667e+02 -9.540741e-03 -9.292930e-05
1.042222e+02 -8.195908e-03 -7.863878e-05
1.057778e+02 -7.026921e-03 -6.643098e-05
1.073333e+02 -6.013504e-03 -5.602643e-05
1.088889e+02 -5.137217e-03 -4.717852e-05
1.104444e+02 -4.381361e-03 -3.967027e-05
1.120000e+02 -3.730882e-03 -3.331145e-05
1.135556e+02 -3.172271e-03 -2.793585e-05
1.151111e+02 -2.693468e-03 -2.339885e-05
1.166667e+02 -2.283766e-03 -1.957513e-05
1.182222e+02 -1.933714e-03 -1.635660e-05
1.197778e+02 -1.635021e-03 -1.365045e-05
1.213333e+02 -1.380456e-03 -1.137739e-05
1.228889e+02 -1.163756e-03 -9.469984e-06
1.244444e+02 -9.795250e-04 -7.871183e-06
1.260000e+02 -8.231412e-04 -6.532867e-06
1.275556e+02 -6.906580e-04 -5.414566e-06
1.291111e+02 -5.787087e-04 -4.482254e-06
1.306667e+02 -4.844100e-04 -3.707219e-06
1.322222e+02 -4.052654e-04 -3.065032e-06
1.337778e+02 -3.390695e-04 -2.534573e-06
1.353333e+02 -2.838114e-04 -2.097129e-06
1.368889e+02 -2.375789e-04 -1.735560e-06
1.384444e+02 -1.984620e-04 -1.433514e-06
1.400000e+02 -1.644577e-04 -1.174698e-06
1.404667e+02 -1.556444e-04 -1.108052e-06
1.409333e+02 -1.472911e-04 -1.045112e-06
1.414000e+02 -1.393745e-04 -9.856752e-07
1.418667e+02 -1.318725e-04 -9.295525e-07
1.423333e+02 -1.247642e-04 -8.765633e-07
1.428000e+02 -1.180294e-04 -8.265366e-07
1.432667e+02 -1.116492e-04 -7.793106e-07
1.437333e+02 -1.056055e-04 -7.347321e-07
1.442000e+02 -9.988099e-05 -6.926560e-07
1.446667e+02 -9.445935e-05 -6.529448e-07
1.451333e+02 -8.932501e-05 -6.154686e-07
1.456000e+02 -8.446319e-05 -5.801043e-07
1.460667e+02 -7.985982e-05 -5.467354e-07
1.465333e+02 -7.550157e-05 -5.152518e-07
1.470000e+02 -7.137574e-05 -4.855493e-07
1.474667e+02 -6.747028e-05 -4.575290e-07
1.479333e+02 -6.377375e-05 -4.310979e-07
1.484000e+02 -6.027526e-05 -4.061675e-07
1.488667e+02 -5.696450e-05 -3.826545e-07
1.493333e+02 -5.383166e-05 -3.604799e-07
1.498000e+02 -5.086742e-05 -3.395689e-07
1.502667e+02 -4.806294e-05 -3.198510e-07
1.507333e+02 -4.540983e-05 -3.012594e-07
1.512000e+02 -4.290011e-05 -2.837309e-07
1.516667e+02 -4.052623e-05 -2.672059e-07
1.521333e+02 -3.828101e-05 -2.516280e-07
1.526000e+02 -3.615764e-05 -2.369439e-07
1.530667e+02 -3.414968e-05 -2.231033e-07
1.535333e+02 -3.225102e-05 -2.100588e-07
1.540000e+02 -3.045588e-05 -1.977655e-07
1.545133e+02 -2.859417e-05 -1.850596e-07
1.550267e+02 -2.684405e-05 -1.731576e-07
1.555400e+02 -2.519900e-05 -1.620098e-07
1.560533e+02 -2.365287e-05 -1.515691e-07
1.565667e+02 -2.219984e-05 -1.417916e-07
1.570800e+02 -2.083443e-05 -1.326358e-07
1.575933e+02 -1.955147e-05 -1.240628e-07
1.581067e+02 -1.834608e-05 -1.160361e-07
1.586200e+02 -1.721368e-05 -1.085215e-07
1.591333e+02 -1.614993e-05 -1.014868e-07
1.596467e+02 -1.515076e-05 -9.490185e-08
1.601600e+02 -1.421233e-05 -8.873832e-08
1.606733e+02 -1.333101e-05 -8.296966e-08
1.611867e+02 -1.250341e-05 -7.757099e-08
1.617000e+02 -1.172631e-05 -7.251892e-08
1.622133e+02 -1.099670e-05 -6.779157e-08
1.627267e+02 -1.031173e-05 -6.336838e-08
1.632400e+02 -9.668720e-06 -5.923009e-08
1.637533e+02 -9.065158e-06 -5.535862e-08
1.642667e+02 -8.498667e-06 -5.173701e-08
1.647800e+02 -7.967012e-06 -4.834939e-08
1.652933e+02 -7.468089e-06 -4.518082e-08
1.658067e+02 -6.999918e-06 -4.221735e-08
1.663200e+02 -6.560634e-06 -3.944585e-08
1.668333e+02 -6.148484e-06 -3.685405e-08
1.673467e+02 -5.761821e-06 -3.443045e-08
1.678600e+02 -5.399094e-06 -3.216427e-08
1.683733e+02 -5.058850e-06 -3.004544e-08
1.688867e+02 -4.739729e-06 -2.806456e-08
1.694000e+02 -4.440457e-06 -2.621285e-08
1.699647e+02 -4.132704e-06 -2.431508e-08
1.705293e+02 -3.845958e-06 -2.255306e-08
1.710940e+02 -3.578812e-06 -2.091723e-08
1.716587e+02 -3.329952e-06 -1.939869e-08
1.722233e+02 -3.098148e-06 -1.798913e-08
1.727880e+02 -2.882248e-06 -1.668083e-08
1.733527e+02 -2.681177e-06 -1.546660e-08
1.739173e+02 -2.493931e-06 -1.433975e-08
1.744820e+02 -2.319573e-06 -1.329405e-08
1.750467e+02 -2.157226e-06 -1.232372e-08
1.756113e+02 -2.006075e-06 -1.142338e-08
1.761760e+02 -1.865357e-06 -1.058803e-08
1.767407e+02 -1.734361e-06 -9.813025e-09
1.773053e+02 -1.612424e-06 -9.094052e-09
1.778700e+02 -1.498928e-06 -8.427099e-09
1.784347e+02 -1.393296e-06 -7.808439e-09
1.789993e+02 -1.294990e-06 -7.234609e-09
1.795640e+02 -1.203508e-06 -6.702388e-09
1.801287e+02 -1.118380e-06 -6.208785e-09
1.806933e+02 -1.039170e-06 -5.751016e-09
1.812580e+02 -9.654700e-07 -5.326496e-09
1.818227e+02 -8.968983e-07 -4.932819e-09
1.823873e+02 -8.330994e-07 -4.567748e-09
1.829520e+02 -7.737416e-07 -4.229206e-09
1.835167e+02 -7.185157e-07 -3.915261e-09
1.840813e+02 -6.671334e-07 -3.624123e-09
1.846460e+02 -6.193270e-07 -3.354132e-09
1.852107e+02 -5.748477e-07 -3.103750e-09
1.857753e+02 -5.334656e-07 -2.871563e-09
1.863400e+02 -4.949689e-07 -2.656268e-09
1.869611e+02 -4.557004e-07 -2.437407e-09
1.875823e+02 -4.194154e-07 -2.235901e-09
1.882034e+02 -3.858835e-07 -2.050354e-09
1.888245e+02 -3.548909e-07 -1.879474e-09
1.894457e+02 -3.262385e-07 -1.722069e-09
1.900668e+02 -2.997418e-07 -1.577034e-09
1.906879e+02 -2.752295e-07 -1.443350e-09
1.913091e+02 -2.525425e-07 -1.320076e-09
1.919302e+02 -2.315332e-07 -1.206341e-09
1.925513e+02 -2.120648e-07 -1.101342e-09
1.931725e+02 -1.940102e-07 -1.004337e-09
1.937936e+02 -1.772513e-07 -9.146395e-10
1.944147e+02 -1.616784e-07 -8.316159e-10
1.950359e+02 -1.471893e-07 -7.546783e-10
1.956570e+02 -1.336890e-07 -6.832825e-10
1.962781e+02 -1.210885e-07 -6.169232e-10
1.968993e+02 -1.093047e-07 -5.551303e-10
1.975204e+02 -9.825970e-08 -4.974661e-10
1.981415e+02 -8.788005e-08 -4.435216e-10
1.987627e+02 -7.809661e-08 -3.929139e-10
1.993838e+02 -6.884390e-08 -3.452833e-10
2.000049e+02 -6.005970e-08 -3.002911e-10
2.006261e+02 -5.168470e-08 -2.576171e-10
2.012472e+02 -4.366214e-08 -2.169578e-10
2.018683e+02 -3.593751e-08 -1.780245e-10
2.024895e+02 -2.845824e-08 -1.405418e-10
2.031106e+02 -2.117350e-08 -1.042462e-10
2.037317e+02 -1.403398e-08 -6.888462e-11
2.043529e+02 -6.991732e-09 -3.421401e-11
2.049740e+02 0.000000e+00
