# 
# Output from EIGENRAD program.
# 
# Eigenfunction for specific electronic state.
# The first column contains radius $r$ in bohr units.
# The second column holds value of eginefunction.
# 
# Use this file with gnuplot to create the plot.
#
0.000000e+00 0.000000e+00 -1.787072e+00
6.944444e-03 -1.240867e-02 -1.786849e+00
1.388889e-02 -2.480815e-02 -1.786187e+00
2.083333e-02 -3.718933e-02 -1.785088e+00
2.777778e-02 -4.954315e-02 -1.783553e+00
3.472222e-02 -6.186065e-02 -1.781587e+00
4.166667e-02 -7.413304e-02 -1.779193e+00
4.861111e-02 -8.635167e-02 -1.776377e+00
5.555556e-02 -9.850812e-02 -1.773146e+00
6.250000e-02 -1.105942e-01 -1.769507e+00
6.944444e-02 -1.226020e-01 -1.765469e+00
7.638889e-02 -1.345240e-01 -1.761041e+00
8.333333e-02 -1.463528e-01 -1.756233e+00
9.027778e-02 -1.580815e-01 -1.751056e+00
9.722222e-02 -1.697035e-01 -1.745521e+00
1.041667e-01 -1.812125e-01 -1.739640e+00
1.111111e-01 -1.926029e-01 -1.733426e+00
1.180556e-01 -2.038691e-01 -1.726892e+00
1.250000e-01 -2.150062e-01 -1.720050e+00
1.319444e-01 -2.260096e-01 -1.712915e+00
1.388889e-01 -2.368751e-01 -1.705501e+00
1.458333e-01 -2.475990e-01 -1.697822e+00
1.527778e-01 -2.581779e-01 -1.689892e+00
1.597222e-01 -2.686089e-01 -1.681725e+00
1.666667e-01 -2.788896e-01 -1.673337e+00
1.736111e-01 -2.890177e-01 -1.664742e+00
1.805556e-01 -2.989917e-01 -1.655954e+00
1.875000e-01 -3.088100e-01 -1.646987e+00
1.944444e-01 -3.184718e-01 -1.637855e+00
2.013889e-01 -3.279764e-01 -1.628573e+00
2.083333e-01 -3.373234e-01 -1.619152e+00
2.152778e-01 -3.465128e-01 -1.609608e+00
2.222222e-01 -3.555449e-01 -1.599952e+00
2.291667e-01 -3.644203e-01 -1.590197e+00
2.361111e-01 -3.731396e-01 -1.580356e+00
2.430556e-01 -3.817039e-01 -1.570439e+00
2.500000e-01 -3.901144e-01 -1.560458e+00
2.569444e-01 -3.983725e-01 -1.550423e+00
2.638889e-01 -4.064799e-01 -1.540345e+00
2.708333e-01 -4.144381e-01 -1.530233e+00
2.777778e-01 -4.222492e-01 -1.520097e+00
2.847222e-01 -4.299150e-01 -1.509945e+00
2.916667e-01 -4.374376e-01 -1.499786e+00
2.986111e-01 -4.448191e-01 -1.489627e+00
3.055556e-01 -4.520618e-01 -1.479475e+00
3.125000e-01 -4.591679e-01 -1.469337e+00
3.194444e-01 -4.661397e-01 -1.459220e+00
3.263889e-01 -4.729795e-01 -1.449129e+00
3.333333e-01 -4.796896e-01 -1.439069e+00
3.402778e-01 -4.862722e-01 -1.429045e+00
3.472222e-01 -4.927298e-01 -1.419062e+00
3.541667e-01 -4.990646e-01 -1.409123e+00
3.611111e-01 -5.052787e-01 -1.399233e+00
3.680556e-01 -5.113746e-01 -1.389395e+00
3.750000e-01 -5.173542e-01 -1.379611e+00
3.819444e-01 -5.232198e-01 -1.369884e+00
3.888889e-01 -5.289734e-01 -1.360217e+00
3.958333e-01 -5.346170e-01 -1.350611e+00
4.027778e-01 -5.401525e-01 -1.341068e+00
4.097222e-01 -5.455820e-01 -1.331590e+00
4.166667e-01 -5.509072e-01 -1.322177e+00
4.305556e-01 -5.612518e-01 -1.303553e+00
4.444444e-01 -5.712000e-01 -1.285200e+00
4.583333e-01 -5.807644e-01 -1.267122e+00
4.722222e-01 -5.899566e-01 -1.249320e+00
4.861111e-01 -5.987873e-01 -1.231791e+00
5.000000e-01 -6.072666e-01 -1.214533e+00
5.138889e-01 -6.154038e-01 -1.197543e+00
5.277778e-01 -6.232076e-01 -1.180814e+00
5.416667e-01 -6.306861e-01 -1.164344e+00
5.555556e-01 -6.378472e-01 -1.148125e+00
5.694444e-01 -6.446981e-01 -1.132153e+00
5.833333e-01 -6.512459e-01 -1.116422e+00
5.972222e-01 -6.574972e-01 -1.100926e+00
6.111111e-01 -6.634586e-01 -1.085660e+00
6.250000e-01 -6.691363e-01 -1.070618e+00
6.388889e-01 -6.745364e-01 -1.055796e+00
6.527778e-01 -6.796649e-01 -1.041189e+00
6.666667e-01 -6.845278e-01 -1.026792e+00
6.805556e-01 -6.891308e-01 -1.012600e+00
6.944444e-01 -6.934796e-01 -9.986107e-01
7.083333e-01 -6.975801e-01 -9.848189e-01
7.222222e-01 -7.014377e-01 -9.712214e-01
7.361111e-01 -7.050581e-01 -9.578147e-01
7.500000e-01 -7.084468e-01 -9.445957e-01
7.638889e-01 -7.116093e-01 -9.315613e-01
7.777778e-01 -7.145510e-01 -9.187085e-01
7.916667e-01 -7.172772e-01 -9.060344e-01
8.055556e-01 -7.197931e-01 -8.935363e-01
8.194444e-01 -7.221037e-01 -8.812112e-01
8.333333e-01 -7.242137e-01 -8.690564e-01
8.611111e-01 -7.278536e-01 -8.452493e-01
8.888889e-01 -7.307513e-01 -8.220952e-01
9.166667e-01 -7.329447e-01 -7.995760e-01
9.444444e-01 -7.344699e-01 -7.776740e-01
9.722222e-01 -7.353617e-01 -7.563721e-01
1.000000e+00 -7.356537e-01 -7.356537e-01
1.027778e+00 -7.353780e-01 -7.155029e-01
1.055556e+00 -7.345654e-01 -6.959041e-01
1.083333e+00 -7.332455e-01 -6.768420e-01
1.111111e+00 -7.314467e-01 -6.583020e-01
1.138889e+00 -7.291962e-01 -6.402698e-01
1.166667e+00 -7.265201e-01 -6.227315e-01
1.194444e+00 -7.234434e-01 -6.056735e-01
1.222222e+00 -7.199901e-01 -5.890828e-01
1.250000e+00 -7.161831e-01 -5.729465e-01
1.277778e+00 -7.120444e-01 -5.572522e-01
1.305556e+00 -7.075951e-01 -5.419877e-01
1.333333e+00 -7.028552e-01 -5.271414e-01
1.361111e+00 -6.978441e-01 -5.127018e-01
1.388889e+00 -6.925801e-01 -4.986576e-01
1.416667e+00 -6.870808e-01 -4.849982e-01
1.444444e+00 -6.813631e-01 -4.717129e-01
1.472222e+00 -6.754430e-01 -4.587915e-01
1.500000e+00 -6.693360e-01 -4.462240e-01
1.527778e+00 -6.630568e-01 -4.340008e-01
1.555556e+00 -6.566192e-01 -4.221123e-01
1.583333e+00 -6.500368e-01 -4.105495e-01
1.611111e+00 -6.433223e-01 -3.993035e-01
1.638889e+00 -6.364878e-01 -3.883654e-01
1.666667e+00 -6.295451e-01 -3.777271e-01
1.722222e+00 -6.153778e-01 -3.573161e-01
1.777778e+00 -6.009043e-01 -3.380086e-01
1.833333e+00 -5.861983e-01 -3.197445e-01
1.888889e+00 -5.713270e-01 -3.024672e-01
1.944444e+00 -5.563510e-01 -2.861234e-01
2.000000e+00 -5.413249e-01 -2.706624e-01
2.055556e+00 -5.262980e-01 -2.560369e-01
2.111111e+00 -5.113143e-01 -2.422015e-01
2.166667e+00 -4.964132e-01 -2.291138e-01
2.222222e+00 -4.816295e-01 -2.167333e-01
2.277778e+00 -4.669941e-01 -2.050218e-01
2.333333e+00 -4.525343e-01 -1.939433e-01
2.388889e+00 -4.382738e-01 -1.834634e-01
2.444444e+00 -4.242332e-01 -1.735499e-01
2.500000e+00 -4.104304e-01 -1.641722e-01
2.555556e+00 -3.968806e-01 -1.553011e-01
2.611111e+00 -3.835967e-01 -1.469094e-01
2.666667e+00 -3.705894e-01 -1.389710e-01
2.722222e+00 -3.578676e-01 -1.314616e-01
2.777778e+00 -3.454384e-01 -1.243578e-01
2.833333e+00 -3.333073e-01 -1.176379e-01
2.888889e+00 -3.214785e-01 -1.112810e-01
2.944444e+00 -3.099548e-01 -1.052677e-01
3.000000e+00 -2.987378e-01 -9.957928e-02
3.055556e+00 -2.878283e-01 -9.419834e-02
3.111111e+00 -2.772257e-01 -8.910826e-02
3.166667e+00 -2.669288e-01 -8.429329e-02
3.222222e+00 -2.569353e-01 -7.973854e-02
3.277778e+00 -2.472423e-01 -7.542984e-02
3.333333e+00 -2.378457e-01 -7.135372e-02
3.388889e+00 -2.287432e-01 -6.749799e-02
3.444444e+00 -2.199300e-01 -6.385064e-02
3.500000e+00 -2.114014e-01 -6.040040e-02
3.555556e+00 -2.031523e-01 -5.713659e-02
3.611111e+00 -1.951774e-01 -5.404913e-02
3.666667e+00 -1.874711e-01 -5.112849e-02
3.722222e+00 -1.800278e-01 -4.836567e-02
3.777778e+00 -1.728414e-01 -4.575214e-02
3.833333e+00 -1.659060e-01 -4.327984e-02
3.888889e+00 -1.592155e-01 -4.094113e-02
3.944444e+00 -1.527636e-01 -3.872880e-02
4.000000e+00 -1.465441e-01 -3.663603e-02
4.055556e+00 -1.405507e-01 -3.465635e-02
4.111111e+00 -1.347772e-01 -3.278364e-02
4.166667e+00 -1.292172e-01 -3.101213e-02
4.222222e+00 -1.238646e-01 -2.933635e-02
4.277778e+00 -1.187131e-01 -2.775112e-02
4.333333e+00 -1.137567e-01 -2.625155e-02
4.388889e+00 -1.089893e-01 -2.483300e-02
4.444444e+00 -1.044049e-01 -2.349110e-02
4.500000e+00 -9.999769e-02 -2.222171e-02
4.555556e+00 -9.576192e-02 -2.102091e-02
4.611111e+00 -9.169192e-02 -1.988500e-02
4.666667e+00 -8.778218e-02 -1.881047e-02
4.722222e+00 -8.402725e-02 -1.779401e-02
4.777778e+00 -8.042184e-02 -1.683248e-02
4.833333e+00 -7.696076e-02 -1.592291e-02
4.888889e+00 -7.363891e-02 -1.506250e-02
4.944444e+00 -7.045131e-02 -1.424858e-02
5.000000e+00 -6.739309e-02 -1.347862e-02
5.055556e+00 -6.445973e-02 -1.275028e-02
5.111111e+00 -6.164660e-02 -1.206129e-02
5.166667e+00 -5.894928e-02 -1.140954e-02
5.222222e+00 -5.636346e-02 -1.079300e-02
5.277778e+00 -5.388497e-02 -1.020978e-02
5.333333e+00 -5.150975e-02 -9.658078e-03
5.388889e+00 -4.923388e-02 -9.136185e-03
5.444444e+00 -4.705357e-02 -8.642493e-03
5.500000e+00 -4.496513e-02 -8.175478e-03
5.555556e+00 -4.296500e-02 -7.733700e-03
5.611111e+00 -4.104974e-02 -7.315795e-03
5.666667e+00 -3.921601e-02 -6.920471e-03
5.722222e+00 -3.746059e-02 -6.546511e-03
5.777778e+00 -3.578038e-02 -6.192758e-03
5.833333e+00 -3.417237e-02 -5.858121e-03
5.888889e+00 -3.263367e-02 -5.541566e-03
5.944444e+00 -3.116148e-02 -5.242118e-03
6.000000e+00 -2.975310e-02 -4.958850e-03
6.055556e+00 -2.840594e-02 -4.690889e-03
6.111111e+00 -2.711749e-02 -4.437407e-03
6.166667e+00 -2.588534e-02 -4.197622e-03
6.222222e+00 -2.470717e-02 -3.970795e-03
6.277778e+00 -2.358074e-02 -3.756224e-03
6.333333e+00 -2.250391e-02 -3.553249e-03
6.388889e+00 -2.147460e-02 -3.361242e-03
6.444444e+00 -2.049082e-02 -3.179611e-03
6.500000e+00 -1.955066e-02 -3.007795e-03
6.555556e+00 -1.865228e-02 -2.845263e-03
6.611111e+00 -1.779390e-02 -2.691514e-03
6.666667e+00 -1.697381e-02 -2.546072e-03
6.777778e+00 -1.544216e-02 -2.278351e-03
6.888889e+00 -1.404486e-02 -2.038770e-03
7.000000e+00 -1.277064e-02 -1.824377e-03
7.111111e+00 -1.160910e-02 -1.632530e-03
7.222222e+00 -1.055065e-02 -1.460859e-03
7.333333e+00 -9.586456e-03 -1.307244e-03
7.444444e+00 -8.708402e-03 -1.169785e-03
7.555556e+00 -7.909026e-03 -1.046783e-03
7.666667e+00 -7.181483e-03 -9.367151e-04
7.777778e+00 -6.519493e-03 -8.382206e-04
7.888889e+00 -5.917308e-03 -7.500813e-04
8.000000e+00 -5.369664e-03 -6.712080e-04
8.111111e+00 -4.871746e-03 -6.006262e-04
8.222222e+00 -4.419153e-03 -5.374645e-04
8.333333e+00 -4.007861e-03 -4.809433e-04
8.444444e+00 -3.634194e-03 -4.303651e-04
8.555556e+00 -3.294796e-03 -3.851060e-04
8.666667e+00 -2.986598e-03 -3.446075e-04
8.777778e+00 -2.706799e-03 -3.083695e-04
8.888889e+00 -2.452838e-03 -2.759442e-04
9.000000e+00 -2.222375e-03 -2.469306e-04
9.111111e+00 -2.013274e-03 -2.209691e-04
9.222222e+00 -1.823584e-03 -1.977380e-04
9.333333e+00 -1.651522e-03 -1.769488e-04
9.444444e+00 -1.495468e-03 -1.583436e-04
9.555556e+00 -1.353946e-03 -1.416920e-04
9.666667e+00 -1.225622e-03 -1.267885e-04
9.777778e+00 -1.109296e-03 -1.134507e-04
9.888889e+00 -1.003897e-03 -1.015176e-04
1.000000e+01 -9.084819e-04 -9.084819e-05
1.011111e+01 -8.219932e-04 -8.129603e-05
1.022222e+01 -7.436360e-04 -7.274700e-05
1.033333e+01 -6.726643e-04 -6.509655e-05
1.044444e+01 -6.083962e-04 -5.825070e-05
1.055556e+01 -5.502092e-04 -5.212508e-05
1.066667e+01 -4.975357e-04 -4.664397e-05
1.077778e+01 -4.498594e-04 -4.173953e-05
1.088889e+01 -4.067107e-04 -3.735099e-05
1.100000e+01 -3.676633e-04 -3.342393e-05
1.111111e+01 -3.323303e-04 -2.990973e-05
1.122222e+01 -3.003613e-04 -2.676487e-05
1.133333e+01 -2.714388e-04 -2.395048e-05
1.144444e+01 -2.452751e-04 -2.143181e-05
1.155556e+01 -2.216102e-04 -1.917780e-05
1.166667e+01 -2.002083e-04 -1.716071e-05
1.177778e+01 -1.808560e-04 -1.535570e-05
1.188889e+01 -1.633601e-04 -1.374057e-05
1.200000e+01 -1.475450e-04 -1.229541e-05
1.211111e+01 -1.332515e-04 -1.100242e-05
1.222222e+01 -1.203351e-04 -9.845597e-06
1.233333e+01 -1.086641e-04 -8.810605e-06
1.244444e+01 -9.811903e-05 -7.884565e-06
1.255556e+01 -8.859104e-05 -7.055923e-06
1.266667e+01 -7.998139e-05 -6.314321e-06
1.277778e+01 -7.220074e-05 -5.650493e-06
1.288889e+01 -6.516864e-05 -5.056188e-06
1.300000e+01 -5.881334e-05 -4.524103e-06
1.311111e+01 -5.307170e-05 -4.047842e-06
1.322222e+01 -4.788934e-05 -3.621883e-06
1.333333e+01 -4.322097e-05 -3.241573e-06
1.355556e+01 -3.521066e-05 -2.597508e-06
1.377778e+01 -2.864857e-05 -2.079331e-06
1.400000e+01 -2.329088e-05 -1.663635e-06
1.422222e+01 -1.892878e-05 -1.330930e-06
1.444444e+01 -1.538473e-05 -1.065097e-06
1.466667e+01 -1.250900e-05 -8.528866e-07
1.488889e+01 -1.017645e-05 -6.834931e-07
1.511111e+01 -8.283408e-06 -5.481667e-07
1.533333e+01 -6.744849e-06 -4.398815e-07
1.555556e+01 -5.491753e-06 -3.530412e-07
1.577778e+01 -4.468656e-06 -2.832247e-07
1.600000e+01 -3.631430e-06 -2.269644e-07
1.622222e+01 -2.945253e-06 -1.815567e-07
1.644444e+01 -2.382799e-06 -1.449000e-07
1.666667e+01 -1.922631e-06 -1.153579e-07
1.688889e+01 -1.547797e-06 -9.164588e-08
1.711111e+01 -1.244642e-06 -7.273883e-08
1.733333e+01 -1.001821e-06 -5.779736e-08
1.755556e+01 -8.095211e-07 -4.611196e-08
1.777778e+01 -6.588928e-07 -3.706272e-08
1.800000e+01 -5.416861e-07 -3.009367e-08
1.822222e+01 -4.500962e-07 -2.470040e-08
1.844444e+01 -3.768152e-07 -2.042974e-08
1.866667e+01 -3.152921e-07 -1.689065e-08
1.888889e+01 -2.601997e-07 -1.377528e-08
1.911111e+01 -2.081093e-07 -1.088944e-08
1.933333e+01 -1.583729e-07 -8.191703e-09
1.955556e+01 -1.142124e-07 -5.840409e-09
1.977778e+01 -8.401675e-08 -4.248038e-09
2.000000e+01 -8.284599e-08 -4.142300e-09
2.022222e+01 -6.713160e-08 -3.319694e-09
2.044444e+01 -5.432707e-08 -2.657302e-09
2.066667e+01 -4.393156e-08 -2.125720e-09
2.088889e+01 -3.551739e-08 -1.700301e-09
2.111111e+01 -2.872226e-08 -1.360528e-09
2.133333e+01 -2.324185e-08 -1.089462e-09
2.155556e+01 -1.882294e-08 -8.732291e-10
2.177778e+01 -1.525690e-08 -7.005719e-10
2.200000e+01 -1.237369e-08 -5.624403e-10
2.222222e+01 -1.003624e-08 -4.516307e-10
2.244444e+01 -8.135338e-09 -3.624656e-10
2.266667e+01 -6.584915e-09 -2.905110e-10
2.288889e+01 -5.317792e-09 -2.323307e-10
2.311111e+01 -4.281873e-09 -1.852733e-10
2.333333e+01 -3.436778e-09 -1.472905e-10
2.355556e+01 -2.750923e-09 -1.167845e-10
2.377778e+01 -2.199044e-09 -9.248316e-11
2.400000e+01 -1.760161e-09 -7.334005e-11
2.422222e+01 -1.415993e-09 -5.845842e-11
2.444444e+01 -1.149811e-09 -4.703772e-11
2.466667e+01 -9.457412e-10 -3.834086e-11
2.488889e+01 -7.885076e-10 -3.168111e-11
2.511111e+01 -6.636214e-10 -2.642740e-11
2.533333e+01 -5.580142e-10 -2.202687e-11
2.555556e+01 -4.611151e-10 -1.804364e-11
2.577778e+01 -3.663731e-10 -1.421275e-11
2.600000e+01 -2.732224e-10 -1.050856e-11
2.622222e+01 -1.894932e-10 -7.226436e-12
2.644444e+01 -1.342660e-10 -5.077286e-12
2.666667e+01 -1.411708e-10 -5.293906e-12
2.711111e+01 -9.386393e-11 -3.462194e-12
2.755556e+01 -6.085075e-11 -2.208293e-12
2.800000e+01 -3.852888e-11 -1.376031e-12
2.844444e+01 -2.398950e-11 -8.433809e-13
2.888889e+01 -1.492768e-11 -5.167272e-13
2.933333e+01 -9.558391e-12 -3.258542e-13
2.977778e+01 -6.538490e-12 -2.195762e-13
3.022222e+01 -4.894433e-12 -1.619482e-13
3.066667e+01 -3.955909e-12 -1.289970e-13
3.111111e+01 -3.295283e-12 -1.059198e-13
3.155556e+01 -2.672898e-12 -8.470450e-14
3.200000e+01 -1.988204e-12 -6.213136e-14
3.244444e+01 -1.236748e-12 -3.811894e-14
3.288889e+01 -4.729962e-13 -1.438164e-14
3.333333e+01 2.209964e-13 6.629892e-15
3.377778e+01 7.610746e-13 2.253181e-14
3.422222e+01 1.080626e-12 3.157674e-14
3.466667e+01 1.144383e-12 3.301106e-14
3.511111e+01 9.563786e-13 2.723863e-14
3.555556e+01 5.620604e-13 1.580795e-14
3.600000e+01 4.456191e-14 1.237831e-15
3.644444e+01 -4.848712e-13 -1.330439e-14
3.688889e+01 -9.022977e-13 -2.445988e-14
3.733333e+01 -1.092341e-12 -2.925914e-14
3.777778e+01 -9.752926e-13 -2.581657e-14
3.822222e+01 -5.400586e-13 -1.412944e-14
3.866667e+01 1.170492e-13 3.027134e-15
3.911111e+01 7.476794e-13 1.911680e-14
3.955556e+01 9.009643e-13 2.277719e-14
4.000000e+01 -1.328016e-13 -3.320040e-15
4.044444e+01 -8.790742e-14 -2.173535e-15
4.088889e+01 -5.667271e-14 -1.386017e-15
4.133333e+01 -3.563747e-14 -8.621969e-16
4.177778e+01 -2.201026e-14 -5.268414e-16
4.222222e+01 -1.358146e-14 -3.216663e-16
4.266667e+01 -8.642211e-15 -2.025518e-16
4.311111e+01 -5.908955e-15 -1.370634e-16
4.355556e+01 -4.453692e-15 -1.022531e-16
4.400000e+01 -3.639856e-15 -8.272400e-17
4.444444e+01 -3.063854e-15 -6.893671e-17
4.488889e+01 -2.502269e-15 -5.574361e-17
4.533333e+01 -1.864718e-15 -4.113349e-17
4.577778e+01 -1.152365e-15 -2.517302e-17
4.622222e+01 -4.220871e-16 -9.131693e-18
4.666667e+01 2.436921e-16 5.221973e-18
4.711111e+01 7.615230e-16 1.616440e-17
4.755556e+01 1.065788e-15 2.241142e-17
4.800000e+01 1.121902e-15 2.337296e-17
4.844444e+01 9.338628e-16 1.927698e-17
4.888889e+01 5.461338e-16 1.117092e-17
4.933333e+01 3.988003e-17 8.083789e-19
4.977778e+01 -4.764582e-16 -9.571705e-18
5.022222e+01 -8.822471e-16 -1.756687e-17
5.066667e+01 -1.065398e-15 -2.102759e-17
5.111111e+01 -9.487622e-16 -1.856274e-17
5.155556e+01 -5.221849e-16 -1.012859e-17
5.200000e+01 1.197876e-16 2.303608e-18
5.244444e+01 7.345406e-16 1.400607e-17
5.288889e+01 8.823687e-16 1.668344e-17
5.333333e+01 -1.282040e-16 -2.403825e-18
5.422222e+01 -6.541269e-17 -1.206382e-18
5.511111e+01 -2.733614e-17 -4.960187e-19
5.600000e+01 -6.531805e-18 -1.166394e-19
5.688889e+01 2.824228e-18 4.964464e-20
5.777778e+01 5.165703e-18 8.940639e-20
5.866667e+01 3.748784e-18 6.389972e-20
5.955556e+01 8.487856e-19 1.425200e-20
6.044444e+01 -2.058972e-18 -3.406387e-20
6.133333e+01 -4.134174e-18 -6.740501e-20
6.222222e+01 -5.022386e-18 -8.071691e-20
6.311111e+01 -4.721797e-18 -7.481721e-20
6.400000e+01 -3.465830e-18 -5.415360e-20
6.488889e+01 -1.621619e-18 -2.499070e-20
6.577778e+01 3.956517e-19 6.014975e-21
6.666667e+01 2.192531e-18 3.288797e-20
6.755556e+01 3.451229e-18 5.108727e-20
6.844444e+01 3.967671e-18 5.796921e-20
6.933333e+01 3.673686e-18 5.298586e-20
7.022222e+01 2.643334e-18 3.764242e-20
7.111111e+01 1.083357e-18 1.523470e-20
7.200000e+01 -6.922319e-19 -9.614332e-21
7.288889e+01 -2.303421e-18 -3.160181e-20
7.377778e+01 -3.361350e-18 -4.556047e-20
7.466667e+01 -3.541319e-18 -4.742839e-20
7.555556e+01 -2.671666e-18 -3.536029e-20
7.644444e+01 -8.385125e-19 -1.096891e-20
7.733333e+01 1.493626e-18 1.931412e-20
7.822222e+01 3.345358e-18 4.276736e-20
7.911111e+01 3.070077e-18 3.880715e-20
8.000000e+01 -1.814257e-18 -2.267821e-20
8.026667e+01 -1.392956e-18 -1.735411e-20
8.053333e+01 -1.065934e-18 -1.323593e-20
8.080000e+01 -8.144682e-19 -1.008005e-20
8.106667e+01 -6.228121e-19 -7.682715e-21
8.133333e+01 -4.778648e-19 -5.875387e-21
8.160000e+01 -3.688616e-19 -4.520363e-21
8.186667e+01 -2.870825e-19 -3.506709e-21
8.213333e+01 -2.255800e-19 -2.746510e-21
8.240000e+01 -1.789248e-19 -2.171417e-21
8.266667e+01 -1.429710e-19 -1.729488e-21
8.293333e+01 -1.146396e-19 -1.382310e-21
8.320000e+01 -9.172081e-20 -1.102414e-21
8.346667e+01 -7.269498e-20 -8.709463e-22
8.373333e+01 -5.657240e-20 -6.756258e-22
8.400000e+01 -4.275170e-20 -5.089488e-22
8.426667e+01 -3.089700e-20 -3.666574e-22
8.453333e+01 -2.083375e-20 -2.464561e-22
8.480000e+01 -1.246334e-20 -1.469733e-22
8.506667e+01 -5.696320e-21 -6.696301e-23
8.533333e+01 -4.044412e-22 -4.739545e-24
8.560000e+01 3.608663e-21 4.215728e-23
8.586667e+01 6.618058e-21 7.707365e-23
8.613333e+01 8.969376e-21 1.041336e-22
8.640000e+01 1.105198e-20 1.279165e-22
8.666667e+01 1.325342e-20 1.529241e-22
8.693333e+01 1.589515e-20 1.828429e-22
8.720000e+01 1.914955e-20 2.196050e-22
8.746667e+01 2.293829e-20 2.622518e-22
8.773333e+01 2.681184e-20 3.056061e-22
8.800000e+01 2.981046e-20 3.387552e-22
8.829333e+01 2.422434e-20 2.743621e-22
8.858667e+01 2.113030e-20 2.385268e-22
8.888000e+01 1.984390e-20 2.232661e-22
8.917333e+01 1.981412e-20 2.221978e-22
8.946667e+01 2.060433e-20 2.303018e-22
8.976000e+01 2.187476e-20 2.437028e-22
9.005333e+01 2.336646e-20 2.594736e-22
9.034667e+01 2.488675e-20 2.754585e-22
9.064000e+01 2.629621e-20 2.901170e-22
9.093333e+01 2.749706e-20 3.023871e-22
9.122667e+01 2.842318e-20 3.115666e-22
9.152000e+01 2.903148e-20 3.172145e-22
9.181333e+01 2.929484e-20 3.190696e-22
9.210667e+01 2.919657e-20 3.169865e-22
9.240000e+01 2.872627e-20 3.108904e-22
9.269333e+01 2.787729e-20 3.007476e-22
9.298667e+01 2.664559e-20 2.865528e-22
9.328000e+01 2.503016e-20 2.683336e-22
9.357333e+01 2.303491e-20 2.461696e-22
9.386667e+01 2.067203e-20 2.202276e-22
9.416000e+01 1.796693e-20 1.908127e-22
9.445333e+01 1.496452e-20 1.584330e-22
9.474667e+01 1.173716e-20 1.238794e-22
9.504000e+01 8.393979e-21 8.832048e-23
9.533333e+01 5.091721e-21 5.340966e-23
9.562667e+01 2.047120e-21 2.140742e-23
9.592000e+01 -4.492782e-22 -4.683885e-24
9.621333e+01 -2.017776e-21 -2.097189e-23
9.650667e+01 -2.172693e-21 -2.251339e-23
9.680000e+01 -3.040468e-22 -3.140979e-24
9.712267e+01 -9.058510e-21 -9.326875e-23
9.744533e+01 -1.092014e-20 -1.120643e-22
9.776800e+01 -8.924894e-21 -9.128646e-23
9.809067e+01 -5.247357e-21 -5.349497e-23
9.841333e+01 -1.348047e-21 -1.369781e-23
9.873600e+01 1.891046e-21 1.915255e-23
9.905867e+01 4.042670e-21 4.081086e-23
9.938133e+01 5.022265e-21 5.053530e-23
9.970400e+01 4.987673e-21 5.002481e-23
1.000267e+02 4.250595e-21 4.249462e-23
1.003493e+02 3.199796e-21 3.188657e-23
1.006720e+02 2.236068e-21 2.221142e-23
1.009947e+02 1.718932e-21 1.702003e-23
1.013173e+02 1.925100e-21 1.900070e-23
1.016400e+02 3.018680e-21 2.969973e-23
1.019627e+02 5.033136e-21 4.936254e-23
1.022853e+02 7.864992e-21 7.689267e-23
1.026080e+02 1.127930e-20 1.099261e-22
1.029307e+02 1.492682e-20 1.450182e-22
1.032533e+02 1.837303e-20 1.779413e-22
1.035760e+02 2.113878e-20 2.040896e-22
1.038987e+02 2.275277e-20 2.189900e-22
1.042213e+02 2.281578e-20 2.189166e-22
1.045440e+02 2.107659e-20 2.016050e-22
1.048667e+02 1.751972e-20 1.670666e-22
1.051893e+02 1.246486e-20 1.184992e-22
1.055120e+02 6.678096e-21 6.329229e-23
1.058347e+02 1.494883e-21 1.412470e-23
1.061573e+02 -1.045284e-21 -9.846551e-24
1.064800e+02 1.947617e-21 1.829092e-23
1.068349e+02 6.060450e-22 5.672723e-24
1.071899e+02 -4.017244e-22 -3.747784e-24
1.075448e+02 -1.085261e-21 -1.009124e-23
1.078997e+02 -1.474040e-21 -1.366120e-23
1.082547e+02 -1.611655e-21 -1.488763e-23
1.086096e+02 -1.550604e-21 -1.427686e-23
1.089645e+02 -1.347675e-21 -1.236801e-23
1.093195e+02 -1.059904e-21 -9.695477e-24
1.096744e+02 -7.411357e-22 -6.757599e-24
1.100293e+02 -4.391521e-22 -3.991228e-24
1.103843e+02 -1.934021e-22 -1.752080e-24
1.107392e+02 -3.330888e-23 -3.007867e-25
1.110941e+02 2.283361e-23 2.055339e-25
1.114491e+02 -3.162145e-23 -2.837301e-25
1.118040e+02 -1.917420e-22 -1.714983e-24
1.121589e+02 -4.416713e-22 -3.937906e-24
1.125139e+02 -7.558688e-22 -6.718006e-24
1.128688e+02 -1.100936e-21 -9.754124e-24
1.132237e+02 -1.438031e-21 -1.270079e-23
1.135787e+02 -1.725864e-21 -1.519532e-23
1.139336e+02 -1.924287e-21 -1.688955e-23
1.142885e+02 -1.998460e-21 -1.748610e-23
1.146435e+02 -1.923613e-21 -1.677909e-23
1.149984e+02 -1.690385e-21 -1.469920e-23
1.153533e+02 -1.310757e-21 -1.136297e-23
1.157083e+02 -8.245659e-22 -7.126249e-24
1.160632e+02 -3.066072e-22 -2.641726e-24
1.164181e+02 1.256779e-22 1.079539e-24
1.167731e+02 3.039276e-22 2.602720e-24
1.171280e+02 0.000000e+00
