# 
# Output from EIGENRAD program.
# 
# Eigenfunction for specific electronic state.
# The first column contains radius $r$ in bohr units.
# The second column holds value of eginefunction.
# 
# Use this file with gnuplot to create the plot.
#
0.000000e+00 0.000000e+00 6.315878e-01
6.944444e-03 4.385451e-03 6.315049e-01
1.388889e-02 8.767495e-03 6.312596e-01
2.083333e-02 1.314275e-02 6.308521e-01
2.777778e-02 1.750787e-02 6.302832e-01
3.472222e-02 2.185952e-02 6.295541e-01
4.166667e-02 2.619443e-02 6.286663e-01
4.861111e-02 3.050940e-02 6.276220e-01
5.555556e-02 3.480130e-02 6.264235e-01
6.250000e-02 3.906709e-02 6.250735e-01
6.944444e-02 4.330382e-02 6.235750e-01
7.638889e-02 4.750865e-02 6.219314e-01
8.333333e-02 5.167886e-02 6.201463e-01
9.027778e-02 5.581185e-02 6.182236e-01
9.722222e-02 5.990515e-02 6.161673e-01
1.041667e-01 6.395644e-02 6.139818e-01
1.111111e-01 6.796351e-02 6.116716e-01
1.180556e-01 7.192432e-02 6.092413e-01
1.250000e-01 7.583697e-02 6.066958e-01
1.319444e-01 7.969972e-02 6.040400e-01
1.388889e-01 8.351096e-02 6.012789e-01
1.458333e-01 8.726925e-02 5.984177e-01
1.527778e-01 9.097329e-02 5.954615e-01
1.597222e-01 9.462193e-02 5.924156e-01
1.666667e-01 9.821417e-02 5.892850e-01
1.736111e-01 1.017492e-01 5.860752e-01
1.805556e-01 1.052262e-01 5.827912e-01
1.875000e-01 1.086447e-01 5.794382e-01
1.944444e-01 1.120041e-01 5.760211e-01
2.013889e-01 1.153042e-01 5.725451e-01
2.083333e-01 1.185448e-01 5.690149e-01
2.152778e-01 1.217256e-01 5.654352e-01
2.222222e-01 1.248468e-01 5.618108e-01
2.291667e-01 1.279085e-01 5.581461e-01
2.361111e-01 1.309108e-01 5.544455e-01
2.430556e-01 1.338539e-01 5.507132e-01
2.500000e-01 1.367383e-01 5.469531e-01
2.569444e-01 1.395643e-01 5.431691e-01
2.638889e-01 1.423324e-01 5.393650e-01
2.708333e-01 1.450432e-01 5.355442e-01
2.777778e-01 1.476973e-01 5.317101e-01
2.847222e-01 1.502951e-01 5.278658e-01
2.916667e-01 1.528375e-01 5.240144e-01
2.986111e-01 1.553251e-01 5.201585e-01
3.055556e-01 1.577586e-01 5.163008e-01
3.125000e-01 1.601387e-01 5.124438e-01
3.194444e-01 1.624661e-01 5.085897e-01
3.263889e-01 1.647417e-01 5.047406e-01
3.333333e-01 1.669662e-01 5.008985e-01
3.402778e-01 1.691402e-01 4.970652e-01
3.472222e-01 1.712647e-01 4.932422e-01
3.541667e-01 1.733402e-01 4.894312e-01
3.611111e-01 1.753676e-01 4.856334e-01
3.680556e-01 1.773476e-01 4.818501e-01
3.750000e-01 1.792809e-01 4.780823e-01
3.819444e-01 1.811681e-01 4.743311e-01
3.888889e-01 1.830101e-01 4.705973e-01
3.958333e-01 1.848073e-01 4.668817e-01
4.027778e-01 1.865606e-01 4.631849e-01
4.097222e-01 1.882704e-01 4.595075e-01
4.166667e-01 1.899375e-01 4.558500e-01
4.305556e-01 1.931455e-01 4.485961e-01
4.444444e-01 1.961892e-01 4.414258e-01
4.583333e-01 1.990727e-01 4.343405e-01
4.722222e-01 2.017999e-01 4.273409e-01
4.861111e-01 2.043742e-01 4.204269e-01
5.000000e-01 2.067989e-01 4.135979e-01
5.138889e-01 2.090773e-01 4.068531e-01
5.277778e-01 2.112121e-01 4.001914e-01
5.416667e-01 2.132062e-01 3.936115e-01
5.555556e-01 2.150621e-01 3.871118e-01
5.694444e-01 2.167823e-01 3.806909e-01
5.833333e-01 2.183693e-01 3.743473e-01
5.972222e-01 2.198252e-01 3.680794e-01
6.111111e-01 2.211524e-01 3.618858e-01
6.250000e-01 2.223531e-01 3.557650e-01
6.388889e-01 2.234294e-01 3.497155e-01
6.527778e-01 2.243834e-01 3.437362e-01
6.666667e-01 2.252172e-01 3.378258e-01
6.805556e-01 2.259329e-01 3.319830e-01
6.944444e-01 2.265326e-01 3.262070e-01
7.083333e-01 2.270184e-01 3.204966e-01
7.222222e-01 2.273924e-01 3.148510e-01
7.361111e-01 2.276566e-01 3.092693e-01
7.500000e-01 2.278130e-01 3.037506e-01
7.638889e-01 2.278637e-01 2.982943e-01
7.777778e-01 2.278108e-01 2.928996e-01
7.916667e-01 2.276562e-01 2.875658e-01
8.055556e-01 2.274020e-01 2.822921e-01
8.194444e-01 2.270499e-01 2.770779e-01
8.333333e-01 2.266020e-01 2.719224e-01
8.611111e-01 2.254266e-01 2.617858e-01
8.888889e-01 2.238910e-01 2.518774e-01
9.166667e-01 2.220100e-01 2.421927e-01
9.444444e-01 2.197982e-01 2.327275e-01
9.722222e-01 2.172697e-01 2.234774e-01
1.000000e+00 2.144382e-01 2.144382e-01
1.027778e+00 2.113171e-01 2.056059e-01
1.055556e+00 2.079195e-01 1.969764e-01
1.083333e+00 2.042581e-01 1.885459e-01
1.111111e+00 2.003450e-01 1.803105e-01
1.138889e+00 1.961922e-01 1.722663e-01
1.166667e+00 1.918115e-01 1.644098e-01
1.194444e+00 1.872139e-01 1.567373e-01
1.222222e+00 1.824106e-01 1.492451e-01
1.250000e+00 1.774122e-01 1.419297e-01
1.277778e+00 1.722289e-01 1.347878e-01
1.305556e+00 1.668708e-01 1.278159e-01
1.333333e+00 1.613476e-01 1.210107e-01
1.361111e+00 1.556688e-01 1.143689e-01
1.388889e+00 1.498435e-01 1.078873e-01
1.416667e+00 1.438806e-01 1.015628e-01
1.444444e+00 1.377887e-01 9.539220e-02
1.472222e+00 1.315762e-01 8.937250e-02
1.500000e+00 1.252511e-01 8.350071e-02
1.527778e+00 1.188212e-01 7.777389e-02
1.555556e+00 1.122943e-01 7.218916e-02
1.583333e+00 1.056775e-01 6.674370e-02
1.611111e+00 9.897815e-02 6.143471e-02
1.638889e+00 9.220306e-02 5.625949e-02
1.666667e+00 8.535894e-02 5.121536e-02
1.722222e+00 7.148907e-02 4.150978e-02
1.777778e+00 5.741799e-02 3.229762e-02
1.833333e+00 4.319162e-02 2.355907e-02
1.888889e+00 2.885290e-02 1.527506e-02
1.944444e+00 1.444188e-02 7.427254e-03
2.000000e+00 -4.093701e-06 -2.046851e-06
2.055556e+00 -1.445030e-02 -7.029874e-03
2.111111e+00 -2.886446e-02 -1.367264e-02
2.166667e+00 -4.321669e-02 -1.994616e-02
2.222222e+00 -5.747930e-02 -2.586568e-02
2.277778e+00 -7.162674e-02 -3.144588e-02
2.333333e+00 -8.563547e-02 -3.670091e-02
2.388889e+00 -9.948385e-02 -4.164440e-02
2.444444e+00 -1.131521e-01 -4.628948e-02
2.500000e+00 -1.266220e-01 -5.064879e-02
2.555556e+00 -1.398771e-01 -5.473450e-02
2.611111e+00 -1.529023e-01 -5.855834e-02
2.666667e+00 -1.656843e-01 -6.213160e-02
2.722222e+00 -1.782106e-01 -6.546513e-02
2.777778e+00 -1.904705e-01 -6.856939e-02
2.833333e+00 -2.024542e-01 -7.145444e-02
2.888889e+00 -2.141532e-01 -7.412995e-02
2.944444e+00 -2.255599e-01 -7.660524e-02
3.000000e+00 -2.366678e-01 -7.888927e-02
3.055556e+00 -2.474714e-01 -8.099065e-02
3.111111e+00 -2.579661e-01 -8.291767e-02
3.166667e+00 -2.681480e-01 -8.467831e-02
3.222222e+00 -2.780141e-01 -8.628024e-02
3.277778e+00 -2.875623e-01 -8.773086e-02
3.333333e+00 -2.967909e-01 -8.903728e-02
3.388889e+00 -3.056990e-01 -9.020626e-02
3.444444e+00 -3.142861e-01 -9.124436e-02
3.500000e+00 -3.225525e-01 -9.215787e-02
3.555556e+00 -3.304990e-01 -9.295285e-02
3.611111e+00 -3.381268e-01 -9.363511e-02
3.666667e+00 -3.454375e-01 -9.421022e-02
3.722222e+00 -3.524332e-01 -9.468355e-02
3.777778e+00 -3.591165e-01 -9.506025e-02
3.833333e+00 -3.654901e-01 -9.534524e-02
3.888889e+00 -3.715571e-01 -9.554327e-02
3.944444e+00 -3.773212e-01 -9.565889e-02
4.000000e+00 -3.827858e-01 -9.569646e-02
4.055556e+00 -3.879552e-01 -9.566018e-02
4.111111e+00 -3.928334e-01 -9.555407e-02
4.166667e+00 -3.974249e-01 -9.538197e-02
4.222222e+00 -4.017343e-01 -9.514759e-02
4.277778e+00 -4.057663e-01 -9.485446e-02
4.333333e+00 -4.095259e-01 -9.450599e-02
4.388889e+00 -4.130182e-01 -9.410542e-02
4.444444e+00 -4.162483e-01 -9.365587e-02
4.500000e+00 -4.192215e-01 -9.316033e-02
4.555556e+00 -4.219430e-01 -9.262164e-02
4.611111e+00 -4.244185e-01 -9.204256e-02
4.666667e+00 -4.266532e-01 -9.142568e-02
4.722222e+00 -4.286528e-01 -9.077353e-02
4.777778e+00 -4.304228e-01 -9.008849e-02
4.833333e+00 -4.319688e-01 -8.937285e-02
4.888889e+00 -4.332964e-01 -8.862881e-02
4.944444e+00 -4.344113e-01 -8.785846e-02
5.000000e+00 -4.353191e-01 -8.706381e-02
5.055556e+00 -4.360253e-01 -8.624676e-02
5.111111e+00 -4.365356e-01 -8.540913e-02
5.166667e+00 -4.368554e-01 -8.455266e-02
5.222222e+00 -4.369905e-01 -8.367902e-02
5.277778e+00 -4.369461e-01 -8.278979e-02
5.333333e+00 -4.367279e-01 -8.188648e-02
5.388889e+00 -4.363412e-01 -8.097053e-02
5.444444e+00 -4.357913e-01 -8.004331e-02
5.500000e+00 -4.350836e-01 -7.910612e-02
5.555556e+00 -4.342234e-01 -7.816020e-02
5.611111e+00 -4.332156e-01 -7.720675e-02
5.666667e+00 -4.320656e-01 -7.624687e-02
5.722222e+00 -4.307783e-01 -7.528164e-02
5.777778e+00 -4.293586e-01 -7.431207e-02
5.833333e+00 -4.278116e-01 -7.333913e-02
5.888889e+00 -4.261419e-01 -7.236372e-02
5.944444e+00 -4.243543e-01 -7.138671e-02
6.000000e+00 -4.224535e-01 -7.040892e-02
6.055556e+00 -4.204441e-01 -6.943113e-02
6.111111e+00 -4.183305e-01 -6.845407e-02
6.166667e+00 -4.161171e-01 -6.747844e-02
6.222222e+00 -4.138082e-01 -6.650489e-02
6.277778e+00 -4.114081e-01 -6.553404e-02
6.333333e+00 -4.089209e-01 -6.456646e-02
6.388889e+00 -4.063507e-01 -6.360272e-02
6.444444e+00 -4.037014e-01 -6.264332e-02
6.500000e+00 -4.009769e-01 -6.168875e-02
6.555556e+00 -3.981810e-01 -6.073947e-02
6.611111e+00 -3.953174e-01 -5.979591e-02
6.666667e+00 -3.923897e-01 -5.885845e-02
6.777778e+00 -3.863562e-01 -5.700337e-02
6.888889e+00 -3.801074e-01 -5.517687e-02
7.000000e+00 -3.736692e-01 -5.338131e-02
7.111111e+00 -3.670662e-01 -5.161868e-02
7.222222e+00 -3.603215e-01 -4.989067e-02
7.333333e+00 -3.534570e-01 -4.819868e-02
7.444444e+00 -3.464932e-01 -4.654387e-02
7.555556e+00 -3.394496e-01 -4.492715e-02
7.666667e+00 -3.323442e-01 -4.334924e-02
7.777778e+00 -3.251941e-01 -4.181067e-02
7.888889e+00 -3.180153e-01 -4.031180e-02
8.000000e+00 -3.108225e-01 -3.885281e-02
8.111111e+00 -3.036296e-01 -3.743379e-02
8.222222e+00 -2.964495e-01 -3.605466e-02
8.333333e+00 -2.892940e-01 -3.471528e-02
8.444444e+00 -2.821741e-01 -3.341536e-02
8.555556e+00 -2.751001e-01 -3.215455e-02
8.666667e+00 -2.680811e-01 -3.093244e-02
8.777778e+00 -2.611258e-01 -2.974851e-02
8.888889e+00 -2.542418e-01 -2.860220e-02
9.000000e+00 -2.474363e-01 -2.749292e-02
9.111111e+00 -2.407155e-01 -2.642000e-02
9.222222e+00 -2.340854e-01 -2.538275e-02
9.333333e+00 -2.275509e-01 -2.438045e-02
9.444444e+00 -2.211167e-01 -2.341235e-02
9.555556e+00 -2.147868e-01 -2.247769e-02
9.666667e+00 -2.085647e-01 -2.157566e-02
9.777778e+00 -2.024536e-01 -2.070548e-02
9.888889e+00 -1.964561e-01 -1.986635e-02
1.000000e+01 -1.905745e-01 -1.905745e-02
1.011111e+01 -1.848104e-01 -1.827795e-02
1.022222e+01 -1.791654e-01 -1.752705e-02
1.033333e+01 -1.736406e-01 -1.680393e-02
1.044444e+01 -1.682368e-01 -1.610778e-02
1.055556e+01 -1.629545e-01 -1.543779e-02
1.066667e+01 -1.577939e-01 -1.479318e-02
1.077778e+01 -1.527551e-01 -1.417315e-02
1.088889e+01 -1.478378e-01 -1.357694e-02
1.100000e+01 -1.430415e-01 -1.300377e-02
1.111111e+01 -1.383655e-01 -1.245290e-02
1.122222e+01 -1.338092e-01 -1.192359e-02
1.133333e+01 -1.293714e-01 -1.141513e-02
1.144444e+01 -1.250511e-01 -1.092680e-02
1.155556e+01 -1.208470e-01 -1.045791e-02
1.166667e+01 -1.167575e-01 -1.000779e-02
1.177778e+01 -1.127814e-01 -9.575778e-03
1.188889e+01 -1.089169e-01 -9.161232e-03
1.200000e+01 -1.051623e-01 -8.763525e-03
1.211111e+01 -1.015159e-01 -8.382049e-03
1.222222e+01 -9.797589e-02 -8.016209e-03
1.233333e+01 -9.454031e-02 -7.665431e-03
1.244444e+01 -9.120726e-02 -7.329155e-03
1.255556e+01 -8.797473e-02 -7.006837e-03
1.266667e+01 -8.484073e-02 -6.697952e-03
1.277778e+01 -8.180321e-02 -6.401990e-03
1.288889e+01 -7.886009e-02 -6.118455e-03
1.300000e+01 -7.600931e-02 -5.846870e-03
1.311111e+01 -7.324876e-02 -5.586770e-03
1.322222e+01 -7.057633e-02 -5.337706e-03
1.333333e+01 -6.798992e-02 -5.099244e-03
1.355556e+01 -6.306657e-02 -4.652452e-03
1.377778e+01 -5.846279e-02 -4.243267e-03
1.400000e+01 -5.416181e-02 -3.868701e-03
1.422222e+01 -5.014738e-02 -3.525987e-03
1.444444e+01 -4.640370e-02 -3.212564e-03
1.466667e+01 -4.291553e-02 -2.926059e-03
1.488889e+01 -3.966814e-02 -2.664278e-03
1.511111e+01 -3.664736e-02 -2.425193e-03
1.533333e+01 -3.383955e-02 -2.206927e-03
1.555556e+01 -3.123166e-02 -2.007749e-03
1.577778e+01 -2.881117e-02 -1.826060e-03
1.600000e+01 -2.656616e-02 -1.660385e-03
1.622222e+01 -2.448526e-02 -1.509365e-03
1.644444e+01 -2.255768e-02 -1.371751e-03
1.666667e+01 -2.077318e-02 -1.246391e-03
1.688889e+01 -1.912206e-02 -1.132227e-03
1.711111e+01 -1.759520e-02 -1.028291e-03
1.733333e+01 -1.618399e-02 -9.336915e-04
1.755556e+01 -1.488032e-02 -8.476131e-04
1.777778e+01 -1.367661e-02 -7.693093e-04
1.800000e+01 -1.256575e-02 -6.980971e-04
1.822222e+01 -1.154108e-02 -6.333519e-04
1.844444e+01 -1.059638e-02 -5.745028e-04
1.866667e+01 -9.725856e-03 -5.210280e-04
1.888889e+01 -8.924059e-03 -4.724502e-04
1.911111e+01 -8.185910e-03 -4.283325e-04
1.933333e+01 -7.506638e-03 -3.882744e-04
1.955556e+01 -6.881745e-03 -3.519074e-04
1.977778e+01 -6.306977e-03 -3.188921e-04
2.000000e+01 -5.778271e-03 -2.889136e-04
2.022222e+01 -5.292630e-03 -2.617235e-04
2.044444e+01 -4.846483e-03 -2.370562e-04
2.066667e+01 -4.436770e-03 -2.146824e-04
2.088889e+01 -4.060649e-03 -1.943928e-04
2.111111e+01 -3.715481e-03 -1.759965e-04
2.133333e+01 -3.398823e-03 -1.593198e-04
2.155556e+01 -3.108408e-03 -1.442045e-04
2.177778e+01 -2.842142e-03 -1.305065e-04
2.200000e+01 -2.598088e-03 -1.180949e-04
2.222222e+01 -2.374454e-03 -1.068504e-04
2.244444e+01 -2.169589e-03 -9.666485e-05
2.266667e+01 -1.981968e-03 -8.743975e-05
2.288889e+01 -1.810185e-03 -7.908574e-05
2.311111e+01 -1.652944e-03 -7.152164e-05
2.333333e+01 -1.509054e-03 -6.467372e-05
2.355556e+01 -1.377413e-03 -5.847507e-05
2.377778e+01 -1.257010e-03 -5.286491e-05
2.400000e+01 -1.146914e-03 -4.778809e-05
2.422222e+01 -1.046267e-03 -4.319452e-05
2.444444e+01 -9.542803e-04 -3.903874e-05
2.466667e+01 -8.702271e-04 -3.527948e-05
2.488889e+01 -7.934396e-04 -3.187927e-05
2.511111e+01 -7.233031e-04 -2.880411e-05
2.533333e+01 -6.592530e-04 -2.602314e-05
2.555556e+01 -6.007708e-04 -2.350842e-05
2.577778e+01 -5.473814e-04 -2.123462e-05
2.600000e+01 -4.986504e-04 -1.917886e-05
2.622222e+01 -4.541822e-04 -1.732051e-05
2.644444e+01 -4.136180e-04 -1.564102e-05
2.666667e+01 -3.766355e-04 -1.412383e-05
2.711111e+01 -3.122589e-04 -1.151775e-05
2.755556e+01 -2.585915e-04 -9.384368e-06
2.800000e+01 -2.139655e-04 -7.641625e-06
2.844444e+01 -1.769375e-04 -6.220459e-06
2.888889e+01 -1.462657e-04 -5.063042e-06
2.933333e+01 -1.208887e-04 -4.121205e-06
2.977778e+01 -9.990563e-05 -3.355040e-06
3.022222e+01 -8.255731e-05 -2.731676e-06
3.066667e+01 -6.820860e-05 -2.224193e-06
3.111111e+01 -5.633209e-05 -1.810674e-06
3.155556e+01 -4.649302e-05 -1.473370e-06
3.200000e+01 -3.833530e-05 -1.197978e-06
3.244444e+01 -3.156887e-05 -9.730132e-07
3.288889e+01 -2.595824e-05 -7.892707e-07
3.333333e+01 -2.131218e-05 -6.393654e-07
3.377778e+01 -1.747478e-05 -5.173454e-07
3.422222e+01 -1.431758e-05 -4.183709e-07
3.466667e+01 -1.173303e-05 -3.384527e-07
3.511111e+01 -9.629095e-06 -2.742464e-07
3.555556e+01 -7.925144e-06 -2.228947e-07
3.600000e+01 -6.549009e-06 -1.819169e-07
3.644444e+01 -5.435295e-06 -1.491392e-07
3.688889e+01 -4.524897e-06 -1.226629e-07
3.733333e+01 -3.765747e-06 -1.008682e-07
3.777778e+01 -3.114777e-06 -8.244999e-08
3.822222e+01 -2.541100e-06 -6.648227e-08
3.866667e+01 -2.030418e-06 -5.251081e-08
3.911111e+01 -1.590648e-06 -4.066996e-08
3.955556e+01 -1.258767e-06 -3.182277e-08
4.000000e+01 -1.108886e-06 -2.772215e-08
4.044444e+01 -9.088395e-07 -2.247131e-08
4.088889e+01 -7.440522e-07 -1.819693e-08
4.133333e+01 -6.087164e-07 -1.472701e-08
4.177778e+01 -4.978436e-07 -1.191647e-08
4.222222e+01 -4.071793e-07 -9.643719e-09
4.266667e+01 -3.331227e-07 -7.807564e-09
4.311111e+01 -2.726511e-07 -6.324381e-09
4.355556e+01 -2.232485e-07 -5.125603e-09
4.400000e+01 -1.828400e-07 -4.155454e-09
4.444444e+01 -1.497299e-07 -3.368923e-09
4.488889e+01 -1.225456e-07 -2.729976e-09
4.533333e+01 -1.001851e-07 -2.209966e-09
4.577778e+01 -8.177053e-08 -1.786249e-09
4.622222e+01 -6.660521e-08 -1.440978e-09
4.666667e+01 -5.413647e-08 -1.160067e-09
4.711111e+01 -4.392262e-08 -9.323197e-10
4.755556e+01 -3.560496e-08 -7.487025e-10
4.800000e+01 -2.888446e-08 -6.017595e-10
4.844444e+01 -2.350318e-08 -4.851573e-10
4.888889e+01 -1.923054e-08 -3.933520e-10
4.933333e+01 -1.585429e-08 -3.213708e-10
4.977778e+01 -1.317623e-08 -2.647011e-10
5.022222e+01 -1.101274e-08 -2.192802e-10
5.066667e+01 -9.200025e-09 -1.815794e-10
5.111111e+01 -7.604173e-09 -1.487773e-10
5.155556e+01 -6.135930e-09 -1.190159e-10
5.200000e+01 -4.770257e-09 -9.173572e-11
5.244444e+01 -3.570649e-09 -6.808441e-11
5.288889e+01 -2.718210e-09 -5.139473e-11
5.333333e+01 -2.545498e-09 -4.772809e-11
5.422222e+01 -1.716596e-09 -3.165852e-11
5.511111e+01 -1.132512e-09 -2.054960e-11
5.600000e+01 -7.325542e-10 -1.308133e-11
5.688889e+01 -4.675832e-10 -8.219236e-12
5.777778e+01 -2.985268e-10 -5.166809e-12
5.866667e+01 -1.949948e-10 -3.323776e-12
5.955556e+01 -1.339884e-10 -2.249805e-12
6.044444e+01 -9.870427e-11 -1.632975e-12
6.133333e+01 -7.743637e-11 -1.262550e-12
6.222222e+01 -6.257254e-11 -1.005630e-12
6.311111e+01 -4.968757e-11 -7.873030e-13
6.400000e+01 -3.673207e-11 -5.739386e-13
6.488889e+01 -2.331737e-11 -3.593431e-13
6.577778e+01 -1.009632e-11 -1.534913e-13
6.666667e+01 1.759938e-12 2.639906e-14
6.755556e+01 1.098919e-11 1.626690e-13
6.844444e+01 1.656949e-11 2.420868e-13
6.933333e+01 1.795447e-11 2.589587e-13
7.022222e+01 1.521272e-11 2.166368e-13
7.111111e+01 9.071233e-12 1.275642e-13
7.200000e+01 8.628539e-13 1.198408e-14
7.288889e+01 -7.622223e-12 -1.045732e-13
7.377778e+01 -1.438090e-11 -1.949219e-13
7.466667e+01 -1.753761e-11 -2.348787e-13
7.555556e+01 -1.578065e-11 -2.088615e-13
7.644444e+01 -8.894557e-12 -1.163532e-13
7.733333e+01 1.611611e-12 2.083979e-14
7.822222e+01 1.178004e-11 1.505971e-13
7.911111e+01 1.438393e-11 1.818193e-13
8.000000e+01 -1.988661e-12 -2.485826e-14
8.026667e+01 -1.752277e-12 -2.183069e-14
8.053333e+01 -1.543841e-12 -1.917021e-14
8.080000e+01 -1.360128e-12 -1.683326e-14
8.106667e+01 -1.198255e-12 -1.478111e-14
8.133333e+01 -1.055654e-12 -1.297936e-14
8.160000e+01 -9.300404e-13 -1.139755e-14
8.186667e+01 -8.193885e-13 -1.000882e-14
8.213333e+01 -7.219079e-13 -8.789463e-15
8.240000e+01 -6.360192e-13 -7.718679e-15
8.266667e+01 -5.603323e-13 -6.778213e-15
8.293333e+01 -4.936260e-13 -5.952082e-15
8.320000e+01 -4.348289e-13 -5.226309e-15
8.346667e+01 -3.830018e-13 -4.588679e-15
8.373333e+01 -3.373212e-13 -4.028517e-15
8.400000e+01 -2.970649e-13 -3.536487e-15
8.426667e+01 -2.615982e-13 -3.104409e-15
8.453333e+01 -2.303621e-13 -2.725103e-15
8.480000e+01 -2.028623e-13 -2.392244e-15
8.506667e+01 -1.786607e-13 -2.100243e-15
8.533333e+01 -1.573667e-13 -1.844141e-15
8.560000e+01 -1.386315e-13 -1.619527e-15
8.586667e+01 -1.221427e-13 -1.422469e-15
8.613333e+01 -1.076210e-13 -1.249470e-15
8.640000e+01 -9.481764e-14 -1.097426e-15
8.666667e+01 -8.351400e-14 -9.636231e-16
8.693333e+01 -7.352199e-14 -8.457284e-16
8.720000e+01 -6.468613e-14 -7.418134e-16
8.746667e+01 -5.688702e-14 -6.503852e-16
8.773333e+01 -5.004617e-14 -5.704351e-16
8.800000e+01 -4.413222e-14 -5.015025e-16
8.829333e+01 -3.837563e-14 -4.346379e-16
8.858667e+01 -3.335777e-14 -3.765552e-16
8.888000e+01 -2.898849e-14 -3.261531e-16
8.917333e+01 -2.518724e-14 -2.824526e-16
8.946667e+01 -2.188235e-14 -2.445866e-16
8.976000e+01 -1.901026e-14 -2.117899e-16
9.005333e+01 -1.651485e-14 -1.833897e-16
9.034667e+01 -1.434677e-14 -1.587968e-16
9.064000e+01 -1.246279e-14 -1.374976e-16
9.093333e+01 -1.082522e-14 -1.190457e-16
9.122667e+01 -9.401348e-15 -1.030548e-16
9.152000e+01 -8.162852e-15 -8.919200e-17
9.181333e+01 -7.085335e-15 -7.717109e-17
9.210667e+01 -6.147828e-15 -6.674683e-17
9.240000e+01 -5.332345e-15 -5.770936e-17
9.269333e+01 -4.623469e-15 -4.987920e-17
9.298667e+01 -4.007963e-15 -4.310255e-17
9.328000e+01 -3.474417e-15 -3.724719e-17
9.357333e+01 -3.012928e-15 -3.219858e-17
9.386667e+01 -2.614802e-15 -2.785656e-17
9.416000e+01 -2.272297e-15 -2.413230e-17
9.445333e+01 -1.978391e-15 -2.094570e-17
9.474667e+01 -1.726585e-15 -1.822318e-17
9.504000e+01 -1.510732e-15 -1.589575e-17
9.533333e+01 -1.324902e-15 -1.389757e-17
9.562667e+01 -1.163275e-15 -1.216475e-17
9.592000e+01 -1.020067e-15 -1.063457e-17
9.621333e+01 -8.894879e-16 -9.244954e-18
9.650667e+01 -7.657229e-16 -7.934404e-18
9.680000e+01 -6.429569e-16 -6.642117e-18
9.712267e+01 -5.730143e-16 -5.899902e-18
9.744533e+01 -4.999780e-16 -5.130856e-18
9.776800e+01 -4.285550e-16 -4.383387e-18
9.809067e+01 -3.619142e-16 -3.689589e-18
9.841333e+01 -3.019633e-16 -3.068317e-18
9.873600e+01 -2.496025e-16 -2.527979e-18
9.905867e+01 -2.049559e-16 -2.069036e-18
9.938133e+01 -1.675794e-16 -1.686226e-18
9.970400e+01 -1.366456e-16 -1.370513e-18
1.000267e+02 -1.111068e-16 -1.110771e-18
1.003493e+02 -8.983315e-17 -8.952043e-19
1.006720e+02 -7.173003e-17 -7.125122e-19
1.009947e+02 -5.583087e-17 -5.528101e-19
1.013173e+02 -4.136781e-17 -4.082994e-19
1.016400e+02 -2.781925e-17 -2.737037e-19
1.019627e+02 -1.493441e-17 -1.464694e-19
1.022853e+02 -2.735054e-18 -2.673946e-20
1.026080e+02 8.505813e-18 8.289619e-20
1.029307e+02 1.830812e-17 1.778684e-19
1.032533e+02 2.605186e-17 2.523101e-19
1.035760e+02 3.106716e-17 2.999455e-19
1.038987e+02 3.274729e-17 3.151849e-19
1.042213e+02 3.068457e-17 2.944174e-19
1.045440e+02 2.482929e-17 2.375009e-19
1.048667e+02 1.567146e-17 1.494418e-19
1.051893e+02 4.445563e-18 4.226249e-20
1.055120e+02 -6.641743e-18 -6.294775e-20
1.058347e+02 -1.416104e-17 -1.338034e-19
1.061573e+02 -1.318662e-17 -1.242177e-19
1.064800e+02 3.000044e-18 2.817471e-20
1.068349e+02 -3.206469e-19 -3.001330e-21
1.071899e+02 -3.448078e-18 -3.216794e-20
1.075448e+02 -5.957663e-18 -5.539704e-20
1.078997e+02 -7.627670e-18 -7.069220e-20
1.082547e+02 -8.396286e-18 -7.756050e-20
1.086096e+02 -8.322521e-18 -7.662785e-20
1.089645e+02 -7.550917e-18 -6.929702e-20
1.093195e+02 -6.280094e-18 -5.744717e-20
1.096744e+02 -4.735108e-18 -4.317423e-20
1.100293e+02 -3.143635e-18 -2.857088e-20
1.103843e+02 -1.715978e-18 -1.554550e-20
1.107392e+02 -6.288956e-19 -5.679069e-21
1.110941e+02 -1.324905e-20 -1.192596e-22
1.114491e+02 5.452149e-20 4.892055e-22
1.118040e+02 -4.428957e-19 -3.961358e-21
1.121589e+02 -1.462801e-18 -1.304222e-20
1.125139e+02 -2.905422e-18 -2.582279e-20
1.128688e+02 -4.620677e-18 -4.093848e-20
1.132237e+02 -6.418754e-18 -5.669088e-20
1.135787e+02 -8.084519e-18 -7.117991e-20
1.139336e+02 -9.395745e-18 -8.246685e-20
1.142885e+02 -1.014516e-17 -8.876796e-20
1.146435e+02 -1.016632e-17 -8.867767e-20
1.149984e+02 -9.363289e-18 -8.142104e-20
1.153533e+02 -7.744194e-18 -6.713455e-20
1.157083e+02 -5.458519e-18 -4.717484e-20
1.160632e+02 -2.838291e-18 -2.445470e-20
1.164181e+02 -4.430553e-19 -3.805724e-21
1.167731e+02 8.913160e-19 7.632890e-21
1.171280e+02 0.000000e+00
