# 
# Output from EIGENRAD program.
# 
# Eigenfunction for specific electronic state.
# The first column contains radius $r$ in bohr units.
# The second column holds value of eginefunction.
# 
# Use this file with gnuplot to create the plot.
#
0.000000e+00 0.000000e+00 -2.232689e-01
6.944444e-03 -1.550273e-03 -2.232393e-01
1.388889e-02 -3.099327e-03 -2.231516e-01
2.083333e-02 -4.645955e-03 -2.230058e-01
2.777778e-02 -6.188954e-03 -2.228024e-01
3.472222e-02 -7.727138e-03 -2.225416e-01
4.166667e-02 -9.259337e-03 -2.222241e-01
4.861111e-02 -1.078440e-02 -2.218506e-01
5.555556e-02 -1.230122e-02 -2.214219e-01
6.250000e-02 -1.380869e-02 -2.209390e-01
6.944444e-02 -1.530576e-02 -2.204030e-01
7.638889e-02 -1.679142e-02 -2.198150e-01
8.333333e-02 -1.826470e-02 -2.191764e-01
9.027778e-02 -1.972465e-02 -2.184885e-01
9.722222e-02 -2.117040e-02 -2.177527e-01
1.041667e-01 -2.260111e-02 -2.169707e-01
1.111111e-01 -2.401599e-02 -2.161439e-01
1.180556e-01 -2.541431e-02 -2.152742e-01
1.250000e-01 -2.679538e-02 -2.143631e-01
1.319444e-01 -2.815858e-02 -2.134124e-01
1.388889e-01 -2.950332e-02 -2.124239e-01
1.458333e-01 -3.082909e-02 -2.113995e-01
1.527778e-01 -3.213542e-02 -2.103409e-01
1.597222e-01 -3.342188e-02 -2.092501e-01
1.666667e-01 -3.468813e-02 -2.081288e-01
1.736111e-01 -3.593384e-02 -2.069789e-01
1.805556e-01 -3.715875e-02 -2.058023e-01
1.875000e-01 -3.836265e-02 -2.046008e-01
1.944444e-01 -3.954536e-02 -2.033762e-01
2.013889e-01 -4.070677e-02 -2.021302e-01
2.083333e-01 -4.184677e-02 -2.008645e-01
2.152778e-01 -4.296534e-02 -1.995809e-01
2.222222e-01 -4.406246e-02 -1.982810e-01
2.291667e-01 -4.513815e-02 -1.969665e-01
2.361111e-01 -4.619248e-02 -1.956387e-01
2.430556e-01 -4.722554e-02 -1.942993e-01
2.500000e-01 -4.823743e-02 -1.929497e-01
2.569444e-01 -4.922830e-02 -1.915912e-01
2.638889e-01 -5.019831e-02 -1.902252e-01
2.708333e-01 -5.114764e-02 -1.888528e-01
2.777778e-01 -5.207649e-02 -1.874754e-01
2.847222e-01 -5.298507e-02 -1.860939e-01
2.916667e-01 -5.387361e-02 -1.847095e-01
2.986111e-01 -5.474235e-02 -1.833232e-01
3.055556e-01 -5.559152e-02 -1.819359e-01
3.125000e-01 -5.642138e-02 -1.805484e-01
3.194444e-01 -5.723218e-02 -1.791616e-01
3.263889e-01 -5.802419e-02 -1.777762e-01
3.333333e-01 -5.879766e-02 -1.763930e-01
3.402778e-01 -5.955286e-02 -1.750125e-01
3.472222e-01 -6.029005e-02 -1.736353e-01
3.541667e-01 -6.100948e-02 -1.722621e-01
3.611111e-01 -6.171142e-02 -1.708932e-01
3.680556e-01 -6.239611e-02 -1.695291e-01
3.750000e-01 -6.306380e-02 -1.681701e-01
3.819444e-01 -6.371474e-02 -1.668168e-01
3.888889e-01 -6.434916e-02 -1.654693e-01
3.958333e-01 -6.496730e-02 -1.641279e-01
4.027778e-01 -6.556937e-02 -1.627929e-01
4.097222e-01 -6.615559e-02 -1.614645e-01
4.166667e-01 -6.672619e-02 -1.601428e-01
4.305556e-01 -6.782126e-02 -1.575204e-01
4.444444e-01 -6.885618e-02 -1.549264e-01
4.583333e-01 -6.983239e-02 -1.523616e-01
4.722222e-01 -7.075121e-02 -1.498261e-01
4.861111e-01 -7.161389e-02 -1.473200e-01
5.000000e-01 -7.242159e-02 -1.448432e-01
5.138889e-01 -7.317540e-02 -1.423954e-01
5.277778e-01 -7.387633e-02 -1.399762e-01
5.416667e-01 -7.452534e-02 -1.375852e-01
5.555556e-01 -7.512337e-02 -1.352221e-01
5.694444e-01 -7.567129e-02 -1.328862e-01
5.833333e-01 -7.616994e-02 -1.305770e-01
5.972222e-01 -7.662015e-02 -1.282942e-01
6.111111e-01 -7.702272e-02 -1.260372e-01
6.250000e-01 -7.737842e-02 -1.238055e-01
6.388889e-01 -7.768804e-02 -1.215987e-01
6.527778e-01 -7.795233e-02 -1.194163e-01
6.666667e-01 -7.817206e-02 -1.172581e-01
6.805556e-01 -7.834797e-02 -1.151235e-01
6.944444e-01 -7.848082e-02 -1.130124e-01
7.083333e-01 -7.857136e-02 -1.109243e-01
7.222222e-01 -7.862034e-02 -1.088589e-01
7.361111e-01 -7.862853e-02 -1.068161e-01
7.500000e-01 -7.859666e-02 -1.047955e-01
7.638889e-01 -7.852548e-02 -1.027970e-01
7.777778e-01 -7.841574e-02 -1.008202e-01
7.916667e-01 -7.826818e-02 -9.886507e-02
8.055556e-01 -7.808351e-02 -9.693126e-02
8.194444e-01 -7.786245e-02 -9.501858e-02
8.333333e-01 -7.760568e-02 -9.312681e-02
8.611111e-01 -7.698806e-02 -8.940549e-02
8.888889e-01 -7.623626e-02 -8.576580e-02
9.166667e-01 -7.535584e-02 -8.220637e-02
9.444444e-01 -7.435222e-02 -7.872588e-02
9.722222e-01 -7.323071e-02 -7.532301e-02
1.000000e+00 -7.199650e-02 -7.199650e-02
1.027778e+00 -7.065465e-02 -6.874507e-02
1.055556e+00 -6.921012e-02 -6.556748e-02
1.083333e+00 -6.766773e-02 -6.246252e-02
1.111111e+00 -6.603219e-02 -5.942898e-02
1.138889e+00 -6.430812e-02 -5.646567e-02
1.166667e+00 -6.250000e-02 -5.357143e-02
1.194444e+00 -6.061222e-02 -5.074511e-02
1.222222e+00 -5.864903e-02 -4.798557e-02
1.250000e+00 -5.661461e-02 -4.529169e-02
1.277778e+00 -5.451302e-02 -4.266237e-02
1.305556e+00 -5.234822e-02 -4.009651e-02
1.333333e+00 -5.012406e-02 -3.759304e-02
1.361111e+00 -4.784429e-02 -3.515091e-02
1.388889e+00 -4.551258e-02 -3.276906e-02
1.416667e+00 -4.313249e-02 -3.044647e-02
1.444444e+00 -4.070749e-02 -2.818211e-02
1.472222e+00 -3.824095e-02 -2.597499e-02
1.500000e+00 -3.573616e-02 -2.382411e-02
1.527778e+00 -3.319632e-02 -2.172850e-02
1.555556e+00 -3.062454e-02 -1.968720e-02
1.583333e+00 -2.802384e-02 -1.769927e-02
1.611111e+00 -2.539718e-02 -1.576377e-02
1.638889e+00 -2.274741e-02 -1.387977e-02
1.666667e+00 -2.007732e-02 -1.204639e-02
1.722222e+00 -1.468685e-02 -8.527847e-03
1.777778e+00 -9.246491e-03 -5.201151e-03
1.833333e+00 -3.775722e-03 -2.059485e-03
1.888889e+00 1.707126e-03 9.037724e-04
1.944444e+00 7.184819e-03 3.695050e-03
2.000000e+00 1.264118e-02 6.320590e-03
2.055556e+00 1.806105e-02 8.786457e-03
2.111111e+00 2.343025e-02 1.109854e-02
2.166667e+00 2.873553e-02 1.326255e-02
2.222222e+00 3.396456e-02 1.528405e-02
2.277778e+00 3.910586e-02 1.716843e-02
2.333333e+00 4.414878e-02 1.892091e-02
2.388889e+00 4.908349e-02 2.054658e-02
2.444444e+00 5.390089e-02 2.205037e-02
2.500000e+00 5.859264e-02 2.343706e-02
2.555556e+00 6.315107e-02 2.471129e-02
2.611111e+00 6.756919e-02 2.587756e-02
2.666667e+00 7.184067e-02 2.694025e-02
2.722222e+00 7.595976e-02 2.790359e-02
2.777778e+00 7.992131e-02 2.877167e-02
2.833333e+00 8.372072e-02 2.954849e-02
2.888889e+00 8.735393e-02 3.023790e-02
2.944444e+00 9.081738e-02 3.084364e-02
3.000000e+00 9.410798e-02 3.136933e-02
3.055556e+00 9.722314e-02 3.181848e-02
3.111111e+00 1.001607e-01 3.219450e-02
3.166667e+00 1.029188e-01 3.250068e-02
3.222222e+00 1.054962e-01 3.274020e-02
3.277778e+00 1.078919e-01 3.291617e-02
3.333333e+00 1.101053e-01 3.303158e-02
3.388889e+00 1.121360e-01 3.308931e-02
3.444444e+00 1.139841e-01 3.309216e-02
3.500000e+00 1.156500e-01 3.304285e-02
3.555556e+00 1.171342e-01 3.294399e-02
3.611111e+00 1.184377e-01 3.279812e-02
3.666667e+00 1.195616e-01 3.260770e-02
3.722222e+00 1.205073e-01 3.237509e-02
3.777778e+00 1.212764e-01 3.210257e-02
3.833333e+00 1.218707e-01 3.179237e-02
3.888889e+00 1.222924e-01 3.144661e-02
3.944444e+00 1.225435e-01 3.106737e-02
4.000000e+00 1.226265e-01 3.065663e-02
4.055556e+00 1.225439e-01 3.021631e-02
4.111111e+00 1.222985e-01 2.974828e-02
4.166667e+00 1.218930e-01 2.925433e-02
4.222222e+00 1.213305e-01 2.873617e-02
4.277778e+00 1.206140e-01 2.819548e-02
4.333333e+00 1.197467e-01 2.763386e-02
4.388889e+00 1.187320e-01 2.705286e-02
4.444444e+00 1.175732e-01 2.645396e-02
4.500000e+00 1.162737e-01 2.583861e-02
4.555556e+00 1.148372e-01 2.520818e-02
4.611111e+00 1.132673e-01 2.456399e-02
4.666667e+00 1.115676e-01 2.390734e-02
4.722222e+00 1.097418e-01 2.323945e-02
4.777778e+00 1.077938e-01 2.256149e-02
4.833333e+00 1.057272e-01 2.187460e-02
4.888889e+00 1.035461e-01 2.117988e-02
4.944444e+00 1.012542e-01 2.047837e-02
5.000000e+00 9.885539e-02 1.977108e-02
5.055556e+00 9.635362e-02 1.905896e-02
5.111111e+00 9.375279e-02 1.834294e-02
5.166667e+00 9.105682e-02 1.762390e-02
5.222222e+00 8.826963e-02 1.690269e-02
5.277778e+00 8.539512e-02 1.618013e-02
5.333333e+00 8.243721e-02 1.545698e-02
5.388889e+00 7.939979e-02 1.473398e-02
5.444444e+00 7.628673e-02 1.401185e-02
5.500000e+00 7.310190e-02 1.329125e-02
5.555556e+00 6.984911e-02 1.257284e-02
5.611111e+00 6.653219e-02 1.185722e-02
5.666667e+00 6.315491e-02 1.114498e-02
5.722222e+00 5.972101e-02 1.043668e-02
5.777778e+00 5.623420e-02 9.732843e-03
5.833333e+00 5.269816e-02 9.033970e-03
5.888889e+00 4.911651e-02 8.340540e-03
5.944444e+00 4.549285e-02 7.653004e-03
6.000000e+00 4.183073e-02 6.971788e-03
6.055556e+00 3.813363e-02 6.297297e-03
6.111111e+00 3.440501e-02 5.629911e-03
6.166667e+00 3.064828e-02 4.969991e-03
6.222222e+00 2.686677e-02 4.317874e-03
6.277778e+00 2.306379e-02 3.673878e-03
6.333333e+00 1.924257e-02 3.038301e-03
6.388889e+00 1.540631e-02 2.411422e-03
6.444444e+00 1.155812e-02 1.793502e-03
6.500000e+00 7.701089e-03 1.184783e-03
6.555556e+00 3.838224e-03 5.854918e-04
6.611111e+00 -2.751927e-05 -4.162578e-06
6.666667e+00 -3.893243e-03 -5.839865e-04
6.777778e+00 -1.161329e-02 -1.713437e-03
6.888889e+00 -1.930021e-02 -2.801644e-03
7.000000e+00 -2.693296e-02 -3.847565e-03
7.111111e+00 -3.449155e-02 -4.850374e-03
7.222222e+00 -4.195704e-02 -5.809436e-03
7.333333e+00 -4.931151e-02 -6.724296e-03
7.444444e+00 -5.653805e-02 -7.594663e-03
7.555556e+00 -6.362076e-02 -8.420395e-03
7.666667e+00 -7.054474e-02 -9.201487e-03
7.777778e+00 -7.729604e-02 -9.938063e-03
7.888889e+00 -8.386171e-02 -1.063036e-02
8.000000e+00 -9.022971e-02 -1.127871e-02
8.111111e+00 -9.638895e-02 -1.188357e-02
8.222222e+00 -1.023292e-01 -1.244545e-02
8.333333e+00 -1.080413e-01 -1.296495e-02
8.444444e+00 -1.135166e-01 -1.344275e-02
8.555556e+00 -1.187477e-01 -1.387960e-02
8.666667e+00 -1.237277e-01 -1.427627e-02
8.777778e+00 -1.284507e-01 -1.463363e-02
8.888889e+00 -1.329116e-01 -1.495256e-02
9.000000e+00 -1.371059e-01 -1.523399e-02
9.111111e+00 -1.410298e-01 -1.547888e-02
9.222222e+00 -1.446805e-01 -1.568824e-02
9.333333e+00 -1.480555e-01 -1.586309e-02
9.444444e+00 -1.511531e-01 -1.600444e-02
9.555556e+00 -1.539723e-01 -1.611338e-02
9.666667e+00 -1.565124e-01 -1.619094e-02
9.777778e+00 -1.587737e-01 -1.623822e-02
9.888889e+00 -1.607565e-01 -1.625628e-02
1.000000e+01 -1.624619e-01 -1.624619e-02
1.011111e+01 -1.638916e-01 -1.620906e-02
1.022222e+01 -1.650476e-01 -1.614596e-02
1.033333e+01 -1.659324e-01 -1.605797e-02
1.044444e+01 -1.665486e-01 -1.594615e-02
1.055556e+01 -1.668997e-01 -1.581156e-02
1.066667e+01 -1.669893e-01 -1.565524e-02
1.077778e+01 -1.668211e-01 -1.547824e-02
1.088889e+01 -1.663995e-01 -1.528159e-02
1.100000e+01 -1.657290e-01 -1.506627e-02
1.111111e+01 -1.648144e-01 -1.483329e-02
1.122222e+01 -1.636607e-01 -1.458363e-02
1.133333e+01 -1.622732e-01 -1.431823e-02
1.144444e+01 -1.606574e-01 -1.403803e-02
1.155556e+01 -1.588190e-01 -1.374395e-02
1.166667e+01 -1.567638e-01 -1.343690e-02
1.177778e+01 -1.544978e-01 -1.311774e-02
1.188889e+01 -1.520271e-01 -1.278733e-02
1.200000e+01 -1.493580e-01 -1.244650e-02
1.211111e+01 -1.464968e-01 -1.209607e-02
1.222222e+01 -1.434500e-01 -1.173682e-02
1.233333e+01 -1.402241e-01 -1.136952e-02
1.244444e+01 -1.368257e-01 -1.099492e-02
1.255556e+01 -1.332614e-01 -1.061374e-02
1.266667e+01 -1.295378e-01 -1.022667e-02
1.277778e+01 -1.256617e-01 -9.834390e-03
1.288889e+01 -1.216397e-01 -9.437560e-03
1.300000e+01 -1.174785e-01 -9.036808e-03
1.311111e+01 -1.131849e-01 -8.632743e-03
1.322222e+01 -1.087654e-01 -8.225954e-03
1.333333e+01 -1.042267e-01 -7.817005e-03
1.355556e+01 -9.481873e-02 -6.994824e-03
1.377778e+01 -8.501162e-02 -6.170198e-03
1.400000e+01 -7.485717e-02 -5.346941e-03
1.422222e+01 -6.440567e-02 -4.528524e-03
1.444444e+01 -5.370582e-02 -3.718096e-03
1.466667e+01 -4.280463e-02 -2.918497e-03
1.488889e+01 -3.174734e-02 -2.132284e-03
1.511111e+01 -2.057736e-02 -1.361737e-03
1.533333e+01 -9.336231e-03 -6.088846e-04
1.555556e+01 1.936490e-03 1.244886e-04
1.577778e+01 1.320321e-02 8.368234e-04
1.600000e+01 2.442838e-02 1.526774e-03
1.622222e+01 3.557848e-02 2.193194e-03
1.644444e+01 4.662207e-02 2.835126e-03
1.666667e+01 5.752977e-02 3.451786e-03
1.688889e+01 6.827428e-02 4.042556e-03
1.711111e+01 7.883034e-02 4.606968e-03
1.733333e+01 8.917473e-02 5.144696e-03
1.755556e+01 9.928624e-02 5.655546e-03
1.777778e+01 1.091456e-01 6.139441e-03
1.800000e+01 1.187355e-01 6.596419e-03
1.822222e+01 1.280405e-01 7.026613e-03
1.844444e+01 1.370468e-01 7.430249e-03
1.866667e+01 1.457425e-01 7.807634e-03
1.888889e+01 1.541172e-01 8.159146e-03
1.911111e+01 1.621621e-01 8.485226e-03
1.933333e+01 1.698698e-01 8.786368e-03
1.955556e+01 1.772341e-01 9.063110e-03
1.977778e+01 1.842503e-01 9.316027e-03
2.000000e+01 1.909144e-01 9.545722e-03
2.022222e+01 1.972256e-01 9.752915e-03
2.044444e+01 2.031823e-01 9.938266e-03
2.066667e+01 2.087847e-01 1.010249e-02
2.088889e+01 2.140338e-01 1.024630e-02
2.111111e+01 2.189315e-01 1.037044e-02
2.133333e+01 2.234808e-01 1.047566e-02
2.155556e+01 2.276853e-01 1.056272e-02
2.177778e+01 2.315494e-01 1.063237e-02
2.200000e+01 2.350781e-01 1.068537e-02
2.222222e+01 2.382770e-01 1.072246e-02
2.244444e+01 2.411524e-01 1.074441e-02
2.266667e+01 2.437109e-01 1.075195e-02
2.288889e+01 2.459598e-01 1.074582e-02
2.311111e+01 2.479065e-01 1.072672e-02
2.333333e+01 2.495589e-01 1.069538e-02
2.355556e+01 2.509253e-01 1.065249e-02
2.377778e+01 2.520141e-01 1.059872e-02
2.400000e+01 2.528339e-01 1.053475e-02
2.422222e+01 2.533937e-01 1.046121e-02
2.444444e+01 2.537023e-01 1.037873e-02
2.466667e+01 2.537689e-01 1.028793e-02
2.488889e+01 2.536027e-01 1.018939e-02
2.511111e+01 2.532128e-01 1.008370e-02
2.533333e+01 2.526086e-01 9.971392e-03
2.555556e+01 2.517992e-01 9.853011e-03
2.577778e+01 2.507938e-01 9.729069e-03
2.600000e+01 2.496015e-01 9.600059e-03
2.622222e+01 2.482315e-01 9.466455e-03
2.644444e+01 2.466926e-01 9.328714e-03
2.666667e+01 2.449939e-01 9.187270e-03
2.711111e+01 2.411526e-01 8.894971e-03
2.755556e+01 2.367720e-01 8.592530e-03
2.800000e+01 2.319191e-01 8.282826e-03
2.844444e+01 2.266574e-01 7.968424e-03
2.888889e+01 2.210463e-01 7.651603e-03
2.933333e+01 2.151417e-01 7.334377e-03
2.977778e+01 2.089959e-01 7.018519e-03
3.022222e+01 2.026574e-01 6.705575e-03
3.066667e+01 1.961714e-01 6.396893e-03
3.111111e+01 1.895795e-01 6.093627e-03
3.155556e+01 1.829201e-01 5.796765e-03
3.200000e+01 1.762283e-01 5.507133e-03
3.244444e+01 1.695358e-01 5.225417e-03
3.288889e+01 1.628714e-01 4.952172e-03
3.333333e+01 1.562611e-01 4.687834e-03
3.377778e+01 1.497279e-01 4.432733e-03
3.422222e+01 1.432919e-01 4.187100e-03
3.466667e+01 1.369709e-01 3.951084e-03
3.511111e+01 1.307803e-01 3.724754e-03
3.555556e+01 1.247329e-01 3.508112e-03
3.600000e+01 1.188396e-01 3.301100e-03
3.644444e+01 1.131094e-01 3.103611e-03
3.688889e+01 1.075492e-01 2.915492e-03
3.733333e+01 1.021647e-01 2.736555e-03
3.777778e+01 9.695982e-02 2.566583e-03
3.822222e+01 9.193738e-02 2.405338e-03
3.866667e+01 8.709916e-02 2.252565e-03
3.911111e+01 8.244613e-02 2.107998e-03
3.955556e+01 7.797862e-02 1.971370e-03
4.000000e+01 7.369660e-02 1.842415e-03
4.044444e+01 6.959522e-02 1.720761e-03
4.088889e+01 6.567339e-02 1.606143e-03
4.133333e+01 6.192782e-02 1.498254e-03
4.177778e+01 5.835485e-02 1.396792e-03
4.222222e+01 5.495040e-02 1.301457e-03
4.266667e+01 5.171012e-02 1.211956e-03
4.311111e+01 4.862939e-02 1.128001e-03
4.355556e+01 4.570336e-02 1.049312e-03
4.400000e+01 4.292702e-02 9.756141e-04
4.444444e+01 4.029524e-02 9.066428e-04
4.488889e+01 3.780278e-02 8.421411e-04
4.533333e+01 3.544437e-02 7.818610e-04
4.577778e+01 3.321469e-02 7.255637e-04
4.622222e+01 3.110847e-02 6.730198e-04
4.666667e+01 2.912044e-02 6.240095e-04
4.711111e+01 2.724541e-02 5.783224e-04
4.755556e+01 2.547826e-02 5.357579e-04
4.800000e+01 2.381399e-02 4.961247e-04
4.844444e+01 2.224769e-02 4.592412e-04
4.888889e+01 2.077460e-02 4.249349e-04
4.933333e+01 1.939009e-02 3.930424e-04
4.977778e+01 1.808969e-02 3.634089e-04
5.022222e+01 1.686907e-02 3.358885e-04
5.066667e+01 1.572404e-02 3.103430e-04
5.111111e+01 1.465060e-02 2.866421e-04
5.155556e+01 1.364485e-02 2.646630e-04
5.200000e+01 1.270306e-02 2.442897e-04
5.244444e+01 1.182163e-02 2.254124e-04
5.288889e+01 1.099705e-02 2.079274e-04
5.333333e+01 1.022594e-02 1.917363e-04
5.422222e+01 8.832608e-03 1.628965e-04
5.511111e+01 7.618110e-03 1.382318e-04
5.600000e+01 6.561478e-03 1.171693e-04
5.688889e+01 5.643863e-03 9.920853e-05
5.777778e+01 4.848366e-03 8.391403e-05
5.866667e+01 4.159887e-03 7.090717e-05
5.955556e+01 3.564974e-03 5.985965e-05
6.044444e+01 3.051682e-03 5.048739e-05
6.133333e+01 2.609437e-03 4.254518e-05
6.222222e+01 2.228913e-03 3.582182e-05
6.311111e+01 1.901907e-03 3.013585e-05
6.400000e+01 1.621227e-03 2.533168e-05
6.488889e+01 1.380590e-03 2.127622e-05
6.577778e+01 1.174516e-03 1.785581e-05
6.666667e+01 9.982400e-04 1.497360e-05
6.755556e+01 8.476283e-04 1.254713e-05
6.844444e+01 7.190971e-04 1.050629e-05
6.933333e+01 6.095436e-04 8.791494e-06
7.022222e+01 5.162817e-04 7.352112e-06
7.111111e+01 4.369851e-04 6.145103e-06
7.200000e+01 3.696381e-04 5.133863e-06
7.288889e+01 3.124923e-04 4.287242e-06
7.377778e+01 2.640313e-04 3.578737e-06
7.466667e+01 2.229421e-04 2.985832e-06
7.555556e+01 1.880936e-04 2.489474e-06
7.644444e+01 1.585221e-04 2.073691e-06
7.733333e+01 1.334240e-04 1.725310e-06
7.822222e+01 1.121552e-04 1.433803e-06
7.911111e+01 9.423829e-05 1.191214e-06
8.000000e+01 7.937575e-05 9.921969e-07
8.026667e+01 7.534030e-05 9.386250e-07
8.053333e+01 7.150623e-05 8.879084e-07
8.080000e+01 6.786371e-05 8.398974e-07
8.106667e+01 6.440341e-05 7.944499e-07
8.133333e+01 6.111640e-05 7.514311e-07
8.160000e+01 5.799418e-05 7.107130e-07
8.186667e+01 5.502868e-05 6.721744e-07
8.213333e+01 5.221219e-05 6.357003e-07
8.240000e+01 4.953737e-05 6.011817e-07
8.266667e+01 4.699724e-05 5.685150e-07
8.293333e+01 4.458516e-05 5.376024e-07
8.320000e+01 4.229480e-05 5.083510e-07
8.346667e+01 4.012014e-05 4.806726e-07
8.373333e+01 3.805545e-05 4.544839e-07
8.400000e+01 3.609528e-05 4.297058e-07
8.426667e+01 3.423445e-05 4.062632e-07
8.453333e+01 3.246801e-05 3.840852e-07
8.480000e+01 3.079127e-05 3.631045e-07
8.506667e+01 2.919976e-05 3.432573e-07
8.533333e+01 2.768923e-05 3.244831e-07
8.560000e+01 2.625563e-05 3.067247e-07
8.586667e+01 2.489512e-05 2.899277e-07
8.613333e+01 2.360404e-05 2.740408e-07
8.640000e+01 2.237891e-05 2.590151e-07
8.666667e+01 2.121641e-05 2.448047e-07
8.693333e+01 2.011339e-05 2.313657e-07
8.720000e+01 1.906687e-05 2.186568e-07
8.746667e+01 1.807401e-05 2.066388e-07
8.773333e+01 1.713210e-05 1.952747e-07
8.800000e+01 1.623859e-05 1.845294e-07
8.829333e+01 1.530869e-05 1.733844e-07
8.858667e+01 1.443128e-05 1.629058e-07
8.888000e+01 1.360346e-05 1.530543e-07
8.917333e+01 1.282247e-05 1.437927e-07
8.946667e+01 1.208571e-05 1.350862e-07
8.976000e+01 1.139071e-05 1.269019e-07
9.005333e+01 1.073515e-05 1.192088e-07
9.034667e+01 1.011681e-05 1.119776e-07
9.064000e+01 9.533613e-06 1.051811e-07
9.093333e+01 8.983597e-06 9.879322e-08
9.122667e+01 8.464898e-06 9.278974e-08
9.152000e+01 7.975761e-06 8.714773e-08
9.181333e+01 7.514524e-06 8.184567e-08
9.210667e+01 7.079620e-06 7.686327e-08
9.240000e+01 6.669567e-06 7.218146e-08
9.269333e+01 6.282968e-06 6.778230e-08
9.298667e+01 5.918499e-06 6.364890e-08
9.328000e+01 5.574913e-06 5.976536e-08
9.357333e+01 5.251030e-06 5.611674e-08
9.386667e+01 4.945737e-06 5.268896e-08
9.416000e+01 4.657980e-06 4.946877e-08
9.445333e+01 4.386765e-06 4.644373e-08
9.474667e+01 4.131153e-06 4.360209e-08
9.504000e+01 3.890257e-06 4.093284e-08
9.533333e+01 3.663240e-06 3.842560e-08
9.562667e+01 3.449312e-06 3.607061e-08
9.592000e+01 3.247727e-06 3.385870e-08
9.621333e+01 3.057783e-06 3.178128e-08
9.650667e+01 2.878820e-06 2.983027e-08
9.680000e+01 2.710217e-06 2.799811e-08
9.712267e+01 2.536000e-06 2.611131e-08
9.744533e+01 2.372849e-06 2.435056e-08
9.776800e+01 2.220070e-06 2.270753e-08
9.809067e+01 2.077012e-06 2.117441e-08
9.841333e+01 1.943066e-06 1.974393e-08
9.873600e+01 1.817656e-06 1.840926e-08
9.905867e+01 1.700245e-06 1.716402e-08
9.938133e+01 1.590326e-06 1.600226e-08
9.970400e+01 1.487426e-06 1.491842e-08
1.000267e+02 1.391100e-06 1.390729e-08
1.003493e+02 1.300932e-06 1.296403e-08
1.006720e+02 1.216531e-06 1.208411e-08
1.009947e+02 1.137531e-06 1.126328e-08
1.013173e+02 1.063590e-06 1.049761e-08
1.016400e+02 9.943847e-07 9.783399e-09
1.019627e+02 9.296146e-07 9.117206e-09
1.022853e+02 8.689971e-07 8.495813e-09
1.026080e+02 8.122671e-07 7.916216e-09
1.029307e+02 7.591763e-07 7.375609e-09
1.032533e+02 7.094917e-07 6.871369e-09
1.035760e+02 6.629948e-07 6.401047e-09
1.038987e+02 6.194807e-07 5.962354e-09
1.042213e+02 5.787570e-07 5.553153e-09
1.045440e+02 5.406436e-07 5.171445e-09
1.048667e+02 5.049714e-07 4.815366e-09
1.051893e+02 4.715822e-07 4.483175e-09
1.055120e+02 4.403281e-07 4.173251e-09
1.058347e+02 4.110706e-07 3.884082e-09
1.061573e+02 3.836808e-07 3.614266e-09
1.064800e+02 3.580391e-07 3.362501e-09
1.068349e+02 3.317102e-07 3.104885e-09
1.071899e+02 3.072105e-07 2.866040e-09
1.075448e+02 2.844079e-07 2.644553e-09
1.078997e+02 2.631792e-07 2.439109e-09
1.082547e+02 2.434092e-07 2.248487e-09
1.086096e+02 2.249901e-07 2.071549e-09
1.089645e+02 2.078215e-07 1.907240e-09
1.093195e+02 1.918092e-07 1.754575e-09
1.096744e+02 1.768656e-07 1.612643e-09
1.100293e+02 1.629086e-07 1.480592e-09
1.103843e+02 1.498613e-07 1.357633e-09
1.107392e+02 1.376521e-07 1.243030e-09
1.110941e+02 1.262137e-07 1.136097e-09
1.114491e+02 1.154829e-07 1.036195e-09
1.118040e+02 1.054006e-07 9.427262e-10
1.121589e+02 9.591084e-08 8.551333e-10
1.125139e+02 8.696118e-08 7.728930e-10
1.128688e+02 7.850190e-08 6.955146e-10
1.132237e+02 7.048590e-08 6.225365e-10
1.135787e+02 6.286845e-08 5.535234e-10
1.139336e+02 5.560689e-08 4.880640e-10
1.142885e+02 4.866043e-08 4.257683e-10
1.146435e+02 4.198995e-08 3.662655e-10
1.149984e+02 3.555775e-08 3.092022e-10
1.153533e+02 2.932744e-08 2.542401e-10
1.157083e+02 2.326372e-08 2.010550e-10
1.160632e+02 1.733226e-08 1.493346e-10
1.164181e+02 1.149956e-08 9.877806e-11
1.167731e+02 5.732852e-09 4.909396e-11
1.171280e+02 0.000000e+00
