# 
# Output from EIGENRAD program.
# 
# Eigenfunction for specific electronic state.
# The first column contains radius $r$ in bohr units.
# The second column holds value of eginefunction.
# 
# Use this file with gnuplot to create the plot.
#
0.000000e+00 0.000000e+00 4.034054e-06
2.500000e-01 7.622931e-08 3.049172e-07
5.000000e-01 -7.048583e-07 -1.409717e-06
7.500000e-01 -1.744740e-06 -2.326320e-06
1.000000e+00 -3.596961e-06 -3.596961e-06
1.250000e+00 -7.886108e-06 -6.308886e-06
1.500000e+00 -1.722616e-05 -1.148410e-05
1.750000e+00 -3.513820e-05 -2.007897e-05
2.000000e+00 -6.596756e-05 -3.298378e-05
2.250000e+00 -1.148003e-04 -5.102233e-05
2.500000e+00 -1.873788e-04 -7.495153e-05
2.750000e+00 -2.900177e-04 -1.054610e-04
3.000000e+00 -4.295175e-04 -1.431725e-04
3.250000e+00 -6.130795e-04 -1.886398e-04
3.500000e+00 -8.482184e-04 -2.423481e-04
3.750000e+00 -1.142676e-03 -3.047135e-04
4.000000e+00 -1.504331e-03 -3.760828e-04
4.250000e+00 -1.941115e-03 -4.567330e-04
4.500000e+00 -2.460918e-03 -5.468707e-04
4.750000e+00 -3.071503e-03 -6.466321e-04
5.000000e+00 -3.780411e-03 -7.560823e-04
5.250000e+00 -4.594877e-03 -8.752147e-04
5.500000e+00 -5.521731e-03 -1.003951e-03
5.750000e+00 -6.567310e-03 -1.142141e-03
6.000000e+00 -7.737363e-03 -1.289561e-03
6.250000e+00 -9.036961e-03 -1.445914e-03
6.500000e+00 -1.047040e-02 -1.610830e-03
6.750000e+00 -1.204110e-02 -1.783866e-03
7.000000e+00 -1.375152e-02 -1.964503e-03
7.250000e+00 -1.560308e-02 -2.152148e-03
7.500000e+00 -1.759600e-02 -2.346133e-03
7.750000e+00 -1.973480e-02 -2.546426e-03
8.000000e+00 -2.201762e-02 -2.752202e-03
8.250000e+00 -2.444392e-02 -2.962899e-03
8.500000e+00 -2.701242e-02 -3.177932e-03
8.750000e+00 -2.972113e-02 -3.396701e-03
9.000000e+00 -3.256739e-02 -3.618599e-03
9.250000e+00 -3.554790e-02 -3.843016e-03
9.500000e+00 -3.865878e-02 -4.069346e-03
9.750000e+00 -4.189562e-02 -4.296987e-03
1.000000e+01 -4.525348e-02 -4.525348e-03
1.025000e+01 -4.872697e-02 -4.753850e-03
1.050000e+01 -5.231024e-02 -4.981928e-03
1.075000e+01 -5.599710e-02 -5.209032e-03
1.100000e+01 -5.978096e-02 -5.434632e-03
1.125000e+01 -6.365494e-02 -5.658217e-03
1.150000e+01 -6.761189e-02 -5.879294e-03
1.175000e+01 -7.164439e-02 -6.097395e-03
1.200000e+01 -7.574486e-02 -6.312072e-03
1.225000e+01 -7.990552e-02 -6.522900e-03
1.250000e+01 -8.411848e-02 -6.729478e-03
1.275000e+01 -8.837572e-02 -6.931429e-03
1.300000e+01 -9.266921e-02 -7.128401e-03
1.325000e+01 -9.699085e-02 -7.320064e-03
1.350000e+01 -1.013326e-01 -7.506117e-03
1.375000e+01 -1.056864e-01 -7.686280e-03
1.400000e+01 -1.100442e-01 -7.860302e-03
1.425000e+01 -1.143983e-01 -8.027954e-03
1.450000e+01 -1.187410e-01 -8.189034e-03
1.475000e+01 -1.230647e-01 -8.343366e-03
1.500000e+01 -1.273620e-01 -8.490799e-03
1.525000e+01 -1.316255e-01 -8.631179e-03
1.550000e+01 -1.358483e-01 -8.764404e-03
1.575000e+01 -1.400235e-01 -8.890379e-03
1.600000e+01 -1.441445e-01 -9.009032e-03
1.625000e+01 -1.482050e-01 -9.120309e-03
1.650000e+01 -1.521989e-01 -9.224176e-03
1.675000e+01 -1.561204e-01 -9.320619e-03
1.700000e+01 -1.599638e-01 -9.409637e-03
1.725000e+01 -1.637241e-01 -9.491250e-03
1.750000e+01 -1.673961e-01 -9.565491e-03
1.775000e+01 -1.709752e-01 -9.632408e-03
1.800000e+01 -1.744571e-01 -9.692061e-03
1.825000e+01 -1.778376e-01 -9.744526e-03
1.850000e+01 -1.811129e-01 -9.789888e-03
1.875000e+01 -1.842796e-01 -9.828245e-03
1.900000e+01 -1.873344e-01 -9.859706e-03
1.925000e+01 -1.902744e-01 -9.884387e-03
1.950000e+01 -1.930971e-01 -9.902416e-03
1.975000e+01 -1.958000e-01 -9.913926e-03
2.000000e+01 -1.983812e-01 -9.919061e-03
2.025000e+01 -2.008389e-01 -9.917970e-03
2.050000e+01 -2.031715e-01 -9.910807e-03
2.075000e+01 -2.053780e-01 -9.897733e-03
2.100000e+01 -2.074572e-01 -9.878914e-03
2.125000e+01 -2.094085e-01 -9.854519e-03
2.150000e+01 -2.112315e-01 -9.824720e-03
2.175000e+01 -2.129258e-01 -9.789693e-03
2.200000e+01 -2.144915e-01 -9.749615e-03
2.225000e+01 -2.159288e-01 -9.704665e-03
2.250000e+01 -2.172380e-01 -9.655024e-03
2.275000e+01 -2.184199e-01 -9.600875e-03
2.300000e+01 -2.194752e-01 -9.542400e-03
2.325000e+01 -2.204049e-01 -9.479782e-03
2.350000e+01 -2.212103e-01 -9.413203e-03
2.375000e+01 -2.218925e-01 -9.342844e-03
2.400000e+01 -2.224532e-01 -9.268884e-03
2.425000e+01 -2.228940e-01 -9.191505e-03
2.450000e+01 -2.232166e-01 -9.110881e-03
2.475000e+01 -2.234229e-01 -9.027189e-03
2.500000e+01 -2.235151e-01 -8.940603e-03
2.525000e+01 -2.234951e-01 -8.851291e-03
2.550000e+01 -2.233653e-01 -8.759424e-03
2.575000e+01 -2.231280e-01 -8.665165e-03
2.600000e+01 -2.227856e-01 -8.568676e-03
2.625000e+01 -2.223406e-01 -8.470117e-03
2.650000e+01 -2.217955e-01 -8.369643e-03
2.675000e+01 -2.211531e-01 -8.267407e-03
2.700000e+01 -2.204160e-01 -8.163555e-03
2.725000e+01 -2.195869e-01 -8.058234e-03
2.750000e+01 -2.186686e-01 -7.951584e-03
2.775000e+01 -2.176639e-01 -7.843743e-03
2.800000e+01 -2.165756e-01 -7.734844e-03
2.825000e+01 -2.154067e-01 -7.625016e-03
2.850000e+01 -2.141600e-01 -7.514384e-03
2.875000e+01 -2.128383e-01 -7.403071e-03
2.900000e+01 -2.114446e-01 -7.291194e-03
2.925000e+01 -2.099818e-01 -7.178865e-03
2.950000e+01 -2.084527e-01 -7.066194e-03
2.975000e+01 -2.068603e-01 -6.953287e-03
3.000000e+01 -2.052073e-01 -6.840244e-03
3.025000e+01 -2.034967e-01 -6.727164e-03
3.050000e+01 -2.017313e-01 -6.614140e-03
3.075000e+01 -1.999138e-01 -6.501262e-03
3.100000e+01 -1.980470e-01 -6.388614e-03
3.125000e+01 -1.961338e-01 -6.276280e-03
3.150000e+01 -1.941766e-01 -6.164338e-03
3.175000e+01 -1.921784e-01 -6.052862e-03
3.200000e+01 -1.901415e-01 -5.941923e-03
3.225000e+01 -1.880687e-01 -5.831589e-03
3.250000e+01 -1.859625e-01 -5.721923e-03
3.275000e+01 -1.838253e-01 -5.612987e-03
3.300000e+01 -1.816596e-01 -5.504837e-03
3.325000e+01 -1.794678e-01 -5.397528e-03
3.350000e+01 -1.772522e-01 -5.291109e-03
3.375000e+01 -1.750150e-01 -5.185630e-03
3.400000e+01 -1.727586e-01 -5.081135e-03
3.425000e+01 -1.704850e-01 -4.977665e-03
3.450000e+01 -1.681965e-01 -4.875260e-03
3.475000e+01 -1.658950e-01 -4.773956e-03
3.500000e+01 -1.635825e-01 -4.673786e-03
3.525000e+01 -1.612610e-01 -4.574781e-03
3.550000e+01 -1.589324e-01 -4.476970e-03
3.575000e+01 -1.565985e-01 -4.380378e-03
3.600000e+01 -1.542610e-01 -4.285029e-03
3.625000e+01 -1.519217e-01 -4.190945e-03
3.650000e+01 -1.495823e-01 -4.098144e-03
3.675000e+01 -1.472442e-01 -4.006644e-03
3.700000e+01 -1.449090e-01 -3.916459e-03
3.725000e+01 -1.425782e-01 -3.827603e-03
3.750000e+01 -1.402533e-01 -3.740088e-03
3.775000e+01 -1.379355e-01 -3.653921e-03
3.800000e+01 -1.356263e-01 -3.569112e-03
3.825000e+01 -1.333267e-01 -3.485666e-03
3.850000e+01 -1.310381e-01 -3.403587e-03
3.875000e+01 -1.287616e-01 -3.322879e-03
3.900000e+01 -1.264982e-01 -3.243543e-03
3.925000e+01 -1.242490e-01 -3.165579e-03
3.950000e+01 -1.220150e-01 -3.088987e-03
3.975000e+01 -1.197971e-01 -3.013763e-03
4.000000e+01 -1.175962e-01 -2.939905e-03
4.025000e+01 -1.154131e-01 -2.867407e-03
4.050000e+01 -1.132487e-01 -2.796264e-03
4.075000e+01 -1.111036e-01 -2.726470e-03
4.100000e+01 -1.089787e-01 -2.658016e-03
4.125000e+01 -1.068744e-01 -2.590895e-03
4.150000e+01 -1.047915e-01 -2.525096e-03
4.175000e+01 -1.027305e-01 -2.460610e-03
4.200000e+01 -1.006919e-01 -2.397426e-03
4.225000e+01 -9.867626e-02 -2.335533e-03
4.250000e+01 -9.668400e-02 -2.274918e-03
4.275000e+01 -9.471554e-02 -2.215568e-03
4.300000e+01 -9.277126e-02 -2.157471e-03
4.325000e+01 -9.085150e-02 -2.100613e-03
4.350000e+01 -8.895656e-02 -2.044978e-03
4.375000e+01 -8.708674e-02 -1.990554e-03
4.400000e+01 -8.524227e-02 -1.937324e-03
4.425000e+01 -8.342336e-02 -1.885274e-03
4.450000e+01 -8.163021e-02 -1.834387e-03
4.475000e+01 -7.986297e-02 -1.784647e-03
4.500000e+01 -7.812177e-02 -1.736039e-03
4.550000e+01 -7.471787e-02 -1.642151e-03
4.600000e+01 -7.141907e-02 -1.552588e-03
4.650000e+01 -6.822552e-02 -1.467215e-03
4.700000e+01 -6.513701e-02 -1.385894e-03
4.750000e+01 -6.215306e-02 -1.308485e-03
4.800000e+01 -5.927287e-02 -1.234852e-03
4.850000e+01 -5.649542e-02 -1.164854e-03
4.900000e+01 -5.381945e-02 -1.098356e-03
4.950000e+01 -5.124347e-02 -1.035222e-03
5.000000e+01 -4.876586e-02 -9.753172e-04
5.050000e+01 -4.638480e-02 -9.185108e-04
5.100000e+01 -4.409833e-02 -8.646731e-04
5.150000e+01 -4.190439e-02 -8.136774e-04
5.200000e+01 -3.980080e-02 -7.654000e-04
5.250000e+01 -3.778531e-02 -7.197202e-04
5.300000e+01 -3.585558e-02 -6.765205e-04
5.350000e+01 -3.400924e-02 -6.356868e-04
5.400000e+01 -3.224386e-02 -5.971085e-04
5.450000e+01 -3.055698e-02 -5.606785e-04
5.500000e+01 -2.894614e-02 -5.262934e-04
5.550000e+01 -2.740886e-02 -4.938533e-04
5.600000e+01 -2.594266e-02 -4.632618e-04
5.650000e+01 -2.454509e-02 -4.344263e-04
5.700000e+01 -2.321370e-02 -4.072579e-04
5.750000e+01 -2.194607e-02 -3.816708e-04
5.800000e+01 -2.073981e-02 -3.575830e-04
5.850000e+01 -1.959257e-02 -3.349157e-04
5.900000e+01 -1.850202e-02 -3.135936e-04
5.950000e+01 -1.746588e-02 -2.935443e-04
6.000000e+01 -1.648191e-02 -2.746985e-04
6.050000e+01 -1.554797e-02 -2.569912e-04
6.100000e+01 -1.466194e-02 -2.403597e-04
6.150000e+01 -1.382176e-02 -2.247441e-04
6.200000e+01 -1.302541e-02 -2.100872e-04
6.250000e+01 -1.227094e-02 -1.963350e-04
6.300000e+01 -1.155646e-02 -1.834358e-04
6.350000e+01 -1.088014e-02 -1.713408e-04
6.400000e+01 -1.024022e-02 -1.600035e-04
6.450000e+01 -9.634994e-03 -1.493798e-04
6.500000e+01 -9.062810e-03 -1.394278e-04
6.550000e+01 -8.522079e-03 -1.301081e-04
6.600000e+01 -8.011275e-03 -1.213830e-04
6.650000e+01 -7.528925e-03 -1.132169e-04
6.700000e+01 -7.073615e-03 -1.055763e-04
6.750000e+01 -6.643987e-03 -9.842943e-05
6.800000e+01 -6.238738e-03 -9.174615e-05
6.850000e+01 -5.856621e-03 -8.549812e-05
6.900000e+01 -5.496440e-03 -7.965855e-05
6.950000e+01 -5.157051e-03 -7.420217e-05
7.000000e+01 -4.837362e-03 -6.910517e-05
7.050000e+01 -4.536330e-03 -6.434510e-05
7.100000e+01 -4.252958e-03 -5.990081e-05
7.150000e+01 -3.986296e-03 -5.575240e-05
7.200000e+01 -3.735440e-03 -5.188111e-05
7.250000e+01 -3.499527e-03 -4.826934e-05
7.300000e+01 -3.277735e-03 -4.490048e-05
7.350000e+01 -3.069281e-03 -4.175893e-05
7.400000e+01 -2.873420e-03 -3.882999e-05
7.450000e+01 -2.689440e-03 -3.609986e-05
7.500000e+01 -2.516663e-03 -3.355550e-05
7.550000e+01 -2.354467e-03 -3.118499e-05
7.600000e+01 -2.202240e-03 -2.897685e-05
7.650000e+01 -2.059409e-03 -2.692038e-05
7.700000e+01 -1.925430e-03 -2.500558e-05
7.750000e+01 -1.799787e-03 -2.322305e-05
7.800000e+01 -1.681991e-03 -2.156399e-05
7.850000e+01 -1.571583e-03 -2.002016e-05
7.900000e+01 -1.468123e-03 -1.858384e-05
7.950000e+01 -1.371199e-03 -1.724779e-05
8.000000e+01 -1.280420e-03 -1.600526e-05
8.050000e+01 -1.195418e-03 -1.484991e-05
8.100000e+01 -1.115842e-03 -1.377583e-05
8.150000e+01 -1.041365e-03 -1.277748e-05
8.200000e+01 -9.716755e-04 -1.184970e-05
8.250000e+01 -9.064809e-04 -1.098765e-05
8.300000e+01 -8.455048e-04 -1.018681e-05
8.350000e+01 -7.884871e-04 -9.442960e-06
8.400000e+01 -7.351825e-04 -8.752172e-06
8.450000e+01 -6.853599e-04 -8.110768e-06
8.500000e+01 -6.388018e-04 -7.515315e-06
8.550000e+01 -5.953034e-04 -6.962613e-06
8.600000e+01 -5.546720e-04 -6.449675e-06
8.650000e+01 -5.167264e-04 -5.973716e-06
8.700000e+01 -4.812962e-04 -5.532140e-06
8.750000e+01 -4.482210e-04 -5.122526e-06
8.800000e+01 -4.173504e-04 -4.742618e-06
8.850000e+01 -3.885430e-04 -4.390316e-06
8.900000e+01 -3.616660e-04 -4.063663e-06
8.950000e+01 -3.365952e-04 -3.760840e-06
9.000000e+01 -3.132137e-04 -3.480153e-06
9.100000e+01 -2.711049e-04 -2.979175e-06
9.200000e+01 -2.344903e-04 -2.548808e-06
9.300000e+01 -2.026907e-04 -2.179470e-06
9.400000e+01 -1.751017e-04 -1.862784e-06
9.500000e+01 -1.511873e-04 -1.591445e-06
9.600000e+01 -1.304737e-04 -1.359101e-06
9.700000e+01 -1.125440e-04 -1.160247e-06
9.800000e+01 -9.703177e-05 -9.901201e-07
9.900000e+01 -8.361686e-05 -8.446147e-07
1.000000e+02 -7.201988e-05 -7.201988e-07
1.010000e+02 -6.199795e-05 -6.138411e-07
1.020000e+02 -5.334035e-05 -5.229446e-07
1.030000e+02 -4.586467e-05 -4.452880e-07
1.040000e+02 -3.941312e-05 -3.789723e-07
1.050000e+02 -3.384931e-05 -3.223744e-07
1.060000e+02 -2.905521e-05 -2.741057e-07
1.070000e+02 -2.492849e-05 -2.329765e-07
1.080000e+02 -2.138017e-05 -1.979645e-07
1.090000e+02 -1.833257e-05 -1.681887e-07
1.100000e+02 -1.571757e-05 -1.428870e-07
1.110000e+02 -1.347518e-05 -1.213980e-07
1.120000e+02 -1.155244e-05 -1.031467e-07
1.130000e+02 -9.902622e-06 -8.763382e-08
1.140000e+02 -8.484754e-06 -7.442767e-08
1.150000e+02 -7.263427e-06 -6.316023e-08
1.160000e+02 -6.208947e-06 -5.352541e-08
1.170000e+02 -5.297792e-06 -4.528028e-08
1.180000e+02 -4.513373e-06 -3.824892e-08
1.190000e+02 -3.847111e-06 -3.232867e-08
1.200000e+02 -3.299834e-06 -2.749862e-08
1.210000e+02 -2.817366e-06 -2.328401e-08
1.220000e+02 -2.404055e-06 -1.970537e-08
1.230000e+02 -2.050462e-06 -1.667042e-08
1.240000e+02 -1.748288e-06 -1.409910e-08
1.250000e+02 -1.490271e-06 -1.192217e-08
1.260000e+02 -1.270086e-06 -1.008005e-08
1.270000e+02 -1.082246e-06 -8.521626e-09
1.280000e+02 -9.220179e-07 -7.203265e-09
1.290000e+02 -7.853327e-07 -6.087850e-09
1.300000e+02 -6.687113e-07 -5.143933e-09
1.310000e+02 -5.691892e-07 -4.344956e-09
1.320000e+02 -4.842490e-07 -3.668553e-09
1.330000e+02 -4.117584e-07 -3.095928e-09
1.340000e+02 -3.499132e-07 -2.611292e-09
1.350000e+02 -2.971861e-07 -2.201379e-09
1.360000e+02 -2.522812e-07 -1.855009e-09
1.370000e+02 -2.140930e-07 -1.562722e-09
1.380000e+02 -1.816721e-07 -1.316464e-09
1.390000e+02 -1.541955e-07 -1.109320e-09
1.400000e+02 -1.309429e-07 -9.353065e-10
1.410000e+02 -1.112782e-07 -7.892070e-10
1.420000e+02 -9.463636e-08 -6.664532e-10
1.430000e+02 -8.051619e-08 -5.630502e-10
1.440000e+02 -6.847817e-08 -4.755429e-10
1.450000e+02 -5.814802e-08 -4.010208e-10
1.460000e+02 -4.922556e-08 -3.371614e-10
1.470000e+02 -4.149923e-08 -2.823077e-10
1.480000e+02 -3.486591e-08 -2.355805e-10
1.490000e+02 -2.935638e-08 -1.970227e-10
1.500000e+02 -2.516610e-08 -1.677740e-10
1.510000e+02 -2.131076e-08 -1.411309e-10
1.520000e+02 -1.803610e-08 -1.186586e-10
1.530000e+02 -1.525890e-08 -9.973137e-11
1.540000e+02 -1.290645e-08 -8.380812e-11
1.550000e+02 -1.091554e-08 -7.042285e-11
1.560000e+02 -9.231508e-09 -5.917633e-11
1.570000e+02 -7.807324e-09 -4.972818e-11
1.580000e+02 -6.602761e-09 -4.178963e-11
1.590000e+02 -5.583588e-09 -3.511691e-11
1.600000e+02 -4.720832e-09 -2.950520e-11
1.610000e+02 -3.990085e-09 -2.478313e-11
1.620000e+02 -3.370875e-09 -2.080787e-11
1.630000e+02 -2.846082e-09 -1.746063e-11
1.640000e+02 -2.401407e-09 -1.464272e-11
1.650000e+02 -2.024898e-09 -1.227211e-11
1.660000e+02 -1.706531e-09 -1.028031e-11
1.670000e+02 -1.437837e-09 -8.609803e-12
1.680000e+02 -1.211591e-09 -7.211853e-12
1.690000e+02 -1.021548e-09 -6.044662e-12
1.700000e+02 -8.622331e-10 -5.071959e-12
1.710000e+02 -7.287902e-10 -4.261931e-12
1.720000e+02 -6.168772e-10 -3.586495e-12
1.730000e+02 -5.226186e-10 -3.020917e-12
1.740000e+02 -4.426103e-10 -2.543737e-12
1.750000e+02 -3.739778e-10 -2.137016e-12
1.760000e+02 -3.144880e-10 -1.786864e-12
1.770000e+02 -2.627137e-10 -1.484258e-12
1.780000e+02 -2.182522e-10 -1.226136e-12
1.790000e+02 -1.819968e-10 -1.016742e-12
1.800000e+02 -1.564618e-10 -8.692322e-13
1.806000e+02 -1.411213e-10 -7.814026e-13
1.812000e+02 -1.272749e-10 -7.023998e-13
1.818000e+02 -1.147796e-10 -6.313509e-13
1.824000e+02 -1.035055e-10 -5.674645e-13
1.830000e+02 -9.333448e-11 -5.100245e-13
1.836000e+02 -8.415927e-11 -4.583838e-13
1.842000e+02 -7.588277e-11 -4.119586e-13
1.848000e+02 -6.841711e-11 -3.702225e-13
1.854000e+02 -6.168291e-11 -3.327018e-13
1.860000e+02 -5.560852e-11 -2.989706e-13
1.866000e+02 -5.012935e-11 -2.686460e-13
1.872000e+02 -4.518717e-11 -2.413844e-13
1.878000e+02 -4.072954e-11 -2.168772e-13
1.884000e+02 -3.670924e-11 -1.948473e-13
1.890000e+02 -3.308368e-11 -1.750459e-13
1.896000e+02 -2.981451e-11 -1.572495e-13
1.902000e+02 -2.686708e-11 -1.412570e-13
1.908000e+02 -2.421012e-11 -1.268874e-13
1.914000e+02 -2.181530e-11 -1.139775e-13
1.920000e+02 -1.965699e-11 -1.023801e-13
1.926000e+02 -1.771192e-11 -9.196218e-14
1.932000e+02 -1.595898e-11 -8.260342e-14
1.938000e+02 -1.437903e-11 -7.419521e-14
1.944000e+02 -1.295473e-11 -6.663958e-14
1.950000e+02 -1.167045e-11 -5.984848e-14
1.956000e+02 -1.051219e-11 -5.374332e-14
1.962000e+02 -9.467571e-12 -4.825469e-14
1.968000e+02 -8.525836e-12 -4.332234e-14
1.974000e+02 -7.677931e-12 -3.889529e-14
1.980000e+02 -6.916594e-12 -3.493229e-14
1.986600e+02 -6.164218e-12 -3.102899e-14
1.993200e+02 -5.493135e-12 -2.755938e-14
1.999800e+02 -4.894753e-12 -2.447621e-14
2.006400e+02 -4.361324e-12 -2.173706e-14
2.013000e+02 -3.885873e-12 -1.930389e-14
2.019600e+02 -3.462139e-12 -1.714270e-14
2.026200e+02 -3.084510e-12 -1.522313e-14
2.032800e+02 -2.747967e-12 -1.351814e-14
2.039400e+02 -2.448032e-12 -1.200369e-14
2.046000e+02 -2.180709e-12 -1.065840e-14
2.052600e+02 -1.942446e-12 -9.463344e-15
2.059200e+02 -1.730081e-12 -8.401712e-15
2.065800e+02 -1.540804e-12 -7.458630e-15
2.072400e+02 -1.372119e-12 -6.620916e-15
2.079000e+02 -1.221805e-12 -5.876886e-15
2.085600e+02 -1.087886e-12 -5.216177e-15
2.092200e+02 -9.686006e-13 -4.629579e-15
2.098800e+02 -8.623749e-13 -4.108895e-15
2.105400e+02 -7.677999e-13 -3.646813e-15
2.112000e+02 -6.836112e-13 -3.236796e-15
2.118600e+02 -6.086719e-13 -2.872991e-15
2.125200e+02 -5.419585e-13 -2.550153e-15
2.131800e+02 -4.825504e-13 -2.263582e-15
2.138400e+02 -4.296220e-13 -2.009082e-15
2.145000e+02 -3.824381e-13 -1.782928e-15
2.151600e+02 -3.403526e-13 -1.581858e-15
2.158200e+02 -3.028100e-13 -1.403067e-15
2.164800e+02 -2.693505e-13 -1.244228e-15
2.171400e+02 -2.396177e-13 -1.103517e-15
2.178000e+02 -2.133695e-13 -9.796578e-16
2.185260e+02 -1.876666e-13 -8.587839e-16
2.192520e+02 -1.650454e-13 -7.527657e-16
2.199780e+02 -1.451427e-13 -6.598055e-16
2.207040e+02 -1.276353e-13 -5.783100e-16
2.214300e+02 -1.122365e-13 -5.068713e-16
2.221560e+02 -9.869238e-14 -4.442481e-16
2.228820e+02 -8.677891e-14 -3.893491e-16
2.236080e+02 -7.629881e-14 -3.412168e-16
2.243340e+02 -6.707874e-14 -2.990128e-16
2.250600e+02 -5.896662e-14 -2.620040e-16
2.257860e+02 -5.182923e-14 -2.295503e-16
2.265120e+02 -4.554990e-14 -2.010927e-16
2.272380e+02 -4.002644e-14 -1.761432e-16
2.279640e+02 -3.516922e-14 -1.542753e-16
2.286900e+02 -3.089953e-14 -1.351153e-16
2.294160e+02 -2.714795e-14 -1.183350e-16
2.301420e+02 -2.385312e-14 -1.036452e-16
2.308680e+02 -2.096052e-14 -9.079005e-17
2.315940e+02 -1.842151e-14 -7.954228e-17
2.323200e+02 -1.619261e-14 -6.969961e-17
2.330460e+02 -1.423485e-14 -6.108170e-17
2.337720e+02 -1.251337e-14 -5.352809e-17
2.344980e+02 -1.099725e-14 -4.689700e-17
2.352240e+02 -9.659444e-15 -4.106487e-17
2.359500e+02 -8.476933e-15 -3.592682e-17
2.366760e+02 -7.431088e-15 -3.139772e-17
2.374020e+02 -6.508188e-15 -2.741421e-17
2.381280e+02 -5.700141e-15 -2.393730e-17
2.388540e+02 -5.005386e-15 -2.095584e-17
2.395800e+02 -4.429983e-15 -1.849062e-17
2.403786e+02 -3.832261e-15 -1.594260e-17
2.411772e+02 -3.317218e-15 -1.375428e-17
2.419758e+02 -2.873148e-15 -1.187370e-17
2.427744e+02 -2.489916e-15 -1.025609e-17
2.435730e+02 -2.158790e-15 -8.863011e-18
2.443716e+02 -1.872285e-15 -7.661630e-18
2.451702e+02 -1.624014e-15 -6.624026e-18
2.459688e+02 -1.408554e-15 -5.726554e-18
2.467674e+02 -1.221316e-15 -4.949260e-18
2.475660e+02 -1.058430e-15 -4.275346e-18
2.483646e+02 -9.166362e-16 -3.690688e-18
2.491632e+02 -7.931857e-16 -3.183398e-18
2.499618e+02 -6.857554e-16 -2.743441e-18
2.507604e+02 -5.923685e-16 -2.362289e-18
2.515590e+02 -5.113266e-16 -2.032631e-18
2.523576e+02 -4.411512e-16 -1.748119e-18
2.531562e+02 -3.805350e-16 -1.503163e-18
2.539548e+02 -3.283037e-16 -1.292764e-18
2.547534e+02 -2.833870e-16 -1.112397e-18
2.555520e+02 -2.447993e-16 -9.579236e-19
2.563506e+02 -2.116308e-16 -8.255521e-19
2.571492e+02 -1.830482e-16 -7.118364e-19
2.579478e+02 -1.583051e-16 -6.137098e-19
2.587464e+02 -1.367626e-16 -5.285584e-19
2.595450e+02 -1.179192e-16 -4.543304e-19
2.603436e+02 -1.014510e-16 -3.896813e-19
2.611422e+02 -8.726181e-17 -3.341544e-19
2.619408e+02 -7.554241e-17 -2.883950e-19
2.627394e+02 -6.684056e-17 -2.543987e-19
2.635380e+02 -6.214021e-17 -2.357922e-19
2.644165e+02 -4.926415e-17 -1.863127e-19
2.652949e+02 -3.852309e-17 -1.452086e-19
2.661734e+02 -2.982754e-17 -1.120606e-19
2.670518e+02 -2.302825e-17 -8.623139e-20
2.679303e+02 -1.793171e-17 -6.692678e-20
2.688088e+02 -1.431420e-17 -5.325051e-20
2.696872e+02 -1.193455e-17 -4.425331e-20
2.705657e+02 -1.054549e-17 -3.897569e-20
2.714441e+02 -9.903654e-18 -3.648506e-20
2.723226e+02 -9.778304e-18 -3.590706e-20
2.732011e+02 -9.958576e-18 -3.645146e-20
2.740795e+02 -1.025946e-17 -3.743243e-20
2.749580e+02 -1.052640e-17 -3.828367e-20
2.758364e+02 -1.063852e-17 -3.856823e-20
2.767149e+02 -1.051053e-17 -3.798325e-20
2.775934e+02 -1.009324e-17 -3.635982e-20
2.784718e+02 -9.372755e-18 -3.365782e-20
2.793503e+02 -8.368266e-18 -2.995617e-20
2.802287e+02 -7.128549e-18 -2.543832e-20
2.811072e+02 -5.727055e-18 -2.037321e-20
2.819857e+02 -4.255670e-18 -1.509180e-20
2.828641e+02 -2.817112e-18 -9.959241e-21
2.837426e+02 -1.515977e-18 -5.342789e-21
2.846210e+02 -4.484266e-19 -1.575522e-21
2.854995e+02 3.094774e-19 1.083986e-21
2.863780e+02 7.147974e-19 2.495993e-21
2.872564e+02 7.720959e-19 2.687828e-21
2.881349e+02 5.491690e-19 1.905944e-21
2.890133e+02 1.941342e-19 6.717136e-22
2.898918e+02 -4.612571e-20 -1.591136e-22
2.908581e+02 1.500927e-19 5.160340e-22
2.918244e+02 -4.077510e-20 -1.397248e-22
2.927907e+02 -4.690448e-19 -1.601980e-21
2.937570e+02 -1.012986e-18 -3.448379e-21
2.947233e+02 -1.576558e-18 -5.349281e-21
2.956896e+02 -2.087152e-18 -7.058591e-21
2.966559e+02 -2.493334e-18 -8.404800e-21
2.976222e+02 -2.762587e-18 -9.282193e-21
2.985886e+02 -2.879063e-18 -9.642240e-21
2.995549e+02 -2.841329e-18 -9.485170e-21
3.005212e+02 -2.660124e-18 -8.851703e-21
3.014875e+02 -2.356113e-18 -7.814961e-21
3.024538e+02 -1.957644e-18 -6.472539e-21
3.034201e+02 -1.498509e-18 -4.938728e-21
3.043864e+02 -1.015710e-18 -3.336911e-21
3.053527e+02 -5.472205e-19 -1.792093e-21
3.063190e+02 -1.297564e-19 -4.235989e-22
3.072853e+02 2.034535e-19 6.620996e-22
3.082516e+02 4.248941e-19 1.378400e-21
3.092179e+02 5.149884e-19 1.665454e-21
3.101842e+02 4.643182e-19 1.496911e-21
3.111505e+02 2.758436e-19 8.865279e-22
3.121168e+02 -3.288089e-20 -1.053480e-22
3.130831e+02 -4.274928e-19 -1.365429e-21
3.140494e+02 -8.546104e-19 -2.721261e-21
3.150158e+02 -1.239624e-18 -3.935117e-21
3.159821e+02 -1.484490e-18 -4.698019e-21
3.169484e+02 -1.465527e-18 -4.623866e-21
3.179147e+02 -1.031216e-18 -3.243687e-21
3.188810e+02 -4.191053e-32
