# 
# Output from EIGENRAD program.
# 
# Eigenfunction for specific electronic state.
# The first column contains radius $r$ in bohr units.
# The second column holds value of eginefunction.
# 
# Use this file with gnuplot to create the plot.
#
0.000000e+00 0.000000e+00 4.264972e-06
2.500000e-01 8.312999e-08 3.325199e-07
5.000000e-01 -7.378983e-07 -1.475797e-06
7.500000e-01 -1.805845e-06 -2.407793e-06
1.000000e+00 -3.636144e-06 -3.636144e-06
1.250000e+00 -7.822823e-06 -6.258258e-06
1.500000e+00 -1.694424e-05 -1.129616e-05
1.750000e+00 -3.446861e-05 -1.969635e-05
2.000000e+00 -6.465942e-05 -3.232971e-05
2.250000e+00 -1.124806e-04 -4.999136e-05
2.500000e+00 -1.835013e-04 -7.340052e-05
2.750000e+00 -2.838012e-04 -1.032004e-04
3.000000e+00 -4.198746e-04 -1.399582e-04
3.250000e+00 -5.985351e-04 -1.841647e-04
3.500000e+00 -8.268200e-04 -2.362343e-04
3.750000e+00 -1.111894e-03 -2.965051e-04
4.000000e+00 -1.460953e-03 -3.652384e-04
4.250000e+00 -1.881130e-03 -4.426188e-04
4.500000e+00 -2.379393e-03 -5.287540e-04
4.750000e+00 -2.962456e-03 -6.236749e-04
5.000000e+00 -3.636675e-03 -7.273350e-04
5.250000e+00 -4.407957e-03 -8.396108e-04
5.500000e+00 -5.281657e-03 -9.603012e-04
5.750000e+00 -6.262485e-03 -1.089128e-03
6.000000e+00 -7.354408e-03 -1.225735e-03
6.250000e+00 -8.560550e-03 -1.369688e-03
6.500000e+00 -9.883093e-03 -1.520476e-03
6.750000e+00 -1.132319e-02 -1.677509e-03
7.000000e+00 -1.288084e-02 -1.840119e-03
7.250000e+00 -1.455482e-02 -2.007561e-03
7.500000e+00 -1.634258e-02 -2.179011e-03
7.750000e+00 -1.824615e-02 -2.354343e-03
8.000000e+00 -2.026051e-02 -2.532564e-03
8.250000e+00 -2.238213e-02 -2.712985e-03
8.500000e+00 -2.460663e-02 -2.894897e-03
8.750000e+00 -2.692881e-02 -3.077579e-03
9.000000e+00 -2.934276e-02 -3.260307e-03
9.250000e+00 -3.184185e-02 -3.442363e-03
9.500000e+00 -3.441885e-02 -3.623037e-03
9.750000e+00 -3.706596e-02 -3.801637e-03
1.000000e+01 -3.977487e-02 -3.977487e-03
1.025000e+01 -4.253682e-02 -4.149934e-03
1.050000e+01 -4.534266e-02 -4.318349e-03
1.075000e+01 -4.818290e-02 -4.482131e-03
1.100000e+01 -5.104778e-02 -4.640707e-03
1.125000e+01 -5.392728e-02 -4.793536e-03
1.150000e+01 -5.681123e-02 -4.940107e-03
1.175000e+01 -5.968932e-02 -5.079943e-03
1.200000e+01 -6.255118e-02 -5.212599e-03
1.225000e+01 -6.538640e-02 -5.337666e-03
1.250000e+01 -6.818461e-02 -5.454769e-03
1.275000e+01 -7.093550e-02 -5.563568e-03
1.300000e+01 -7.362888e-02 -5.663760e-03
1.325000e+01 -7.625476e-02 -5.755076e-03
1.350000e+01 -7.880332e-02 -5.837283e-03
1.375000e+01 -8.126503e-02 -5.910184e-03
1.400000e+01 -8.363066e-02 -5.973619e-03
1.425000e+01 -8.589133e-02 -6.027462e-03
1.450000e+01 -8.803853e-02 -6.071623e-03
1.475000e+01 -9.006420e-02 -6.106048e-03
1.500000e+01 -9.196076e-02 -6.130718e-03
1.525000e+01 -9.372054e-02 -6.145609e-03
1.550000e+01 -9.533697e-02 -6.150772e-03
1.575000e+01 -9.680365e-02 -6.146264e-03
1.600000e+01 -9.811471e-02 -6.132169e-03
1.625000e+01 -9.926478e-02 -6.108602e-03
1.650000e+01 -1.002490e-01 -6.075700e-03
1.675000e+01 -1.010632e-01 -6.033624e-03
1.700000e+01 -1.017035e-01 -5.982560e-03
1.725000e+01 -1.021668e-01 -5.922711e-03
1.750000e+01 -1.024503e-01 -5.854301e-03
1.775000e+01 -1.025519e-01 -5.777569e-03
1.800000e+01 -1.024699e-01 -5.692773e-03
1.825000e+01 -1.022034e-01 -5.600185e-03
1.850000e+01 -1.017516e-01 -5.500088e-03
1.875000e+01 -1.011147e-01 -5.392781e-03
1.900000e+01 -1.002929e-01 -5.278571e-03
1.925000e+01 -9.928718e-02 -5.157775e-03
1.950000e+01 -9.809904e-02 -5.030720e-03
1.975000e+01 -9.673031e-02 -4.897737e-03
2.000000e+01 -9.518335e-02 -4.759167e-03
2.025000e+01 -9.346092e-02 -4.615354e-03
2.050000e+01 -9.156621e-02 -4.466645e-03
2.075000e+01 -8.950284e-02 -4.313390e-03
2.100000e+01 -8.727478e-02 -4.155942e-03
2.125000e+01 -8.488639e-02 -3.994654e-03
2.150000e+01 -8.234235e-02 -3.829877e-03
2.175000e+01 -7.964768e-02 -3.661962e-03
2.200000e+01 -7.680766e-02 -3.491257e-03
2.225000e+01 -7.382787e-02 -3.318106e-03
2.250000e+01 -7.071411e-02 -3.142849e-03
2.275000e+01 -6.747259e-02 -2.965828e-03
2.300000e+01 -6.410963e-02 -2.787375e-03
2.325000e+01 -6.063171e-02 -2.607816e-03
2.350000e+01 -5.704556e-02 -2.427470e-03
2.375000e+01 -5.335802e-02 -2.246653e-03
2.400000e+01 -4.957610e-02 -2.065671e-03
2.425000e+01 -4.570692e-02 -1.884821e-03
2.450000e+01 -4.175771e-02 -1.704396e-03
2.475000e+01 -3.773577e-02 -1.524677e-03
2.500000e+01 -3.364846e-02 -1.345939e-03
2.525000e+01 -2.950321e-02 -1.168444e-03
2.550000e+01 -2.530743e-02 -9.924481e-04
2.575000e+01 -2.106856e-02 -8.181967e-04
2.600000e+01 -1.679406e-02 -6.459252e-04
2.625000e+01 -1.249130e-02 -4.758592e-04
2.650000e+01 -8.167674e-03 -3.082141e-04
2.675000e+01 -3.830479e-03 -1.431955e-04
2.700000e+01 5.130431e-04 1.900160e-05
2.725000e+01 4.855735e-03 1.781921e-04
2.750000e+01 9.190536e-03 3.342013e-04
2.775000e+01 1.351050e-02 4.868648e-04
2.800000e+01 1.780879e-02 6.360281e-04
2.825000e+01 2.207871e-02 7.815473e-04
2.850000e+01 2.631371e-02 9.232881e-04
2.875000e+01 3.050739e-02 1.061127e-03
2.900000e+01 3.465350e-02 1.194948e-03
2.925000e+01 3.874599e-02 1.324649e-03
2.950000e+01 4.277896e-02 1.450134e-03
2.975000e+01 4.674671e-02 1.571318e-03
3.000000e+01 5.064373e-02 1.688124e-03
3.025000e+01 5.446469e-02 1.800486e-03
3.050000e+01 5.820451e-02 1.908345e-03
3.075000e+01 6.185827e-02 2.011651e-03
3.100000e+01 6.542127e-02 2.110364e-03
3.125000e+01 6.888904e-02 2.204449e-03
3.150000e+01 7.225731e-02 2.293883e-03
3.175000e+01 7.552206e-02 2.378647e-03
3.200000e+01 7.867946e-02 2.458733e-03
3.225000e+01 8.172594e-02 2.534138e-03
3.250000e+01 8.465812e-02 2.604865e-03
3.275000e+01 8.747287e-02 2.670927e-03
3.300000e+01 9.016726e-02 2.732341e-03
3.325000e+01 9.273863e-02 2.789132e-03
3.350000e+01 9.518448e-02 2.841328e-03
3.375000e+01 9.750259e-02 2.888966e-03
3.400000e+01 9.969092e-02 2.932086e-03
3.425000e+01 1.017477e-01 2.970735e-03
3.450000e+01 1.036712e-01 3.004964e-03
3.475000e+01 1.054603e-01 3.034828e-03
3.500000e+01 1.071136e-01 3.060388e-03
3.525000e+01 1.086302e-01 3.081709e-03
3.550000e+01 1.100095e-01 3.098858e-03
3.575000e+01 1.112507e-01 3.111908e-03
3.600000e+01 1.123536e-01 3.120935e-03
3.625000e+01 1.133181e-01 3.126016e-03
3.650000e+01 1.141440e-01 3.127233e-03
3.675000e+01 1.148317e-01 3.124671e-03
3.700000e+01 1.153814e-01 3.118417e-03
3.725000e+01 1.157938e-01 3.108559e-03
3.750000e+01 1.160696e-01 3.095189e-03
3.775000e+01 1.162096e-01 3.078400e-03
3.800000e+01 1.162149e-01 3.058286e-03
3.825000e+01 1.160866e-01 3.034944e-03
3.850000e+01 1.158261e-01 3.008471e-03
3.875000e+01 1.154349e-01 2.978965e-03
3.900000e+01 1.149146e-01 2.946527e-03
3.925000e+01 1.142668e-01 2.911256e-03
3.950000e+01 1.134935e-01 2.873254e-03
3.975000e+01 1.125967e-01 2.832620e-03
4.000000e+01 1.115783e-01 2.789458e-03
4.025000e+01 1.104406e-01 2.743867e-03
4.050000e+01 1.091860e-01 2.695950e-03
4.075000e+01 1.078167e-01 2.645809e-03
4.100000e+01 1.063353e-01 2.593543e-03
4.125000e+01 1.047442e-01 2.539254e-03
4.150000e+01 1.030462e-01 2.483041e-03
4.175000e+01 1.012439e-01 2.425005e-03
4.200000e+01 9.934018e-02 2.365242e-03
4.225000e+01 9.733774e-02 2.303852e-03
4.250000e+01 9.523954e-02 2.240930e-03
4.275000e+01 9.304849e-02 2.176573e-03
4.300000e+01 9.076759e-02 2.110874e-03
4.325000e+01 8.839986e-02 2.043927e-03
4.350000e+01 8.594837e-02 1.975825e-03
4.375000e+01 8.341619e-02 1.906656e-03
4.400000e+01 8.080646e-02 1.836510e-03
4.425000e+01 7.812230e-02 1.765476e-03
4.450000e+01 7.536688e-02 1.693638e-03
4.475000e+01 7.254336e-02 1.621081e-03
4.500000e+01 6.965492e-02 1.547887e-03
4.550000e+01 6.369618e-02 1.399916e-03
4.600000e+01 5.751571e-02 1.250342e-03
4.650000e+01 5.113904e-02 1.099764e-03
4.700000e+01 4.459136e-02 9.487524e-04
4.750000e+01 3.789753e-02 7.978427e-04
4.800000e+01 3.108193e-02 6.475402e-04
4.850000e+01 2.416842e-02 4.983179e-04
4.900000e+01 1.718026e-02 3.506176e-04
4.950000e+01 1.014007e-02 2.048499e-04
5.000000e+01 3.069732e-03 6.139464e-05
5.050000e+01 -4.009631e-03 -7.939863e-05
5.100000e+01 -1.107771e-02 -2.172100e-04
5.150000e+01 -1.811505e-02 -3.517486e-04
5.200000e+01 -2.510309e-02 -4.827518e-04
5.250000e+01 -3.202420e-02 -6.099848e-04
5.300000e+01 -3.886168e-02 -7.332392e-04
5.350000e+01 -4.559980e-02 -8.523327e-04
5.400000e+01 -5.222382e-02 -9.671077e-04
5.450000e+01 -5.871998e-02 -1.077431e-03
5.500000e+01 -6.507551e-02 -1.183191e-03
5.550000e+01 -7.127864e-02 -1.284300e-03
5.600000e+01 -7.731858e-02 -1.380689e-03
5.650000e+01 -8.318550e-02 -1.472310e-03
5.700000e+01 -8.887053e-02 -1.559132e-03
5.750000e+01 -9.436572e-02 -1.641143e-03
5.800000e+01 -9.966401e-02 -1.718345e-03
5.850000e+01 -1.047592e-01 -1.790756e-03
5.900000e+01 -1.096460e-01 -1.858407e-03
5.950000e+01 -1.143197e-01 -1.921340e-03
6.000000e+01 -1.187766e-01 -1.979609e-03
6.050000e+01 -1.230139e-01 -2.033288e-03
6.100000e+01 -1.270296e-01 -2.082452e-03
6.150000e+01 -1.308220e-01 -2.127187e-03
6.200000e+01 -1.343903e-01 -2.167586e-03
6.250000e+01 -1.377345e-01 -2.203752e-03
6.300000e+01 -1.408548e-01 -2.235791e-03
6.350000e+01 -1.437524e-01 -2.263818e-03
6.400000e+01 -1.464288e-01 -2.287950e-03
6.450000e+01 -1.488861e-01 -2.308311e-03
6.500000e+01 -1.511267e-01 -2.325027e-03
6.550000e+01 -1.531537e-01 -2.338225e-03
6.600000e+01 -1.549705e-01 -2.348037e-03
6.650000e+01 -1.565807e-01 -2.354596e-03
6.700000e+01 -1.579884e-01 -2.358035e-03
6.750000e+01 -1.591980e-01 -2.358489e-03
6.800000e+01 -1.602142e-01 -2.356091e-03
6.850000e+01 -1.610418e-01 -2.350976e-03
6.900000e+01 -1.616861e-01 -2.343277e-03
6.950000e+01 -1.621523e-01 -2.333126e-03
7.000000e+01 -1.624459e-01 -2.320655e-03
7.050000e+01 -1.625725e-01 -2.305993e-03
7.100000e+01 -1.625380e-01 -2.289268e-03
7.150000e+01 -1.623482e-01 -2.270604e-03
7.200000e+01 -1.620089e-01 -2.250124e-03
7.250000e+01 -1.615263e-01 -2.227949e-03
7.300000e+01 -1.609063e-01 -2.204195e-03
7.350000e+01 -1.601549e-01 -2.178978e-03
7.400000e+01 -1.592782e-01 -2.152408e-03
7.450000e+01 -1.582821e-01 -2.124593e-03
7.500000e+01 -1.571728e-01 -2.095637e-03
7.550000e+01 -1.559560e-01 -2.065643e-03
7.600000e+01 -1.546378e-01 -2.034708e-03
7.650000e+01 -1.532239e-01 -2.002926e-03
7.700000e+01 -1.517200e-01 -1.970389e-03
7.750000e+01 -1.501318e-01 -1.937185e-03
7.800000e+01 -1.484649e-01 -1.903396e-03
7.850000e+01 -1.467246e-01 -1.869103e-03
7.900000e+01 -1.449163e-01 -1.834384e-03
7.950000e+01 -1.430452e-01 -1.799311e-03
8.000000e+01 -1.411163e-01 -1.763954e-03
8.050000e+01 -1.391347e-01 -1.728381e-03
8.100000e+01 -1.371049e-01 -1.692653e-03
8.150000e+01 -1.350318e-01 -1.656832e-03
8.200000e+01 -1.329199e-01 -1.620974e-03
8.250000e+01 -1.307734e-01 -1.585132e-03
8.300000e+01 -1.285966e-01 -1.549357e-03
8.350000e+01 -1.263936e-01 -1.513696e-03
8.400000e+01 -1.241683e-01 -1.478194e-03
8.450000e+01 -1.219245e-01 -1.442893e-03
8.500000e+01 -1.196657e-01 -1.407832e-03
8.550000e+01 -1.173954e-01 -1.373046e-03
8.600000e+01 -1.151170e-01 -1.338569e-03
8.650000e+01 -1.128335e-01 -1.304433e-03
8.700000e+01 -1.105480e-01 -1.270667e-03
8.750000e+01 -1.082634e-01 -1.237296e-03
8.800000e+01 -1.059823e-01 -1.204345e-03
8.850000e+01 -1.037074e-01 -1.171835e-03
8.900000e+01 -1.014411e-01 -1.139788e-03
8.950000e+01 -9.918572e-02 -1.108220e-03
9.000000e+01 -9.694343e-02 -1.077149e-03
9.100000e+01 -9.250614e-02 -1.016551e-03
9.200000e+01 -8.814396e-02 -9.580866e-04
9.300000e+01 -8.386988e-02 -9.018267e-04
9.400000e+01 -7.969501e-02 -8.478192e-04
9.500000e+01 -7.562875e-02 -7.960921e-04
9.600000e+01 -7.167891e-02 -7.466553e-04
9.700000e+01 -6.785182e-02 -6.995033e-04
9.800000e+01 -6.415246e-02 -6.546170e-04
9.900000e+01 -6.058461e-02 -6.119658e-04
1.000000e+02 -5.715089e-02 -5.715089e-04
1.010000e+02 -5.385293e-02 -5.331974e-04
1.020000e+02 -5.069146e-02 -4.969751e-04
1.030000e+02 -4.766635e-02 -4.627801e-04
1.040000e+02 -4.477680e-02 -4.305461e-04
1.050000e+02 -4.202132e-02 -4.002031e-04
1.060000e+02 -3.939791e-02 -3.716784e-04
1.070000e+02 -3.690406e-02 -3.448977e-04
1.080000e+02 -3.453684e-02 -3.197856e-04
1.090000e+02 -3.229301e-02 -2.962661e-04
1.100000e+02 -3.016901e-02 -2.742637e-04
1.110000e+02 -2.816108e-02 -2.537034e-04
1.120000e+02 -2.626526e-02 -2.345113e-04
1.130000e+02 -2.447749e-02 -2.166149e-04
1.140000e+02 -2.279358e-02 -1.999437e-04
1.150000e+02 -2.120932e-02 -1.844288e-04
1.160000e+02 -1.972046e-02 -1.700039e-04
1.170000e+02 -1.832275e-02 -1.566047e-04
1.180000e+02 -1.701198e-02 -1.441693e-04
1.190000e+02 -1.578396e-02 -1.326383e-04
1.200000e+02 -1.463456e-02 -1.219547e-04
1.210000e+02 -1.355977e-02 -1.120642e-04
1.220000e+02 -1.255574e-02 -1.029159e-04
1.230000e+02 -1.161861e-02 -9.446025e-05
1.240000e+02 -1.074467e-02 -8.665059e-05
1.250000e+02 -9.930345e-03 -7.944276e-05
1.260000e+02 -9.172182e-03 -7.279509e-05
1.270000e+02 -8.466880e-03 -6.666835e-05
1.280000e+02 -7.811274e-03 -6.102557e-05
1.290000e+02 -7.202331e-03 -5.583202e-05
1.300000e+02 -6.637156e-03 -5.105505e-05
1.310000e+02 -6.112991e-03 -4.666405e-05
1.320000e+02 -5.627205e-03 -4.263034e-05
1.330000e+02 -5.177301e-03 -3.892707e-05
1.340000e+02 -4.760909e-03 -3.552917e-05
1.350000e+02 -4.375786e-03 -3.241323e-05
1.360000e+02 -4.019810e-03 -2.955743e-05
1.370000e+02 -3.690980e-03 -2.694146e-05
1.380000e+02 -3.387410e-03 -2.454645e-05
1.390000e+02 -3.107326e-03 -2.235486e-05
1.400000e+02 -2.849064e-03 -2.035046e-05
1.410000e+02 -2.611062e-03 -1.851817e-05
1.420000e+02 -2.391859e-03 -1.684408e-05
1.430000e+02 -2.190087e-03 -1.531529e-05
1.440000e+02 -2.004466e-03 -1.391990e-05
1.450000e+02 -1.833800e-03 -1.264690e-05
1.460000e+02 -1.676972e-03 -1.148611e-05
1.470000e+02 -1.532934e-03 -1.042812e-05
1.480000e+02 -1.400704e-03 -9.464216e-06
1.490000e+02 -1.279357e-03 -8.586291e-06
1.500000e+02 -1.168020e-03 -7.786802e-06
1.510000e+02 -1.065985e-03 -7.059506e-06
1.520000e+02 -9.724883e-04 -6.397949e-06
1.530000e+02 -8.868559e-04 -5.796444e-06
1.540000e+02 -8.084635e-04 -5.249763e-06
1.550000e+02 -7.367315e-04 -4.753107e-06
1.560000e+02 -6.711231e-04 -4.302071e-06
1.570000e+02 -6.111411e-04 -3.892618e-06
1.580000e+02 -5.563259e-04 -3.521050e-06
1.590000e+02 -5.062530e-04 -3.183981e-06
1.600000e+02 -4.605302e-04 -2.878314e-06
1.610000e+02 -4.187963e-04 -2.601219e-06
1.620000e+02 -3.807180e-04 -2.350111e-06
1.630000e+02 -3.459884e-04 -2.122628e-06
1.640000e+02 -3.143254e-04 -1.916618e-06
1.650000e+02 -2.854690e-04 -1.730115e-06
1.660000e+02 -2.591805e-04 -1.561328e-06
1.670000e+02 -2.352404e-04 -1.408625e-06
1.680000e+02 -2.134471e-04 -1.270518e-06
1.690000e+02 -1.936153e-04 -1.145652e-06
1.700000e+02 -1.755748e-04 -1.032793e-06
1.710000e+02 -1.591696e-04 -9.308165e-07
1.720000e+02 -1.442563e-04 -8.386994e-07
1.730000e+02 -1.307034e-04 -7.555112e-07
1.740000e+02 -1.183905e-04 -6.804052e-07
1.750000e+02 -1.072072e-04 -6.126127e-07
1.760000e+02 -9.705277e-05 -5.514362e-07
1.770000e+02 -8.783528e-05 -4.962445e-07
1.780000e+02 -7.947130e-05 -4.464680e-07
1.790000e+02 -7.188546e-05 -4.015947e-07
1.800000e+02 -6.501019e-05 -3.611677e-07
1.806000e+02 -6.119605e-05 -3.388485e-07
1.812000e+02 -5.760037e-05 -3.178828e-07
1.818000e+02 -5.421102e-05 -2.981904e-07
1.824000e+02 -5.101650e-05 -2.796957e-07
1.830000e+02 -4.800593e-05 -2.623275e-07
1.836000e+02 -4.516900e-05 -2.460185e-07
1.842000e+02 -4.249598e-05 -2.307056e-07
1.848000e+02 -3.997764e-05 -2.163292e-07
1.854000e+02 -3.760526e-05 -2.028331e-07
1.860000e+02 -3.537061e-05 -1.901645e-07
1.866000e+02 -3.326588e-05 -1.782738e-07
1.872000e+02 -3.128373e-05 -1.671139e-07
1.878000e+02 -2.941718e-05 -1.566410e-07
1.884000e+02 -2.765967e-05 -1.468136e-07
1.890000e+02 -2.600499e-05 -1.375926e-07
1.896000e+02 -2.444727e-05 -1.289413e-07
1.902000e+02 -2.298097e-05 -1.208253e-07
1.908000e+02 -2.160085e-05 -1.132120e-07
1.914000e+02 -2.030198e-05 -1.060709e-07
1.920000e+02 -1.907967e-05 -9.937330e-08
1.926000e+02 -1.792953e-05 -9.309206e-08
1.932000e+02 -1.684739e-05 -8.720179e-08
1.938000e+02 -1.582931e-05 -8.167856e-08
1.944000e+02 -1.487158e-05 -7.649990e-08
1.950000e+02 -1.397071e-05 -7.164464e-08
1.956000e+02 -1.312338e-05 -6.709294e-08
1.962000e+02 -1.232649e-05 -6.282613e-08
1.968000e+02 -1.157710e-05 -5.882671e-08
1.974000e+02 -1.087245e-05 -5.507825e-08
1.980000e+02 -1.020995e-05 -5.156540e-08
1.986600e+02 -9.526897e-06 -4.795579e-08
1.993200e+02 -8.888730e-06 -4.459527e-08
1.999800e+02 -8.292567e-06 -4.146698e-08
2.006400e+02 -7.735704e-06 -3.855515e-08
2.013000e+02 -7.215606e-06 -3.584504e-08
2.019600e+02 -6.729893e-06 -3.332290e-08
2.026200e+02 -6.276335e-06 -3.097589e-08
2.032800e+02 -5.852843e-06 -2.879203e-08
2.039400e+02 -5.457461e-06 -2.676013e-08
2.046000e+02 -5.088356e-06 -2.486978e-08
2.052600e+02 -4.743814e-06 -2.311124e-08
2.059200e+02 -4.422229e-06 -2.147547e-08
2.065800e+02 -4.122099e-06 -1.995401e-08
2.072400e+02 -3.842019e-06 -1.853899e-08
2.079000e+02 -3.580675e-06 -1.722307e-08
2.085600e+02 -3.336836e-06 -1.599941e-08
2.092200e+02 -3.109352e-06 -1.486164e-08
2.098800e+02 -2.897146e-06 -1.380382e-08
2.105400e+02 -2.699210e-06 -1.282041e-08
2.112000e+02 -2.514600e-06 -1.190625e-08
2.118600e+02 -2.342436e-06 -1.105653e-08
2.125200e+02 -2.181891e-06 -1.026676e-08
2.131800e+02 -2.032193e-06 -9.532755e-09
2.138400e+02 -1.892618e-06 -8.850629e-09
2.145000e+02 -1.762493e-06 -8.216750e-09
2.151600e+02 -1.641185e-06 -7.627744e-09
2.158200e+02 -1.528108e-06 -7.080473e-09
2.164800e+02 -1.422712e-06 -6.572025e-09
2.171400e+02 -1.324490e-06 -6.099705e-09
2.178000e+02 -1.232971e-06 -5.661023e-09
2.185260e+02 -1.139484e-06 -5.214410e-09
2.192520e+02 -1.052989e-06 -4.802642e-09
2.199780e+02 -9.729726e-07 -4.423045e-09
2.207040e+02 -8.989587e-07 -4.073142e-09
2.214300e+02 -8.305044e-07 -3.750641e-09
2.221560e+02 -7.671983e-07 -3.453421e-09
2.228820e+02 -7.086585e-07 -3.179523e-09
2.236080e+02 -6.545309e-07 -2.927135e-09
2.243340e+02 -6.044870e-07 -2.694585e-09
2.250600e+02 -5.582226e-07 -2.480328e-09
2.257860e+02 -5.154559e-07 -2.282940e-09
2.265120e+02 -4.759257e-07 -2.101106e-09
2.272380e+02 -4.393903e-07 -1.933613e-09
2.279640e+02 -4.056260e-07 -1.779342e-09
2.286900e+02 -3.744256e-07 -1.637263e-09
2.294160e+02 -3.455973e-07 -1.506422e-09
2.301420e+02 -3.189634e-07 -1.385942e-09
2.308680e+02 -2.943593e-07 -1.275011e-09
2.315940e+02 -2.716325e-07 -1.172882e-09
2.323200e+02 -2.506417e-07 -1.078864e-09
2.330460e+02 -2.312559e-07 -9.923188e-10
2.337720e+02 -2.133538e-07 -9.126575e-10
2.344980e+02 -1.968227e-07 -8.393363e-10
2.352240e+02 -1.815585e-07 -7.718535e-10
2.359500e+02 -1.674646e-07 -7.097463e-10
2.366760e+02 -1.544522e-07 -6.525891e-10
2.374020e+02 -1.424390e-07 -5.999907e-10
2.381280e+02 -1.313498e-07 -5.515932e-10
2.388540e+02 -1.211158e-07 -5.070706e-10
2.395800e+02 -1.116749e-07 -4.661277e-10
2.403786e+02 -1.021271e-07 -4.248595e-10
2.411772e+02 -9.338672e-08 -3.872120e-10
2.419758e+02 -8.538668e-08 -3.528728e-10
2.427744e+02 -7.806532e-08 -3.215550e-10
2.435730e+02 -7.136586e-08 -2.929958e-10
2.443716e+02 -6.523609e-08 -2.669545e-10
2.451702e+02 -5.962804e-08 -2.432108e-10
2.459688e+02 -5.449769e-08 -2.215634e-10
2.467674e+02 -4.980469e-08 -2.018285e-10
2.475660e+02 -4.551204e-08 -1.838380e-10
2.483646e+02 -4.158587e-08 -1.674388e-10
2.491632e+02 -3.799516e-08 -1.524911e-10
2.499618e+02 -3.471153e-08 -1.388673e-10
2.507604e+02 -3.170899e-08 -1.264513e-10
2.515590e+02 -2.896376e-08 -1.151370e-10
2.523576e+02 -2.645406e-08 -1.048277e-10
2.531562e+02 -2.415996e-08 -9.543499e-11
2.539548e+02 -2.206317e-08 -8.687835e-11
2.547534e+02 -2.014695e-08 -7.908411e-11
2.555520e+02 -1.839590e-08 -7.198496e-11
2.563506e+02 -1.679593e-08 -6.551937e-11
2.571492e+02 -1.533408e-08 -5.963106e-11
2.579478e+02 -1.399846e-08 -5.426857e-11
2.587464e+02 -1.277817e-08 -4.938491e-11
2.595450e+02 -1.166324e-08 -4.493725e-11
2.603436e+02 -1.064457e-08 -4.088661e-11
2.611422e+02 -9.713907e-09 -3.719777e-11
2.619408e+02 -8.863824e-09 -3.383903e-11
2.627394e+02 -8.087704e-09 -3.078223e-11
2.635380e+02 -7.379761e-09 -2.800264e-11
2.644165e+02 -6.671423e-09 -2.523074e-11
2.652949e+02 -6.030439e-09 -2.273107e-11
2.661734e+02 -5.450532e-09 -2.047738e-11
2.670518e+02 -4.925979e-09 -1.844578e-11
2.679303e+02 -4.451561e-09 -1.661462e-11
2.688088e+02 -4.022534e-09 -1.496430e-11
2.696872e+02 -3.634584e-09 -1.347703e-11
2.705657e+02 -3.283799e-09 -1.213679e-11
2.714441e+02 -2.966634e-09 -1.092908e-11
2.723226e+02 -2.679879e-09 -9.840824e-12
2.732011e+02 -2.420630e-09 -8.860251e-12
2.740795e+02 -2.186262e-09 -7.976745e-12
2.749580e+02 -1.974404e-09 -7.180748e-12
2.758364e+02 -1.782911e-09 -6.463652e-12
2.767149e+02 -1.609845e-09 -5.817704e-12
2.775934e+02 -1.453456e-09 -5.235917e-12
2.784718e+02 -1.312156e-09 -4.711989e-12
2.793503e+02 -1.184510e-09 -4.240232e-12
2.802287e+02 -1.069214e-09 -3.815505e-12
2.811072e+02 -9.650865e-10 -3.433162e-12
2.819857e+02 -8.710517e-10 -3.088993e-12
2.828641e+02 -7.861326e-10 -2.779188e-12
2.837426e+02 -7.094412e-10 -2.500299e-12
2.846210e+02 -6.401716e-10 -2.249207e-12
2.854995e+02 -5.775953e-10 -2.023105e-12
2.863780e+02 -5.210577e-10 -1.819476e-12
2.872564e+02 -4.699765e-10 -1.636087e-12
2.881349e+02 -4.238416e-10 -1.470983e-12
2.890133e+02 -3.822175e-10 -1.322491e-12
2.898918e+02 -3.447466e-10 -1.189225e-12
2.908581e+02 -3.076578e-10 -1.057759e-12
2.918244e+02 -2.745057e-10 -9.406535e-13
2.927907e+02 -2.448802e-10 -8.363659e-13
2.937570e+02 -2.184106e-10 -7.435075e-13
2.947233e+02 -1.947622e-10 -6.608307e-13
2.956896e+02 -1.736339e-10 -5.872168e-13
2.966559e+02 -1.547550e-10 -5.216648e-13
2.976222e+02 -1.378824e-10 -4.632799e-13
2.985886e+02 -1.227986e-10 -4.112637e-13
2.995549e+02 -1.093090e-10 -3.649048e-13
3.005212e+02 -9.723944e-11 -3.235693e-13
3.014875e+02 -8.643447e-11 -2.866934e-13
3.024538e+02 -7.675515e-11 -2.537748e-13
3.034201e+02 -6.807727e-11 -2.243664e-13
3.043864e+02 -6.028962e-11 -1.980694e-13
3.053527e+02 -5.329244e-11 -1.745275e-13
3.063190e+02 -4.699598e-11 -1.534217e-13
3.072853e+02 -4.131921e-11 -1.344653e-13
3.082516e+02 -3.618867e-11 -1.173998e-13
3.092179e+02 -3.153746e-11 -1.019910e-13
3.101842e+02 -2.730432e-11 -8.802615e-14
3.111505e+02 -2.343295e-11 -7.531064e-14
3.121168e+02 -1.987133e-11 -6.366633e-14
3.130831e+02 -1.657133e-11 -5.292950e-14
3.140494e+02 -1.348833e-11 -4.294969e-14
3.150158e+02 -1.058101e-11 -3.358884e-14
3.159821e+02 -7.811369e-12 -2.472093e-14
3.169484e+02 -5.144728e-12 -1.623207e-14
3.179147e+02 -2.549993e-12 -8.020997e-15
3.188810e+02 -7.600718e-26
