# 
# Output from EIGENRAD program.
# 
# Eigenfunction for specific electronic state.
# The first column contains radius $r$ in bohr units.
# The second column holds value of eginefunction.
# 
# Use this file with gnuplot to create the plot.
#
0.000000e+00 0.000000e+00 3.896182e-06
2.500000e-01 7.647731e-08 3.059092e-07
5.000000e-01 -6.725249e-07 -1.345050e-06
7.500000e-01 -1.641280e-06 -2.188374e-06
1.000000e+00 -3.285553e-06 -3.285553e-06
1.250000e+00 -7.034830e-06 -5.627864e-06
1.500000e+00 -1.520452e-05 -1.013635e-05
1.750000e+00 -3.090813e-05 -1.766179e-05
2.000000e+00 -5.796935e-05 -2.898467e-05
2.250000e+00 -1.008342e-04 -4.481520e-05
2.500000e+00 -1.644830e-04 -6.579321e-05
2.750000e+00 -2.543426e-04 -9.248820e-05
3.000000e+00 -3.761979e-04 -1.253993e-04
3.250000e+00 -5.361044e-04 -1.649552e-04
3.500000e+00 -7.402998e-04 -2.115142e-04
3.750000e+00 -9.951156e-04 -2.653641e-04
4.000000e+00 -1.306889e-03 -3.267224e-04
4.250000e+00 -1.681877e-03 -3.957357e-04
4.500000e+00 -2.126162e-03 -4.724805e-04
4.750000e+00 -2.645572e-03 -5.569625e-04
5.000000e+00 -3.245585e-03 -6.491170e-04
5.250000e+00 -3.931245e-03 -7.488085e-04
5.500000e+00 -4.707071e-03 -8.558310e-04
5.750000e+00 -5.576971e-03 -9.699080e-04
6.000000e+00 -6.544152e-03 -1.090692e-03
6.250000e+00 -7.611031e-03 -1.217765e-03
6.500000e+00 -8.779148e-03 -1.350638e-03
6.750000e+00 -1.004908e-02 -1.488752e-03
7.000000e+00 -1.142034e-02 -1.631477e-03
7.250000e+00 -1.289131e-02 -1.778111e-03
7.500000e+00 -1.445912e-02 -1.927883e-03
7.750000e+00 -1.612517e-02 -2.080667e-03
8.000000e+00 -1.788428e-02 -2.235535e-03
8.250000e+00 -1.973273e-02 -2.391846e-03
8.500000e+00 -2.166600e-02 -2.548941e-03
8.750000e+00 -2.367883e-02 -2.706151e-03
9.000000e+00 -2.576528e-02 -2.862809e-03
9.250000e+00 -2.791882e-02 -3.018251e-03
9.500000e+00 -3.013234e-02 -3.171825e-03
9.750000e+00 -3.239825e-02 -3.322897e-03
1.000000e+01 -3.470851e-02 -3.470851e-03
1.025000e+01 -3.705470e-02 -3.615093e-03
1.050000e+01 -3.942807e-02 -3.755054e-03
1.075000e+01 -4.181959e-02 -3.890195e-03
1.100000e+01 -4.422002e-02 -4.020001e-03
1.125000e+01 -4.661992e-02 -4.143993e-03
1.150000e+01 -4.900977e-02 -4.261719e-03
1.175000e+01 -5.137996e-02 -4.372762e-03
1.200000e+01 -5.372085e-02 -4.476737e-03
1.225000e+01 -5.602285e-02 -4.573294e-03
1.250000e+01 -5.827643e-02 -4.662114e-03
1.275000e+01 -6.047220e-02 -4.742918e-03
1.300000e+01 -6.260092e-02 -4.815455e-03
1.325000e+01 -6.465357e-02 -4.879515e-03
1.350000e+01 -6.662139e-02 -4.934918e-03
1.375000e+01 -6.849591e-02 -4.981521e-03
1.400000e+01 -7.026902e-02 -5.019216e-03
1.425000e+01 -7.193297e-02 -5.047928e-03
1.450000e+01 -7.348045e-02 -5.067617e-03
1.475000e+01 -7.490459e-02 -5.078277e-03
1.500000e+01 -7.619904e-02 -5.079936e-03
1.525000e+01 -7.735740e-02 -5.072617e-03
1.550000e+01 -7.837440e-02 -5.056413e-03
1.575000e+01 -7.924493e-02 -5.031424e-03
1.600000e+01 -7.996442e-02 -4.997776e-03
1.625000e+01 -8.052887e-02 -4.955623e-03
1.650000e+01 -8.093478e-02 -4.905138e-03
1.675000e+01 -8.117924e-02 -4.846522e-03
1.700000e+01 -8.125984e-02 -4.779990e-03
1.725000e+01 -8.117473e-02 -4.705781e-03
1.750000e+01 -8.092260e-02 -4.624149e-03
1.775000e+01 -8.050266e-02 -4.535361e-03
1.800000e+01 -7.991467e-02 -4.439704e-03
1.825000e+01 -7.915887e-02 -4.337472e-03
1.850000e+01 -7.823603e-02 -4.228975e-03
1.875000e+01 -7.714744e-02 -4.114530e-03
1.900000e+01 -7.589483e-02 -3.994465e-03
1.925000e+01 -7.448044e-02 -3.869114e-03
1.950000e+01 -7.290697e-02 -3.738819e-03
1.975000e+01 -7.117755e-02 -3.603926e-03
2.000000e+01 -6.929573e-02 -3.464787e-03
2.025000e+01 -6.726551e-02 -3.321754e-03
2.050000e+01 -6.509124e-02 -3.175182e-03
2.075000e+01 -6.277766e-02 -3.025429e-03
2.100000e+01 -6.032985e-02 -2.872850e-03
2.125000e+01 -5.775322e-02 -2.717799e-03
2.150000e+01 -5.505349e-02 -2.560627e-03
2.175000e+01 -5.223663e-02 -2.401684e-03
2.200000e+01 -4.930888e-02 -2.241313e-03
2.225000e+01 -4.627668e-02 -2.079851e-03
2.250000e+01 -4.314667e-02 -1.917630e-03
2.275000e+01 -3.992587e-02 -1.754983e-03
2.300000e+01 -3.662130e-02 -1.592230e-03
2.325000e+01 -3.324015e-02 -1.429684e-03
2.350000e+01 -2.978974e-02 -1.267648e-03
2.375000e+01 -2.627749e-02 -1.106421e-03
2.400000e+01 -2.271093e-02 -9.462889e-04
2.425000e+01 -1.909762e-02 -7.875308e-04
2.450000e+01 -1.544517e-02 -6.304153e-04
2.475000e+01 -1.176122e-02 -4.752007e-04
2.500000e+01 -8.053377e-03 -3.221351e-04
2.525000e+01 -4.329262e-03 -1.714559e-04
2.550000e+01 -5.964400e-04 -2.338980e-05
2.575000e+01 3.137580e-03 1.218478e-04
2.600000e+01 6.865361e-03 2.640523e-04
2.625000e+01 1.057956e-02 4.030308e-04
2.650000e+01 1.427293e-02 5.386013e-04
2.675000e+01 1.793837e-02 6.705932e-04
2.700000e+01 2.156888e-02 7.988475e-04
2.725000e+01 2.515764e-02 9.232163e-04
2.750000e+01 2.869798e-02 1.043563e-03
2.775000e+01 3.218340e-02 1.159762e-03
2.800000e+01 3.560758e-02 1.271699e-03
2.825000e+01 3.896442e-02 1.379271e-03
2.850000e+01 4.224800e-02 1.482386e-03
2.875000e+01 4.545263e-02 1.580961e-03
2.900000e+01 4.857284e-02 1.674925e-03
2.925000e+01 5.160339e-02 1.764218e-03
2.950000e+01 5.453928e-02 1.848789e-03
2.975000e+01 5.737575e-02 1.928597e-03
3.000000e+01 6.010830e-02 2.003610e-03
3.025000e+01 6.273265e-02 2.073807e-03
3.050000e+01 6.524482e-02 2.139175e-03
3.075000e+01 6.764107e-02 2.199710e-03
3.100000e+01 6.991790e-02 2.255416e-03
3.125000e+01 7.207210e-02 2.306307e-03
3.150000e+01 7.410071e-02 2.352403e-03
3.175000e+01 7.600105e-02 2.393734e-03
3.200000e+01 7.777070e-02 2.430334e-03
3.225000e+01 7.940751e-02 2.462248e-03
3.250000e+01 8.090959e-02 2.489526e-03
3.275000e+01 8.227530e-02 2.512223e-03
3.300000e+01 8.350328e-02 2.530402e-03
3.325000e+01 8.459241e-02 2.544133e-03
3.350000e+01 8.554183e-02 2.553487e-03
3.375000e+01 8.635093e-02 2.558546e-03
3.400000e+01 8.701934e-02 2.559392e-03
3.425000e+01 8.754695e-02 2.556115e-03
3.450000e+01 8.793386e-02 2.548807e-03
3.475000e+01 8.818042e-02 2.537566e-03
3.500000e+01 8.828721e-02 2.522492e-03
3.525000e+01 8.825501e-02 2.503688e-03
3.550000e+01 8.808485e-02 2.481263e-03
3.575000e+01 8.777794e-02 2.455327e-03
3.600000e+01 8.733571e-02 2.425992e-03
3.625000e+01 8.675977e-02 2.393373e-03
3.650000e+01 8.605194e-02 2.357587e-03
3.675000e+01 8.521419e-02 2.318754e-03
3.700000e+01 8.424870e-02 2.276992e-03
3.725000e+01 8.315778e-02 2.232424e-03
3.750000e+01 8.194391e-02 2.185171e-03
3.775000e+01 8.060977e-02 2.135358e-03
3.800000e+01 7.915814e-02 2.083109e-03
3.825000e+01 7.759194e-02 2.028547e-03
3.850000e+01 7.591423e-02 1.971798e-03
3.875000e+01 7.412819e-02 1.912986e-03
3.900000e+01 7.223711e-02 1.852234e-03
3.925000e+01 7.024440e-02 1.789666e-03
3.950000e+01 6.815357e-02 1.725407e-03
3.975000e+01 6.596819e-02 1.659577e-03
4.000000e+01 6.369197e-02 1.592299e-03
4.025000e+01 6.132865e-02 1.523693e-03
4.050000e+01 5.888206e-02 1.453878e-03
4.075000e+01 5.635610e-02 1.382972e-03
4.100000e+01 5.375470e-02 1.311090e-03
4.125000e+01 5.108186e-02 1.238348e-03
4.150000e+01 4.834162e-02 1.164858e-03
4.175000e+01 4.553804e-02 1.090732e-03
4.200000e+01 4.267523e-02 1.016077e-03
4.225000e+01 3.975731e-02 9.410014e-04
4.250000e+01 3.678840e-02 8.656095e-04
4.275000e+01 3.377266e-02 7.900038e-04
4.300000e+01 3.071423e-02 7.142845e-04
4.325000e+01 2.761726e-02 6.385493e-04
4.350000e+01 2.448587e-02 5.628936e-04
4.375000e+01 2.132420e-02 4.874102e-04
4.400000e+01 1.813633e-02 4.121894e-04
4.425000e+01 1.492636e-02 3.373188e-04
4.450000e+01 1.169831e-02 2.628833e-04
4.475000e+01 8.456194e-03 1.889652e-04
4.500000e+01 5.203983e-03 1.156441e-04
4.550000e+01 -1.314819e-03 -2.889711e-05
4.600000e+01 -7.827923e-03 -1.701722e-04
4.650000e+01 -1.430518e-02 -3.076383e-04
4.700000e+01 -2.071759e-02 -4.407998e-04
4.750000e+01 -2.703735e-02 -5.692074e-04
4.800000e+01 -3.323795e-02 -6.924573e-04
4.850000e+01 -3.929421e-02 -8.101898e-04
4.900000e+01 -4.518234e-02 -9.220885e-04
4.950000e+01 -5.087999e-02 -1.027878e-03
5.000000e+01 -5.636627e-02 -1.127325e-03
5.050000e+01 -6.162180e-02 -1.220234e-03
5.100000e+01 -6.662875e-02 -1.306446e-03
5.150000e+01 -7.137079e-02 -1.385841e-03
5.200000e+01 -7.583319e-02 -1.458331e-03
5.250000e+01 -8.000276e-02 -1.523862e-03
5.300000e+01 -8.386788e-02 -1.582413e-03
5.350000e+01 -8.741848e-02 -1.633990e-03
5.400000e+01 -9.064600e-02 -1.678630e-03
5.450000e+01 -9.354343e-02 -1.716393e-03
5.500000e+01 -9.610522e-02 -1.747368e-03
5.550000e+01 -9.832726e-02 -1.771662e-03
5.600000e+01 -1.002069e-01 -1.789408e-03
5.650000e+01 -1.017427e-01 -1.800755e-03
5.700000e+01 -1.029346e-01 -1.805871e-03
5.750000e+01 -1.037839e-01 -1.804938e-03
5.800000e+01 -1.042929e-01 -1.798154e-03
5.850000e+01 -1.044650e-01 -1.785726e-03
5.900000e+01 -1.043046e-01 -1.767874e-03
5.950000e+01 -1.038171e-01 -1.744825e-03
6.000000e+01 -1.030085e-01 -1.716809e-03
6.050000e+01 -1.018869e-01 -1.684081e-03
6.100000e+01 -1.004601e-01 -1.646887e-03
6.150000e+01 -9.873689e-02 -1.605478e-03
6.200000e+01 -9.672677e-02 -1.560109e-03
6.250000e+01 -9.443987e-02 -1.511038e-03
6.300000e+01 -9.188686e-02 -1.458522e-03
6.350000e+01 -8.907891e-02 -1.402817e-03
6.400000e+01 -8.602760e-02 -1.344181e-03
6.450000e+01 -8.274492e-02 -1.282867e-03
6.500000e+01 -7.924313e-02 -1.219125e-03
6.550000e+01 -7.553477e-02 -1.153203e-03
6.600000e+01 -7.163257e-02 -1.085342e-03
6.650000e+01 -6.754944e-02 -1.015781e-03
6.700000e+01 -6.329835e-02 -9.447515e-04
6.750000e+01 -5.889237e-02 -8.724795e-04
6.800000e+01 -5.434454e-02 -7.991845e-04
6.850000e+01 -4.966792e-02 -7.250791e-04
6.900000e+01 -4.487545e-02 -6.503689e-04
6.950000e+01 -3.998000e-02 -5.752518e-04
7.000000e+01 -3.499428e-02 -4.999182e-04
7.050000e+01 -2.993081e-02 -4.245506e-04
7.100000e+01 -2.480195e-02 -3.493232e-04
7.150000e+01 -1.961976e-02 -2.744023e-04
7.200000e+01 -1.439610e-02 -1.999458e-04
7.250000e+01 -9.142488e-03 -1.261033e-04
7.300000e+01 -3.870173e-03 -5.301607e-05
7.350000e+01 1.409945e-03 1.918292e-05
7.400000e+01 6.687307e-03 9.036902e-05
7.450000e+01 1.195172e-02 1.604258e-04
7.500000e+01 1.719336e-02 2.292448e-04
7.550000e+01 2.240273e-02 2.967249e-04
7.600000e+01 2.757088e-02 3.627747e-04
7.650000e+01 3.268912e-02 4.273087e-04
7.700000e+01 3.774919e-02 4.902493e-04
7.750000e+01 4.274327e-02 5.515261e-04
7.800000e+01 4.766395e-02 6.110763e-04
7.850000e+01 5.250424e-02 6.688439e-04
7.900000e+01 5.725759e-02 7.247796e-04
7.950000e+01 6.191783e-02 7.788406e-04
8.000000e+01 6.647924e-02 8.309905e-04
8.050000e+01 7.093649e-02 8.811986e-04
8.100000e+01 7.528467e-02 9.294404e-04
8.150000e+01 7.951926e-02 9.756964e-04
8.200000e+01 8.363613e-02 1.019953e-03
8.250000e+01 8.763154e-02 1.062200e-03
8.300000e+01 9.150213e-02 1.102435e-03
8.350000e+01 9.524493e-02 1.140658e-03
8.400000e+01 9.885730e-02 1.176873e-03
8.450000e+01 1.023370e-01 1.211088e-03
8.500000e+01 1.056820e-01 1.243318e-03
8.550000e+01 1.088909e-01 1.273578e-03
8.600000e+01 1.119623e-01 1.301887e-03
8.650000e+01 1.148952e-01 1.328268e-03
8.700000e+01 1.176891e-01 1.352748e-03
8.750000e+01 1.203435e-01 1.375354e-03
8.800000e+01 1.228583e-01 1.396117e-03
8.850000e+01 1.252337e-01 1.415070e-03
8.900000e+01 1.274702e-01 1.432249e-03
8.950000e+01 1.295682e-01 1.447690e-03
9.000000e+01 1.315288e-01 1.461431e-03
9.100000e+01 1.350424e-01 1.483983e-03
9.200000e+01 1.380213e-01 1.500232e-03
9.300000e+01 1.404797e-01 1.510535e-03
9.400000e+01 1.424343e-01 1.515259e-03
9.500000e+01 1.439037e-01 1.514775e-03
9.600000e+01 1.449082e-01 1.509461e-03
9.700000e+01 1.454698e-01 1.499689e-03
9.800000e+01 1.456114e-01 1.485831e-03
9.900000e+01 1.453569e-01 1.468251e-03
1.000000e+02 1.447307e-01 1.447307e-03
1.010000e+02 1.437576e-01 1.423343e-03
1.020000e+02 1.424629e-01 1.396696e-03
1.030000e+02 1.408716e-01 1.367686e-03
1.040000e+02 1.390086e-01 1.336621e-03
1.050000e+02 1.368984e-01 1.303795e-03
1.060000e+02 1.345651e-01 1.269482e-03
1.070000e+02 1.320322e-01 1.233946e-03
1.080000e+02 1.293223e-01 1.197429e-03
1.090000e+02 1.264573e-01 1.160159e-03
1.100000e+02 1.234582e-01 1.122347e-03
1.110000e+02 1.203450e-01 1.084189e-03
1.120000e+02 1.171366e-01 1.045863e-03
1.130000e+02 1.138510e-01 1.007531e-03
1.140000e+02 1.105051e-01 9.693431e-04
1.150000e+02 1.071147e-01 9.314321e-04
1.160000e+02 1.036945e-01 8.939184e-04
1.170000e+02 1.002584e-01 8.569098e-04
1.180000e+02 9.681929e-02 8.205025e-04
1.190000e+02 9.338906e-02 7.847821e-04
1.200000e+02 8.997898e-02 7.498248e-04
1.210000e+02 8.659780e-02 7.156843e-04
1.220000e+02 8.325468e-02 6.824154e-04
1.230000e+02 7.995763e-02 6.500620e-04
1.240000e+02 7.671376e-02 6.186594e-04
1.250000e+02 7.352936e-02 5.882349e-04
1.260000e+02 7.040992e-02 5.588089e-04
1.270000e+02 6.736020e-02 5.303953e-04
1.280000e+02 6.438425e-02 5.030020e-04
1.290000e+02 6.148549e-02 4.766317e-04
1.300000e+02 5.866672e-02 4.512824e-04
1.310000e+02 5.593019e-02 4.269480e-04
1.320000e+02 5.327762e-02 4.036184e-04
1.330000e+02 5.071027e-02 3.812802e-04
1.340000e+02 4.822893e-02 3.599174e-04
1.350000e+02 4.583401e-02 3.395112e-04
1.360000e+02 4.352552e-02 3.200406e-04
1.370000e+02 4.130318e-02 3.014830e-04
1.380000e+02 3.916635e-02 2.838141e-04
1.390000e+02 3.711417e-02 2.670084e-04
1.400000e+02 3.514551e-02 2.510393e-04
1.410000e+02 3.325903e-02 2.358796e-04
1.420000e+02 3.145320e-02 2.215014e-04
1.430000e+02 2.972635e-02 2.078765e-04
1.440000e+02 2.807664e-02 1.949767e-04
1.450000e+02 2.650214e-02 1.827734e-04
1.460000e+02 2.500082e-02 1.712385e-04
1.470000e+02 2.357058e-02 1.603441e-04
1.480000e+02 2.220925e-02 1.500625e-04
1.490000e+02 2.091463e-02 1.403667e-04
1.500000e+02 1.968451e-02 1.312301e-04
1.510000e+02 1.851653e-02 1.226260e-04
1.520000e+02 1.740850e-02 1.145296e-04
1.530000e+02 1.635812e-02 1.069158e-04
1.540000e+02 1.536314e-02 9.976065e-05
1.550000e+02 1.442131e-02 9.304070e-05
1.560000e+02 1.353042e-02 8.673346e-05
1.570000e+02 1.268831e-02 8.081724e-05
1.580000e+02 1.189284e-02 7.527113e-05
1.590000e+02 1.114194e-02 7.007507e-05
1.600000e+02 1.043356e-02 6.520975e-05
1.610000e+02 9.765730e-03 6.065671e-05
1.620000e+02 9.136514e-03 5.639823e-05
1.630000e+02 8.544038e-03 5.241741e-05
1.640000e+02 7.986487e-03 4.869809e-05
1.650000e+02 7.462105e-03 4.522488e-05
1.660000e+02 6.969197e-03 4.198311e-05
1.670000e+02 6.506128e-03 3.895885e-05
1.680000e+02 6.071328e-03 3.613886e-05
1.690000e+02 5.663287e-03 3.351057e-05
1.700000e+02 5.280558e-03 3.106211e-05
1.710000e+02 4.921756e-03 2.878220e-05
1.720000e+02 4.585556e-03 2.666021e-05
1.730000e+02 4.270692e-03 2.468608e-05
1.740000e+02 3.975957e-03 2.285033e-05
1.750000e+02 3.700199e-03 2.114400e-05
1.760000e+02 3.442319e-03 1.955863e-05
1.770000e+02 3.201269e-03 1.808626e-05
1.780000e+02 2.976048e-03 1.671937e-05
1.790000e+02 2.765701e-03 1.545084e-05
1.800000e+02 2.569311e-03 1.427395e-05
1.806000e+02 2.457844e-03 1.360933e-05
1.812000e+02 2.350928e-03 1.297422e-05
1.818000e+02 2.248393e-03 1.236740e-05
1.824000e+02 2.150073e-03 1.178768e-05
1.830000e+02 2.055810e-03 1.123393e-05
1.836000e+02 1.965448e-03 1.070505e-05
1.842000e+02 1.878840e-03 1.020000e-05
1.848000e+02 1.795840e-03 9.717751e-06
1.854000e+02 1.716311e-03 9.257342e-06
1.860000e+02 1.640118e-03 8.817838e-06
1.866000e+02 1.567130e-03 8.398340e-06
1.872000e+02 1.497223e-03 7.997988e-06
1.878000e+02 1.430276e-03 7.615955e-06
1.884000e+02 1.366172e-03 7.251446e-06
1.890000e+02 1.304799e-03 6.903700e-06
1.896000e+02 1.246048e-03 6.571984e-06
1.902000e+02 1.189815e-03 6.255597e-06
1.908000e+02 1.135998e-03 5.953865e-06
1.914000e+02 1.084500e-03 5.666144e-06
1.920000e+02 1.035228e-03 5.391814e-06
1.926000e+02 9.880920e-04 5.130280e-06
1.932000e+02 9.430045e-04 4.880976e-06
1.938000e+02 8.998820e-04 4.643354e-06
1.944000e+02 8.586439e-04 4.416892e-06
1.950000e+02 8.192128e-04 4.201091e-06
1.956000e+02 7.815141e-04 3.995471e-06
1.962000e+02 7.454759e-04 3.799571e-06
1.968000e+02 7.110293e-04 3.612954e-06
1.974000e+02 6.781078e-04 3.435196e-06
1.980000e+02 6.466475e-04 3.265897e-06
1.986600e+02 6.136560e-04 3.088976e-06
1.993200e+02 5.822799e-04 2.921332e-06
1.999800e+02 5.524445e-04 2.762499e-06
2.006400e+02 5.240780e-04 2.612031e-06
2.013000e+02 4.971116e-04 2.469506e-06
2.019600e+02 4.714798e-04 2.334521e-06
2.026200e+02 4.471198e-04 2.206691e-06
2.032800e+02 4.239714e-04 2.085652e-06
2.039400e+02 4.019773e-04 1.971057e-06
2.046000e+02 3.810826e-04 1.862574e-06
2.052600e+02 3.612350e-04 1.759890e-06
2.059200e+02 3.423843e-04 1.662705e-06
2.065800e+02 3.244827e-04 1.570736e-06
2.072400e+02 3.074846e-04 1.483713e-06
2.079000e+02 2.913464e-04 1.401377e-06
2.085600e+02 2.760264e-04 1.323487e-06
2.092200e+02 2.614850e-04 1.249809e-06
2.098800e+02 2.476842e-04 1.180123e-06
2.105400e+02 2.345880e-04 1.114221e-06
2.112000e+02 2.221618e-04 1.051902e-06
2.118600e+02 2.103727e-04 9.929797e-07
2.125200e+02 1.991894e-04 9.372735e-07
2.131800e+02 1.885819e-04 8.846134e-07
2.138400e+02 1.785218e-04 8.348382e-07
2.145000e+02 1.689819e-04 7.877943e-07
2.151600e+02 1.599363e-04 7.433365e-07
2.158200e+02 1.513604e-04 7.013268e-07
2.164800e+02 1.432306e-04 6.616344e-07
2.171400e+02 1.355247e-04 6.241352e-07
2.178000e+02 1.282214e-04 5.887116e-07
2.185260e+02 1.206285e-04 5.520098e-07
2.192520e+02 1.134725e-04 5.175436e-07
2.199780e+02 1.067291e-04 4.851807e-07
2.207040e+02 1.003754e-04 4.547963e-07
2.214300e+02 9.438956e-05 4.262727e-07
2.221560e+02 8.875111e-05 3.994990e-07
2.228820e+02 8.344049e-05 3.743707e-07
2.236080e+02 7.843926e-05 3.507892e-07
2.243340e+02 7.372997e-05 3.286616e-07
2.250600e+02 6.929611e-05 3.079006e-07
2.257860e+02 6.512207e-05 2.884239e-07
2.265120e+02 6.119309e-05 2.701538e-07
2.272380e+02 5.749522e-05 2.530176e-07
2.279640e+02 5.401527e-05 2.369465e-07
2.286900e+02 5.074079e-05 2.218759e-07
2.294160e+02 4.766001e-05 2.077449e-07
2.301420e+02 4.476181e-05 1.944965e-07
2.308680e+02 4.203568e-05 1.820767e-07
2.315940e+02 3.947170e-05 1.704349e-07
2.323200e+02 3.706049e-05 1.595235e-07
2.330460e+02 3.479321e-05 1.492976e-07
2.337720e+02 3.266149e-05 1.397152e-07
2.344980e+02 3.065745e-05 1.307365e-07
2.352240e+02 2.877362e-05 1.223244e-07
2.359500e+02 2.700300e-05 1.144437e-07
2.366760e+02 2.533893e-05 1.070617e-07
2.374020e+02 2.377519e-05 1.001474e-07
2.381280e+02 2.230588e-05 9.367179e-08
2.388540e+02 2.092546e-05 8.760773e-08
2.395800e+02 1.962873e-05 8.192976e-08
2.403786e+02 1.829302e-05 7.610087e-08
2.411772e+02 1.704632e-05 7.067966e-08
2.419758e+02 1.588286e-05 6.563824e-08
2.427744e+02 1.479723e-05 6.095055e-08
2.435730e+02 1.378435e-05 5.659227e-08
2.443716e+02 1.283945e-05 5.254069e-08
2.451702e+02 1.195808e-05 4.877461e-08
2.459688e+02 1.113606e-05 4.527428e-08
2.467674e+02 1.036948e-05 4.202126e-08
2.475660e+02 9.654672e-06 3.899838e-08
2.483646e+02 8.988225e-06 3.618964e-08
2.491632e+02 8.366931e-06 3.358012e-08
2.499618e+02 7.787796e-06 3.115595e-08
2.507604e+02 7.248022e-06 2.890417e-08
2.515590e+02 6.744989e-06 2.681275e-08
2.523576e+02 6.276251e-06 2.487047e-08
2.531562e+02 5.839520e-06 2.306687e-08
2.539548e+02 5.432656e-06 2.139222e-08
2.547534e+02 5.053660e-06 1.983746e-08
2.555520e+02 4.700660e-06 1.839414e-08
2.563506e+02 4.371909e-06 1.705441e-08
2.571492e+02 4.065772e-06 1.581094e-08
2.579478e+02 3.780719e-06 1.465691e-08
2.587464e+02 3.515323e-06 1.358598e-08
2.595450e+02 3.268250e-06 1.259223e-08
2.603436e+02 3.038256e-06 1.167018e-08
2.611422e+02 2.824182e-06 1.081473e-08
2.619408e+02 2.624949e-06 1.002115e-08
2.627394e+02 2.439558e-06 9.285085e-09
2.635380e+02 2.267082e-06 8.602488e-09
2.644165e+02 2.091184e-06 7.908677e-09
2.652949e+02 1.928719e-06 7.270094e-09
2.661734e+02 1.778684e-06 6.682426e-09
2.670518e+02 1.640147e-06 6.141681e-09
2.679303e+02 1.512244e-06 5.644169e-09
2.688088e+02 1.394172e-06 5.186481e-09
2.696872e+02 1.285187e-06 4.765471e-09
2.705657e+02 1.184600e-06 4.378233e-09
2.714441e+02 1.091773e-06 4.022090e-09
2.723226e+02 1.006116e-06 3.694573e-09
2.732011e+02 9.270825e-07 3.393407e-09
2.740795e+02 8.541679e-07 3.116496e-09
2.749580e+02 7.869051e-07 2.861910e-09
2.758364e+02 7.248626e-07 2.627871e-09
2.767149e+02 6.676414e-07 2.412741e-09
2.775934e+02 6.148726e-07 2.215012e-09
2.784718e+02 5.662152e-07 2.033294e-09
2.793503e+02 5.213536e-07 1.866308e-09
2.802287e+02 4.799960e-07 1.712872e-09
2.811072e+02 4.418723e-07 1.571900e-09
2.819857e+02 4.067325e-07 1.442387e-09
2.828641e+02 3.743453e-07 1.323410e-09
2.837426e+02 3.444965e-07 1.214116e-09
2.846210e+02 3.169881e-07 1.113720e-09
2.854995e+02 2.916371e-07 1.021498e-09
2.863780e+02 2.682750e-07 9.367864e-10
2.872564e+02 2.467464e-07 8.589763e-10
2.881349e+02 2.269095e-07 7.875115e-10
2.890133e+02 2.086349e-07 7.218867e-10
2.898918e+02 1.918057e-07 6.616459e-10
2.908581e+02 1.748144e-07 6.010299e-10
2.918244e+02 1.592852e-07 5.458254e-10
2.927907e+02 1.450926e-07 4.955507e-10
2.937570e+02 1.321214e-07 4.497641e-10
2.947233e+02 1.202651e-07 4.080609e-10
2.956896e+02 1.094261e-07 3.700709e-10
2.966559e+02 9.951486e-08 3.354555e-10
2.976222e+02 9.044893e-08 3.039051e-10
2.985886e+02 8.215283e-08 2.751373e-10
2.995549e+02 7.455730e-08 2.488936e-10
3.005212e+02 6.759882e-08 2.249386e-10
3.014875e+02 6.121911e-08 2.030569e-10
3.024538e+02 5.536470e-08 1.830518e-10
3.034201e+02 4.998643e-08 1.647433e-10
3.043864e+02 4.503909e-08 1.479668e-10
3.053527e+02 4.048101e-08 1.325713e-10
3.063190e+02 3.627368e-08 1.184180e-10
3.072853e+02 3.238147e-08 1.053792e-10
3.082516e+02 2.877124e-08 9.333686e-11
3.092179e+02 2.541211e-08 8.218187e-11
3.101842e+02 2.227518e-08 7.181275e-11
3.111505e+02 1.933332e-08 6.213493e-11
3.121168e+02 1.656091e-08 5.305998e-11
3.130831e+02 1.393372e-08 4.450487e-11
3.140494e+02 1.142872e-08 3.639146e-11
3.150158e+02 9.023926e-09 2.864595e-11
3.159821e+02 6.698353e-09 2.119852e-11
3.169484e+02 4.431889e-09 1.398300e-11
3.179147e+02 2.205261e-09 6.936643e-12
3.188810e+02 6.596319e-23
