# 
# Output from EIGENRAD program.
# 
# Eigenfunction for specific electronic state.
# The first column contains radius $r$ in bohr units.
# The second column holds value of eginefunction.
# 
# Use this file with gnuplot to create the plot.
#
0.000000e+00 0.000000e+00 -3.974884e-06
2.500000e-01 -7.069561e-08 -2.827824e-07
5.000000e-01 7.184701e-07 1.436940e-06
7.500000e-01 1.826668e-06 2.435557e-06
1.000000e+00 3.894657e-06 3.894657e-06
1.250000e+00 8.657512e-06 6.926010e-06
1.500000e+00 1.885715e-05 1.257143e-05
1.750000e+00 3.815465e-05 2.180266e-05
2.000000e+00 7.104238e-05 3.552119e-05
2.250000e+00 1.227559e-04 5.455820e-05
2.500000e+00 1.991859e-04 7.967435e-05
2.750000e+00 3.067892e-04 1.115597e-04
3.000000e+00 4.525006e-04 1.508335e-04
3.250000e+00 6.436440e-04 1.980443e-04
3.500000e+00 8.878427e-04 2.536693e-04
3.750000e+00 1.192931e-03 3.181149e-04
4.000000e+00 1.566864e-03 3.917160e-04
4.250000e+00 2.017628e-03 4.747361e-04
4.500000e+00 2.553152e-03 5.673672e-04
4.750000e+00 3.181216e-03 6.697296e-04
5.000000e+00 3.909359e-03 7.818717e-04
5.250000e+00 4.744793e-03 9.037701e-04
5.500000e+00 5.694310e-03 1.035329e-03
5.750000e+00 6.764191e-03 1.176381e-03
6.000000e+00 7.960115e-03 1.326686e-03
6.250000e+00 9.287066e-03 1.485931e-03
6.500000e+00 1.074925e-02 1.653730e-03
6.750000e+00 1.234998e-02 1.829627e-03
7.000000e+00 1.409162e-02 2.013089e-03
7.250000e+00 1.597547e-02 2.203513e-03
7.500000e+00 1.800167e-02 2.400222e-03
7.750000e+00 2.017450e-02 2.603161e-03
8.000000e+00 2.249200e-02 2.811500e-03
8.250000e+00 2.495348e-02 3.024664e-03
8.500000e+00 2.755752e-02 3.242061e-03
8.750000e+00 3.030197e-02 3.463083e-03
9.000000e+00 3.318403e-02 3.687114e-03
9.250000e+00 3.620024e-02 3.913539e-03
9.500000e+00 3.934659e-02 4.141746e-03
9.750000e+00 4.261850e-02 4.371128e-03
1.000000e+01 4.601091e-02 4.601091e-03
1.025000e+01 4.951828e-02 4.831052e-03
1.050000e+01 5.313465e-02 5.060443e-03
1.075000e+01 5.685367e-02 5.288713e-03
1.100000e+01 6.066865e-02 5.515332e-03
1.125000e+01 6.457260e-02 5.739787e-03
1.150000e+01 6.855825e-02 5.961587e-03
1.175000e+01 7.261809e-02 6.180263e-03
1.200000e+01 7.674444e-02 6.395370e-03
1.225000e+01 8.092943e-02 6.606484e-03
1.250000e+01 8.516509e-02 6.813208e-03
1.275000e+01 8.944336e-02 7.015165e-03
1.300000e+01 9.375611e-02 7.212008e-03
1.325000e+01 9.809521e-02 7.403412e-03
1.350000e+01 1.024525e-01 7.589077e-03
1.375000e+01 1.068200e-01 7.768729e-03
1.400000e+01 1.111897e-01 7.942120e-03
1.425000e+01 1.155536e-01 8.109027e-03
1.450000e+01 1.199042e-01 8.269252e-03
1.475000e+01 1.242337e-01 8.422625e-03
1.500000e+01 1.285350e-01 8.568997e-03
1.525000e+01 1.328004e-01 8.708223e-03
1.550000e+01 1.370232e-01 8.840204e-03
1.575000e+01 1.411964e-01 8.964851e-03
1.600000e+01 1.453135e-01 9.082097e-03
1.625000e+01 1.493683e-01 9.191893e-03
1.650000e+01 1.533545e-01 9.294211e-03
1.675000e+01 1.572664e-01 9.389041e-03
1.700000e+01 1.610986e-01 9.476389e-03
1.725000e+01 1.648458e-01 9.556279e-03
1.750000e+01 1.685031e-01 9.628748e-03
1.775000e+01 1.720658e-01 9.693851e-03
1.800000e+01 1.755297e-01 9.751652e-03
1.825000e+01 1.788907e-01 9.802231e-03
1.850000e+01 1.821451e-01 9.845680e-03
1.875000e+01 1.852894e-01 9.882099e-03
1.900000e+01 1.883204e-01 9.911602e-03
1.925000e+01 1.912355e-01 9.934310e-03
1.950000e+01 1.940319e-01 9.950353e-03
1.975000e+01 1.967075e-01 9.959872e-03
2.000000e+01 1.992602e-01 9.963010e-03
2.025000e+01 2.016884e-01 9.959922e-03
2.050000e+01 2.039907e-01 9.950766e-03
2.075000e+01 2.061659e-01 9.935705e-03
2.100000e+01 2.082131e-01 9.914908e-03
2.125000e+01 2.101316e-01 9.888548e-03
2.150000e+01 2.119212e-01 9.856800e-03
2.175000e+01 2.135815e-01 9.819841e-03
2.200000e+01 2.151127e-01 9.777852e-03
2.225000e+01 2.165151e-01 9.731014e-03
2.250000e+01 2.177890e-01 9.679509e-03
2.275000e+01 2.189352e-01 9.623524e-03
2.300000e+01 2.199546e-01 9.563242e-03
2.325000e+01 2.208482e-01 9.498848e-03
2.350000e+01 2.216173e-01 9.430524e-03
2.375000e+01 2.222633e-01 9.358454e-03
2.400000e+01 2.227877e-01 9.282819e-03
2.425000e+01 2.231922e-01 9.203800e-03
2.450000e+01 2.234786e-01 9.121575e-03
2.475000e+01 2.236489e-01 9.036319e-03
2.500000e+01 2.237052e-01 8.948208e-03
2.525000e+01 2.236496e-01 8.857411e-03
2.550000e+01 2.234845e-01 8.764099e-03
2.575000e+01 2.232122e-01 8.668437e-03
2.600000e+01 2.228352e-01 8.570586e-03
2.625000e+01 2.223560e-01 8.470707e-03
2.650000e+01 2.217773e-01 8.368954e-03
2.675000e+01 2.211016e-01 8.265481e-03
2.700000e+01 2.203317e-01 8.160435e-03
2.725000e+01 2.194705e-01 8.053962e-03
2.750000e+01 2.185205e-01 7.946201e-03
2.775000e+01 2.174848e-01 7.837292e-03
2.800000e+01 2.163662e-01 7.727366e-03
2.825000e+01 2.151676e-01 7.616552e-03
2.850000e+01 2.138918e-01 7.504976e-03
2.875000e+01 2.125418e-01 7.392759e-03
2.900000e+01 2.111205e-01 7.280018e-03
2.925000e+01 2.096308e-01 7.166865e-03
2.950000e+01 2.080756e-01 7.053409e-03
2.975000e+01 2.064577e-01 6.939755e-03
3.000000e+01 2.047801e-01 6.826004e-03
3.025000e+01 2.030457e-01 6.712253e-03
3.050000e+01 2.012571e-01 6.598595e-03
3.075000e+01 1.994174e-01 6.485118e-03
3.100000e+01 1.975291e-01 6.371907e-03
3.125000e+01 1.955951e-01 6.259044e-03
3.150000e+01 1.936181e-01 6.146607e-03
3.175000e+01 1.916007e-01 6.034668e-03
3.200000e+01 1.895456e-01 5.923299e-03
3.225000e+01 1.874553e-01 5.812566e-03
3.250000e+01 1.853323e-01 5.702532e-03
3.275000e+01 1.831792e-01 5.593258e-03
3.300000e+01 1.809983e-01 5.484798e-03
3.325000e+01 1.787921e-01 5.377207e-03
3.350000e+01 1.765629e-01 5.270534e-03
3.375000e+01 1.743129e-01 5.164827e-03
3.400000e+01 1.720444e-01 5.060129e-03
3.425000e+01 1.697595e-01 4.956482e-03
3.450000e+01 1.674603e-01 4.853923e-03
3.475000e+01 1.651490e-01 4.752488e-03
3.500000e+01 1.628273e-01 4.652209e-03
3.525000e+01 1.604974e-01 4.553117e-03
3.550000e+01 1.581610e-01 4.455239e-03
3.575000e+01 1.558200e-01 4.358601e-03
3.600000e+01 1.534761e-01 4.263224e-03
3.625000e+01 1.511310e-01 4.169131e-03
3.650000e+01 1.487863e-01 4.076338e-03
3.675000e+01 1.464437e-01 3.984863e-03
3.700000e+01 1.441046e-01 3.894719e-03
3.725000e+01 1.417705e-01 3.805920e-03
3.750000e+01 1.394428e-01 3.718475e-03
3.775000e+01 1.371229e-01 3.632394e-03
3.800000e+01 1.348119e-01 3.547683e-03
3.825000e+01 1.325113e-01 3.464347e-03
3.850000e+01 1.302221e-01 3.382391e-03
3.875000e+01 1.279454e-01 3.301817e-03
3.900000e+01 1.256824e-01 3.222626e-03
3.925000e+01 1.234341e-01 3.144817e-03
3.950000e+01 1.212014e-01 3.068389e-03
3.975000e+01 1.189852e-01 2.993339e-03
4.000000e+01 1.167865e-01 2.919662e-03
4.025000e+01 1.146060e-01 2.847354e-03
4.050000e+01 1.124445e-01 2.776408e-03
4.075000e+01 1.103028e-01 2.706817e-03
4.100000e+01 1.081815e-01 2.638573e-03
4.125000e+01 1.060813e-01 2.571667e-03
4.150000e+01 1.040027e-01 2.506090e-03
4.175000e+01 1.019464e-01 2.441830e-03
4.200000e+01 9.991283e-02 2.378877e-03
4.225000e+01 9.790247e-02 2.317218e-03
4.250000e+01 9.591576e-02 2.256842e-03
4.275000e+01 9.395312e-02 2.197734e-03
4.300000e+01 9.201490e-02 2.139881e-03
4.325000e+01 9.010144e-02 2.083270e-03
4.350000e+01 8.821303e-02 2.027886e-03
4.375000e+01 8.634994e-02 1.973713e-03
4.400000e+01 8.451239e-02 1.920736e-03
4.425000e+01 8.270060e-02 1.868940e-03
4.450000e+01 8.091473e-02 1.818309e-03
4.475000e+01 7.915494e-02 1.768825e-03
4.500000e+01 7.742134e-02 1.720474e-03
4.550000e+01 7.403303e-02 1.627100e-03
4.600000e+01 7.075030e-02 1.538050e-03
4.650000e+01 6.757321e-02 1.453187e-03
4.700000e+01 6.450149e-02 1.372372e-03
4.750000e+01 6.153456e-02 1.295464e-03
4.800000e+01 5.867158e-02 1.222325e-03
4.850000e+01 5.591145e-02 1.152813e-03
4.900000e+01 5.325286e-02 1.086793e-03
4.950000e+01 5.069428e-02 1.024127e-03
5.000000e+01 4.823402e-02 9.646803e-04
5.050000e+01 4.587022e-02 9.083211e-04
5.100000e+01 4.360088e-02 8.549193e-04
5.150000e+01 4.142392e-02 8.043479e-04
5.200000e+01 3.933710e-02 7.564828e-04
5.250000e+01 3.733816e-02 7.112030e-04
5.300000e+01 3.542472e-02 6.683910e-04
5.350000e+01 3.359439e-02 6.279324e-04
5.400000e+01 3.184471e-02 5.897168e-04
5.450000e+01 3.017321e-02 5.536369e-04
5.500000e+01 2.857742e-02 5.195894e-04
5.550000e+01 2.705483e-02 4.874745e-04
5.600000e+01 2.560297e-02 4.571960e-04
5.650000e+01 2.421937e-02 4.286614e-04
5.700000e+01 2.290157e-02 4.017818e-04
5.750000e+01 2.164714e-02 3.764720e-04
5.800000e+01 2.045370e-02 3.526500e-04
5.850000e+01 1.931889e-02 3.302374e-04
5.900000e+01 1.824038e-02 3.091590e-04
5.950000e+01 1.721589e-02 2.893427e-04
6.000000e+01 1.624317e-02 2.707196e-04
6.050000e+01 1.532011e-02 2.532250e-04
6.100000e+01 1.444458e-02 2.367964e-04
6.150000e+01 1.361451e-02 2.213741e-04
6.200000e+01 1.282790e-02 2.069016e-04
6.250000e+01 1.208281e-02 1.933249e-04
6.300000e+01 1.137735e-02 1.805928e-04
6.350000e+01 1.070970e-02 1.686567e-04
6.400000e+01 1.007811e-02 1.574704e-04
6.450000e+01 9.480865e-03 1.469901e-04
6.500000e+01 8.916338e-03 1.371744e-04
6.550000e+01 8.382946e-03 1.279839e-04
6.600000e+01 7.879169e-03 1.193813e-04
6.650000e+01 7.403543e-03 1.113315e-04
6.700000e+01 6.954664e-03 1.038010e-04
6.750000e+01 6.531183e-03 9.675827e-05
6.800000e+01 6.131806e-03 9.017362e-05
6.850000e+01 5.755295e-03 8.401890e-05
6.900000e+01 5.400462e-03 7.826756e-05
6.950000e+01 5.066174e-03 7.289458e-05
7.000000e+01 4.751346e-03 6.787637e-05
7.050000e+01 4.454944e-03 6.319069e-05
7.100000e+01 4.175981e-03 5.881663e-05
7.150000e+01 3.913515e-03 5.473447e-05
7.200000e+01 3.666650e-03 5.092569e-05
7.250000e+01 3.434530e-03 4.737283e-05
7.300000e+01 3.216343e-03 4.405949e-05
7.350000e+01 3.011313e-03 4.097025e-05
7.400000e+01 2.818703e-03 3.809058e-05
7.450000e+01 2.637807e-03 3.540681e-05
7.500000e+01 2.467957e-03 3.290609e-05
7.550000e+01 2.308536e-03 3.057663e-05
7.600000e+01 2.158939e-03 2.840709e-05
7.650000e+01 2.018599e-03 2.638691e-05
7.700000e+01 1.886979e-03 2.450622e-05
7.750000e+01 1.763569e-03 2.275573e-05
7.800000e+01 1.647887e-03 2.112676e-05
7.850000e+01 1.539477e-03 1.961118e-05
7.900000e+01 1.437908e-03 1.820137e-05
7.950000e+01 1.342771e-03 1.689020e-05
8.000000e+01 1.253680e-03 1.567100e-05
8.050000e+01 1.170272e-03 1.453754e-05
8.100000e+01 1.092202e-03 1.348398e-05
8.150000e+01 1.019147e-03 1.250487e-05
8.200000e+01 9.507982e-04 1.159510e-05
8.250000e+01 8.868686e-04 1.074992e-05
8.300000e+01 8.270855e-04 9.964886e-06
8.350000e+01 7.711924e-04 9.235838e-06
8.400000e+01 7.189477e-04 8.558901e-06
8.450000e+01 6.701236e-04 7.930456e-06
8.500000e+01 6.245059e-04 7.347128e-06
8.550000e+01 5.818930e-04 6.805766e-06
8.600000e+01 5.420952e-04 6.303433e-06
8.650000e+01 5.049340e-04 5.837387e-06
8.700000e+01 4.702416e-04 5.405076e-06
8.750000e+01 4.378605e-04 5.004120e-06
8.800000e+01 4.076424e-04 4.632300e-06
8.850000e+01 3.794483e-04 4.287552e-06
8.900000e+01 3.531478e-04 3.967952e-06
8.950000e+01 3.286184e-04 3.671714e-06
9.000000e+01 3.057456e-04 3.397174e-06
9.100000e+01 2.645627e-04 2.907282e-06
9.200000e+01 2.287639e-04 2.486564e-06
9.300000e+01 1.976823e-04 2.125617e-06
9.400000e+01 1.707246e-04 1.816220e-06
9.500000e+01 1.473647e-04 1.551208e-06
9.600000e+01 1.271378e-04 1.324352e-06
9.700000e+01 1.096347e-04 1.130254e-06
9.800000e+01 9.449625e-05 9.642475e-07
9.900000e+01 8.140854e-05 8.223085e-07
1.000000e+02 7.009781e-05 7.009781e-07
1.010000e+02 6.032611e-05 5.972882e-07
1.020000e+02 5.188713e-05 5.086973e-07
1.030000e+02 4.460230e-05 4.330320e-07
1.040000e+02 3.831725e-05 3.684351e-07
1.050000e+02 3.289858e-05 3.133198e-07
1.060000e+02 2.823090e-05 2.663292e-07
1.070000e+02 2.421420e-05 2.263009e-07
1.080000e+02 2.076155e-05 1.922365e-07
1.090000e+02 1.779706e-05 1.632758e-07
1.100000e+02 1.525420e-05 1.386746e-07
1.110000e+02 1.307439e-05 1.177873e-07
1.120000e+02 1.120591e-05 1.000528e-07
1.130000e+02 9.603141e-06 8.498354e-08
1.140000e+02 8.226056e-06 7.215839e-08
1.150000e+02 7.040102e-06 6.121828e-08
1.160000e+02 6.016318e-06 5.186481e-08
1.170000e+02 5.131796e-06 4.386151e-08
1.180000e+02 4.370450e-06 3.703771e-08
1.190000e+02 3.724076e-06 3.129476e-08
1.200000e+02 3.193744e-06 2.661454e-08
1.210000e+02 2.726042e-06 2.252928e-08
1.220000e+02 2.325489e-06 1.906139e-08
1.230000e+02 1.982905e-06 1.612118e-08
1.240000e+02 1.690221e-06 1.363082e-08
1.250000e+02 1.440379e-06 1.152303e-08
1.260000e+02 1.227231e-06 9.739931e-09
1.270000e+02 1.045447e-06 8.231868e-09
1.280000e+02 8.904282e-07 6.956470e-09
1.290000e+02 7.582240e-07 5.877705e-09
1.300000e+02 6.454566e-07 4.965051e-09
1.310000e+02 5.492490e-07 4.192741e-09
1.320000e+02 4.671591e-07 3.539084e-09
1.330000e+02 3.971190e-07 2.985857e-09
1.340000e+02 3.373798e-07 2.517759e-09
1.350000e+02 2.864614e-07 2.121936e-09
1.360000e+02 2.431084e-07 1.787562e-09
1.370000e+02 2.062504e-07 1.505477e-09
1.380000e+02 1.749681e-07 1.267885e-09
1.390000e+02 1.484650e-07 1.068094e-09
1.400000e+02 1.260438e-07 9.003126e-10
1.410000e+02 1.070885e-07 7.594932e-10
1.420000e+02 9.105242e-08 6.412142e-10
1.430000e+02 7.745010e-08 5.416091e-10
1.440000e+02 6.585607e-08 4.573338e-10
1.450000e+02 5.590804e-08 3.855727e-10
1.460000e+02 4.731572e-08 3.240803e-10
1.470000e+02 3.987504e-08 2.712588e-10
1.480000e+02 3.348753e-08 2.262671e-10
1.490000e+02 2.818522e-08 1.891625e-10
1.500000e+02 2.416076e-08 1.610718e-10
1.510000e+02 2.045382e-08 1.354557e-10
1.520000e+02 1.730590e-08 1.138546e-10
1.530000e+02 1.463680e-08 9.566535e-11
1.540000e+02 1.237644e-08 8.036650e-11
1.550000e+02 1.046390e-08 6.750904e-11
1.560000e+02 8.846500e-09 5.670833e-11
1.570000e+02 7.478919e-09 4.763643e-11
1.580000e+02 6.322396e-09 4.001517e-11
1.590000e+02 5.343948e-09 3.360973e-11
1.600000e+02 4.515659e-09 2.822287e-11
1.610000e+02 3.814019e-09 2.368956e-11
1.620000e+02 3.219303e-09 1.987224e-11
1.630000e+02 2.715015e-09 1.665653e-11
1.640000e+02 2.287373e-09 1.394740e-11
1.650000e+02 1.924852e-09 1.166577e-11
1.660000e+02 1.617773e-09 9.745619e-12
1.670000e+02 1.357945e-09 8.131405e-12
1.680000e+02 1.138360e-09 6.775953e-12
1.690000e+02 9.529382e-10 5.638688e-12
1.700000e+02 7.963214e-10 4.684243e-12
1.710000e+02 6.637217e-10 3.881414e-12
1.720000e+02 5.508196e-10 3.202439e-12
1.730000e+02 4.537128e-10 2.622617e-12
1.740000e+02 3.689172e-10 2.120214e-12
1.750000e+02 2.934182e-10 1.676676e-12
1.760000e+02 2.247739e-10 1.277125e-12
1.770000e+02 1.612689e-10 9.111235e-13
1.780000e+02 1.021193e-10 5.737040e-13
1.790000e+02 4.772969e-11 2.666463e-13
1.800000e+02 0.000000e+00
