# 
# Output from EIGENRAD program.
# 
# Eigenfunction for specific electronic state.
# The first column contains radius $r$ in bohr units.
# The second column holds value of eginefunction.
# 
# Use this file with gnuplot to create the plot.
#
0.000000e+00 0.000000e+00
1.388889e-01 -4.247520e-09
2.777778e-01 2.999674e-08
4.166667e-01 8.742354e-08
5.555556e-01 2.101763e-07
6.944444e-01 5.026664e-07
8.333333e-01 1.135684e-06
9.722222e-01 2.349805e-06
1.111111e+00 4.458089e-06
1.250000e+00 7.848079e-06
1.388889e+00 1.298309e-05
1.527778e+00 2.040281e-05
1.666667e+00 3.072315e-05
1.805556e+00 4.463546e-05
1.944444e+00 6.290497e-05
2.083333e+00 8.636858e-05
2.222222e+00 1.159319e-04
2.361111e+00 1.525657e-04
2.500000e+00 1.973013e-04
2.638889e+00 2.512259e-04
2.777778e+00 3.154766e-04
2.916667e+00 3.912338e-04
3.055556e+00 4.797145e-04
3.194444e+00 5.821638e-04
3.333333e+00 6.998469e-04
3.472222e+00 8.340395e-04
3.611111e+00 9.860180e-04
3.750000e+00 1.157048e-03
3.888889e+00 1.348376e-03
4.027778e+00 1.561211e-03
4.166667e+00 1.796718e-03
4.305556e+00 2.056310e-03
4.444444e+00 2.341073e-03
4.583333e+00 2.652155e-03
4.722222e+00 2.990661e-03
4.861111e+00 3.357650e-03
5.000000e+00 3.754128e-03
5.138889e+00 4.181047e-03
5.277778e+00 4.639301e-03
5.416667e+00 5.129719e-03
5.555556e+00 5.653065e-03
5.694444e+00 6.210037e-03
5.833333e+00 6.801257e-03
5.972222e+00 7.427277e-03
6.111111e+00 8.088572e-03
6.250000e+00 8.785540e-03
6.388889e+00 9.518499e-03
6.527778e+00 1.028769e-02
6.666667e+00 1.109326e-02
6.805556e+00 1.193529e-02
6.944444e+00 1.281378e-02
7.083333e+00 1.372862e-02
7.222222e+00 1.467966e-02
7.361111e+00 1.566662e-02
7.500000e+00 1.668919e-02
7.638889e+00 1.774693e-02
7.777778e+00 1.883935e-02
7.916667e+00 1.996588e-02
8.055556e+00 2.112587e-02
8.194444e+00 2.231860e-02
8.333333e+00 2.354326e-02
8.611111e+00 2.608502e-02
8.888889e+00 2.874286e-02
9.166667e+00 3.150819e-02
9.444444e+00 3.437134e-02
9.722222e+00 3.732168e-02
1.000000e+01 4.034774e-02
1.027778e+01 4.343735e-02
1.055556e+01 4.657771e-02
1.083333e+01 4.975553e-02
1.111111e+01 5.295712e-02
1.138889e+01 5.616847e-02
1.166667e+01 5.937539e-02
1.194444e+01 6.256356e-02
1.222222e+01 6.571864e-02
1.250000e+01 6.882633e-02
1.277778e+01 7.187249e-02
1.305556e+01 7.484319e-02
1.333333e+01 7.772476e-02
1.361111e+01 8.050391e-02
1.388889e+01 8.316777e-02
1.416667e+01 8.570392e-02
1.444444e+01 8.810051e-02
1.472222e+01 9.034626e-02
1.500000e+01 9.243054e-02
1.527778e+01 9.434339e-02
1.555556e+01 9.607560e-02
1.583333e+01 9.761870e-02
1.611111e+01 9.896505e-02
1.638889e+01 1.001078e-01
1.666667e+01 1.010410e-01
1.694444e+01 1.017589e-01
1.722222e+01 1.022574e-01
1.750000e+01 1.025329e-01
1.777778e+01 1.025823e-01
1.805556e+01 1.024037e-01
1.833333e+01 1.019959e-01
1.861111e+01 1.013585e-01
1.888889e+01 1.004919e-01
1.916667e+01 9.939720e-02
1.944444e+01 9.807637e-02
1.972222e+01 9.653200e-02
2.000000e+01 9.476737e-02
2.027778e+01 9.278644e-02
2.055556e+01 9.059379e-02
2.083333e+01 8.819459e-02
2.111111e+01 8.559460e-02
2.138889e+01 8.280012e-02
2.166667e+01 7.981795e-02
2.194444e+01 7.665535e-02
2.222222e+01 7.332006e-02
2.250000e+01 6.982018e-02
2.277778e+01 6.616423e-02
2.305556e+01 6.236102e-02
2.333333e+01 5.841969e-02
2.361111e+01 5.434962e-02
2.388889e+01 5.016041e-02
2.416667e+01 4.586184e-02
2.444444e+01 4.146385e-02
2.472222e+01 3.697644e-02
2.500000e+01 3.240968e-02
2.527778e+01 2.777402e-02
2.555556e+01 2.307960e-02
2.583333e+01 1.833668e-02
2.611111e+01 1.355550e-02
2.638889e+01 8.746232e-03
2.666667e+01 3.918963e-03
2.694444e+01 -9.163164e-04
2.722222e+01 -5.749749e-03
2.750000e+01 -1.057163e-02
2.777778e+01 -1.537242e-02
2.805556e+01 -2.014278e-02
2.833333e+01 -2.487358e-02
2.861111e+01 -2.955590e-02
2.888889e+01 -3.418110e-02
2.916667e+01 -3.874075e-02
2.944444e+01 -4.322674e-02
2.972222e+01 -4.763121e-02
3.000000e+01 -5.194660e-02
3.027778e+01 -5.616568e-02
3.055556e+01 -6.028150e-02
3.083333e+01 -6.428746e-02
3.111111e+01 -6.817728e-02
3.138889e+01 -7.194500e-02
3.166667e+01 -7.558502e-02
3.194444e+01 -7.909207e-02
3.222222e+01 -8.246122e-02
3.250000e+01 -8.568789e-02
3.277778e+01 -8.876784e-02
3.305556e+01 -9.169718e-02
3.333333e+01 -9.447234e-02
3.388889e+01 -9.954680e-02
3.444444e+01 -1.039720e-01
3.500000e+01 -1.077305e-01
3.555556e+01 -1.108106e-01
3.611111e+01 -1.132059e-01
3.666667e+01 -1.149150e-01
3.722222e+01 -1.159409e-01
3.777778e+01 -1.162912e-01
3.833333e+01 -1.159772e-01
3.888889e+01 -1.150137e-01
3.944444e+01 -1.134191e-01
4.000000e+01 -1.112143e-01
4.055556e+01 -1.084234e-01
4.111111e+01 -1.050723e-01
4.166667e+01 -1.011894e-01
4.222222e+01 -9.680461e-02
4.277778e+01 -9.194946e-02
4.333333e+01 -8.665669e-02
4.388889e+01 -8.096000e-02
4.444444e+01 -7.489384e-02
4.500000e+01 -6.849311e-02
4.555556e+01 -6.179296e-02
4.611111e+01 -5.482855e-02
4.666667e+01 -4.763483e-02
4.722222e+01 -4.024631e-02
4.777778e+01 -3.269689e-02
4.833333e+01 -2.501960e-02
4.888889e+01 -1.724649e-02
4.944444e+01 -9.408376e-03
5.000000e+01 -1.534686e-03
5.055556e+01 6.343609e-03
5.111111e+01 1.420025e-02
5.166667e+01 2.200862e-02
5.222222e+01 2.974363e-02
5.277778e+01 3.738173e-02
5.333333e+01 4.490091e-02
5.388889e+01 5.228070e-02
5.444444e+01 5.950215e-02
5.500000e+01 6.654780e-02
5.555556e+01 7.340171e-02
5.611111e+01 8.004939e-02
5.666667e+01 8.647780e-02
5.722222e+01 9.267533e-02
5.777778e+01 9.863175e-02
5.833333e+01 1.043382e-01
5.888889e+01 1.097871e-01
5.944444e+01 1.149723e-01
6.000000e+01 1.198886e-01
6.055556e+01 1.245322e-01
6.111111e+01 1.289004e-01
6.166667e+01 1.329916e-01
6.222222e+01 1.368052e-01
6.277778e+01 1.403414e-01
6.333333e+01 1.436017e-01
6.388889e+01 1.465880e-01
6.444444e+01 1.493031e-01
6.500000e+01 1.517507e-01
6.555556e+01 1.539348e-01
6.611111e+01 1.558601e-01
6.666667e+01 1.575316e-01
6.722222e+01 1.589558e-01
6.777778e+01 1.601388e-01
6.833333e+01 1.610872e-01
6.888889e+01 1.618081e-01
6.944444e+01 1.623088e-01
7.000000e+01 1.625969e-01
7.055556e+01 1.626802e-01
7.111111e+01 1.625666e-01
7.166667e+01 1.622643e-01
7.222222e+01 1.617814e-01
7.277778e+01 1.611263e-01
7.333333e+01 1.603073e-01
7.388889e+01 1.593326e-01
7.444444e+01 1.582105e-01
7.500000e+01 1.569493e-01
7.555556e+01 1.555572e-01
7.611111e+01 1.540422e-01
7.666667e+01 1.524124e-01
7.722222e+01 1.506754e-01
7.777778e+01 1.488390e-01
7.833333e+01 1.469108e-01
7.888889e+01 1.448980e-01
7.944444e+01 1.428078e-01
8.000000e+01 1.406472e-01
8.055556e+01 1.384229e-01
8.111111e+01 1.361414e-01
8.166667e+01 1.338090e-01
8.222222e+01 1.314319e-01
8.277778e+01 1.290159e-01
8.333333e+01 1.265668e-01
8.388889e+01 1.240898e-01
8.444444e+01 1.215901e-01
8.500000e+01 1.190728e-01
8.555556e+01 1.165424e-01
8.611111e+01 1.140035e-01
8.666667e+01 1.114604e-01
8.722222e+01 1.089170e-01
8.777778e+01 1.063773e-01
8.833333e+01 1.038447e-01
8.888889e+01 1.013227e-01
8.944444e+01 9.881435e-02
9.000000e+01 9.632272e-02
9.055556e+01 9.385055e-02
9.111111e+01 9.140040e-02
9.166667e+01 8.897468e-02
9.222222e+01 8.657558e-02
9.277778e+01 8.420515e-02
9.333333e+01 8.186523e-02
9.388889e+01 7.955754e-02
9.444444e+01 7.728360e-02
9.500000e+01 7.504481e-02
9.555556e+01 7.284242e-02
9.611111e+01 7.067752e-02
9.666667e+01 6.855109e-02
9.722222e+01 6.646397e-02
9.777778e+01 6.441689e-02
9.833333e+01 6.241047e-02
9.888889e+01 6.044521e-02
9.944444e+01 5.852152e-02
1.000000e+02 5.663973e-02
1.011111e+02 5.300229e-02
1.022222e+02 4.953420e-02
1.033333e+02 4.623473e-02
1.044444e+02 4.310217e-02
1.055556e+02 4.013400e-02
1.066667e+02 3.732699e-02
1.077778e+02 3.467726e-02
1.088889e+02 3.218043e-02
1.100000e+02 2.983166e-02
1.111111e+02 2.762578e-02
1.122222e+02 2.555733e-02
1.133333e+02 2.362066e-02
1.144444e+02 2.180999e-02
1.155556e+02 2.011945e-02
1.166667e+02 1.854315e-02
1.177778e+02 1.707525e-02
1.188889e+02 1.570997e-02
1.200000e+02 1.444162e-02
1.211111e+02 1.326469e-02
1.222222e+02 1.217380e-02
1.233333e+02 1.116376e-02
1.244444e+02 1.022961e-02
1.255556e+02 9.366552e-03
1.266667e+02 8.570022e-03
1.277778e+02 7.835653e-03
1.288889e+02 7.159269e-03
1.300000e+02 6.536876e-03
1.311111e+02 5.964630e-03
1.322222e+02 5.438821e-03
1.333333e+02 4.955828e-03
1.344444e+02 4.513052e-03
1.355556e+02 4.107290e-03
1.366667e+02 3.735734e-03
1.377778e+02 3.395759e-03
1.388889e+02 3.084911e-03
1.400000e+02 2.800905e-03
1.411111e+02 2.541609e-03
1.422222e+02 2.305039e-03
1.433333e+02 2.089354e-03
1.444444e+02 1.892841e-03
1.455556e+02 1.713914e-03
1.466667e+02 1.551104e-03
1.477778e+02 1.403051e-03
1.488889e+02 1.268501e-03
1.500000e+02 1.146296e-03
1.511111e+02 1.035366e-03
1.522222e+02 9.347305e-04
1.533333e+02 8.434844e-04
1.544444e+02 7.607976e-04
1.555556e+02 6.859080e-04
1.566667e+02 6.181169e-04
1.577778e+02 5.567839e-04
1.588889e+02 5.013230e-04
1.600000e+02 4.511978e-04
1.611111e+02 4.059178e-04
1.622222e+02 3.650349e-04
1.633333e+02 3.281393e-04
1.644444e+02 2.948571e-04
1.655556e+02 2.648466e-04
1.666667e+02 2.377960e-04
1.677778e+02 2.134331e-04
1.688889e+02 1.914918e-04
1.700000e+02 1.717422e-04
1.711111e+02 1.539740e-04
1.722222e+02 1.379960e-04
1.733333e+02 1.236339e-04
1.744444e+02 1.107293e-04
1.755556e+02 9.913868e-05
1.766667e+02 8.873191e-05
1.777778e+02 7.939128e-05
1.788889e+02 7.101042e-05
1.800000e+02 6.349331e-05
1.811111e+02 5.675329e-05
1.822222e+02 5.071226e-05
1.833333e+02 4.529981e-05
1.844444e+02 4.045246e-05
1.855556e+02 3.611299e-05
1.866667e+02 3.222981e-05
1.877778e+02 2.875632e-05
1.888889e+02 2.565048e-05
1.900000e+02 2.287428e-05
1.911111e+02 2.039341e-05
1.922222e+02 1.817684e-05
1.933333e+02 1.619664e-05
1.944444e+02 1.442769e-05
1.955556e+02 1.284756e-05
1.966667e+02 1.143639e-05
1.977778e+02 1.017690e-05
1.988889e+02 9.054357e-06
2.000000e+02 8.056705e-06
2.022222e+02 6.378979e-06
2.044444e+02 5.036990e-06
2.066667e+02 3.969468e-06
2.088889e+02 3.124461e-06
2.111111e+02 2.458312e-06
2.133333e+02 1.934705e-06
2.155556e+02 1.523754e-06
2.177778e+02 1.201165e-06
2.200000e+02 9.474500e-07
2.222222e+02 7.472036e-07
2.244444e+02 5.884334e-07
2.266667e+02 4.619551e-07
2.288889e+02 3.608437e-07
2.311111e+02 2.799440e-07
2.333333e+02 2.154407e-07
2.355556e+02 1.644870e-07
2.377778e+02 1.248922e-07
2.400000e+02 9.486898e-08
2.422222e+02 7.283881e-08
2.444444e+02 5.729691e-08
2.466667e+02 4.673606e-08
2.488889e+02 3.962948e-08
2.511111e+02 3.447266e-08
2.533333e+02 2.988423e-08
2.555556e+02 2.476586e-08
2.577778e+02 1.852114e-08
2.600000e+02 1.133349e-08
2.622222e+02 4.503080e-09
2.644444e+02 8.427469e-10
2.666667e+02 5.132957e-09
2.711111e+02 3.193076e-09
2.755556e+02 1.893099e-09
2.800000e+02 1.061827e-09
2.844444e+02 5.623754e-10
2.888889e+02 2.876067e-10
2.933333e+02 1.558707e-10
2.977778e+02 1.070447e-10
3.022222e+02 9.887816e-11
3.066667e+02 1.036399e-10
3.111111e+02 1.050689e-10
3.155556e+02 9.562716e-11
3.200000e+02 7.405659e-11
3.244444e+02 4.323810e-11
3.288889e+02 8.354202e-12
3.333333e+02 -2.464564e-11
3.377778e+02 -5.027652e-11
3.422222e+02 -6.444659e-11
3.466667e+02 -6.508263e-11
3.511111e+02 -5.245253e-11
3.555556e+02 -2.918482e-11
3.600000e+02 1.492770e-14
3.644444e+02 2.895053e-11
3.688889e+02 5.082480e-11
3.733333e+02 5.943208e-11
3.777778e+02 5.065381e-11
3.822222e+02 2.425709e-11
3.866667e+02 -1.400371e-11
3.911111e+02 -4.998232e-11
3.955556e+02 -5.843303e-11
4.000000e+02 -7.272428e-25
