# 
# Output from EIGENRAD program.
# 
# Eigenfunction for specific electronic state.
# The first column contains radius $r$ in bohr units.
# The second column holds value of eginefunction.
# 
# Use this file with gnuplot to create the plot.
#
0.000000e+00 0.000000e+00
1.388889e-01 4.501451e-09
2.777778e-01 -3.201329e-08
4.166667e-01 -9.346636e-08
5.555556e-01 -2.253751e-07
6.944444e-01 -5.400933e-07
8.333333e-01 -1.221306e-06
9.722222e-01 -2.527780e-06
1.111111e+00 -4.796364e-06
1.250000e+00 -8.444248e-06
1.388889e+00 -1.397047e-05
1.527778e+00 -2.195669e-05
1.666667e+00 -3.306720e-05
1.805556e+00 -4.804820e-05
1.944444e+00 -6.772630e-05
2.083333e+00 -9.300636e-05
2.222222e+00 -1.248685e-04
2.361111e+00 -1.643642e-04
2.500000e+00 -2.126124e-04
2.638889e+00 -2.707934e-04
2.777778e+00 -3.401439e-04
2.916667e+00 -4.219496e-04
3.055556e+00 -5.175379e-04
3.194444e+00 -6.282699e-04
3.333333e+00 -7.555314e-04
3.472222e+00 -9.007231e-04
3.611111e+00 -1.065250e-03
3.750000e+00 -1.250512e-03
3.888889e+00 -1.457887e-03
4.027778e+00 -1.688726e-03
4.166667e+00 -1.944332e-03
4.305556e+00 -2.226276e-03
4.444444e+00 -2.535789e-03
4.583333e+00 -2.874171e-03
4.722222e+00 -3.242682e-03
4.861111e+00 -3.642537e-03
5.000000e+00 -4.074902e-03
5.138889e+00 -4.540889e-03
5.277778e+00 -5.041553e-03
5.416667e+00 -5.577888e-03
5.555556e+00 -6.150821e-03
5.694444e+00 -6.761215e-03
5.833333e+00 -7.409860e-03
5.972222e+00 -8.097473e-03
6.111111e+00 -8.824695e-03
6.250000e+00 -9.592092e-03
6.388889e+00 -1.040015e-02
6.527778e+00 -1.124927e-02
6.666667e+00 -1.213977e-02
6.805556e+00 -1.307190e-02
6.944444e+00 -1.404582e-02
7.083333e+00 -1.506159e-02
7.222222e+00 -1.611920e-02
7.361111e+00 -1.721856e-02
7.500000e+00 -1.835949e-02
7.638889e+00 -1.954173e-02
7.777778e+00 -2.076494e-02
7.916667e+00 -2.202869e-02
8.055556e+00 -2.333250e-02
8.194444e+00 -2.467577e-02
8.333333e+00 -2.605786e-02
8.611111e+00 -2.893567e-02
8.888889e+00 -3.195876e-02
9.166667e+00 -3.511956e-02
9.444444e+00 -3.840935e-02
9.722222e+00 -4.181840e-02
1.000000e+01 -4.533606e-02
1.027778e+01 -4.895089e-02
1.055556e+01 -5.265074e-02
1.083333e+01 -5.642288e-02
1.111111e+01 -6.025405e-02
1.138889e+01 -6.413060e-02
1.166667e+01 -6.803856e-02
1.194444e+01 -7.196372e-02
1.222222e+01 -7.589174e-02
1.250000e+01 -7.980818e-02
1.277778e+01 -8.369864e-02
1.305556e+01 -8.754879e-02
1.333333e+01 -9.134444e-02
1.361111e+01 -9.507164e-02
1.388889e+01 -9.871671e-02
1.416667e+01 -1.022663e-01
1.444444e+01 -1.057075e-01
1.472222e+01 -1.090278e-01
1.500000e+01 -1.122152e-01
1.527778e+01 -1.152583e-01
1.555556e+01 -1.181463e-01
1.583333e+01 -1.208689e-01
1.611111e+01 -1.234165e-01
1.638889e+01 -1.257804e-01
1.666667e+01 -1.279525e-01
1.694444e+01 -1.299247e-01
1.722222e+01 -1.316906e-01
1.750000e+01 -1.332441e-01
1.777778e+01 -1.345796e-01
1.805556e+01 -1.356924e-01
1.833333e+01 -1.365787e-01
1.861111e+01 -1.372352e-01
1.888889e+01 -1.376594e-01
1.916667e+01 -1.378494e-01
1.944444e+01 -1.378042e-01
1.972222e+01 -1.375231e-01
2.000000e+01 -1.370065e-01
2.027778e+01 -1.362549e-01
2.055556e+01 -1.352700e-01
2.083333e+01 -1.340535e-01
2.111111e+01 -1.326080e-01
2.138889e+01 -1.309366e-01
2.166667e+01 -1.290428e-01
2.194444e+01 -1.269307e-01
2.222222e+01 -1.246048e-01
2.250000e+01 -1.220701e-01
2.277778e+01 -1.193320e-01
2.305556e+01 -1.163960e-01
2.333333e+01 -1.132685e-01
2.361111e+01 -1.099556e-01
2.388889e+01 -1.064643e-01
2.416667e+01 -1.028013e-01
2.444444e+01 -9.897382e-02
2.472222e+01 -9.498927e-02
2.500000e+01 -9.085512e-02
2.527778e+01 -8.657929e-02
2.555556e+01 -8.216958e-02
2.583333e+01 -7.763395e-02
2.611111e+01 -7.298048e-02
2.638889e+01 -6.821731e-02
2.666667e+01 -6.335259e-02
2.694444e+01 -5.839452e-02
2.722222e+01 -5.335129e-02
2.750000e+01 -4.823106e-02
2.777778e+01 -4.304197e-02
2.805556e+01 -3.779209e-02
2.833333e+01 -3.248941e-02
2.861111e+01 -2.714186e-02
2.888889e+01 -2.175725e-02
2.916667e+01 -1.634326e-02
2.944444e+01 -1.090747e-02
2.972222e+01 -5.457289e-03
3.000000e+01 8.322441e-09
3.027778e+01 5.457318e-03
3.055556e+01 1.090771e-02
3.083333e+01 1.634443e-02
3.111111e+01 2.176093e-02
3.138889e+01 2.715084e-02
3.166667e+01 3.250801e-02
3.194444e+01 3.782647e-02
3.222222e+01 4.310050e-02
3.250000e+01 4.832458e-02
3.277778e+01 5.349339e-02
3.305556e+01 5.860185e-02
3.333333e+01 6.364511e-02
3.388889e+01 7.351710e-02
3.444444e+01 8.307677e-02
3.500000e+01 9.229264e-02
3.555556e+01 1.011372e-01
3.611111e+01 1.095869e-01
3.666667e+01 1.176215e-01
3.722222e+01 1.252244e-01
3.777778e+01 1.323824e-01
3.833333e+01 1.390850e-01
3.888889e+01 1.453251e-01
3.944444e+01 1.510979e-01
4.000000e+01 1.564013e-01
4.055556e+01 1.612359e-01
4.111111e+01 1.656041e-01
4.166667e+01 1.695105e-01
4.222222e+01 1.729618e-01
4.277778e+01 1.759662e-01
4.333333e+01 1.785336e-01
4.388889e+01 1.806752e-01
4.444444e+01 1.824036e-01
4.500000e+01 1.837324e-01
4.555556e+01 1.846761e-01
4.611111e+01 1.852501e-01
4.666667e+01 1.854704e-01
4.722222e+01 1.853535e-01
4.777778e+01 1.849161e-01
4.833333e+01 1.841752e-01
4.888889e+01 1.831479e-01
4.944444e+01 1.818510e-01
5.000000e+01 1.803014e-01
5.055556e+01 1.785174e-01
5.111111e+01 1.765151e-01
5.166667e+01 1.743114e-01
5.222222e+01 1.719226e-01
5.277778e+01 1.693648e-01
5.333333e+01 1.666534e-01
5.388889e+01 1.638037e-01
5.444444e+01 1.608301e-01
5.500000e+01 1.577469e-01
5.555556e+01 1.545674e-01
5.611111e+01 1.513047e-01
5.666667e+01 1.479712e-01
5.722222e+01 1.445789e-01
5.777778e+01 1.411389e-01
5.833333e+01 1.376619e-01
5.888889e+01 1.341582e-01
5.944444e+01 1.306371e-01
6.000000e+01 1.271076e-01
6.055556e+01 1.235782e-01
6.111111e+01 1.200565e-01
6.166667e+01 1.165499e-01
6.222222e+01 1.130650e-01
6.277778e+01 1.096080e-01
6.333333e+01 1.061846e-01
6.388889e+01 1.027999e-01
6.444444e+01 9.945864e-02
6.500000e+01 9.616519e-02
6.555556e+01 9.292339e-02
6.611111e+01 8.973677e-02
6.666667e+01 8.660852e-02
6.722222e+01 8.354099e-02
6.777778e+01 8.053666e-02
6.833333e+01 7.759750e-02
6.888889e+01 7.472520e-02
6.944444e+01 7.192114e-02
7.000000e+01 6.918643e-02
7.055556e+01 6.652192e-02
7.111111e+01 6.392819e-02
7.166667e+01 6.140563e-02
7.222222e+01 5.895441e-02
7.277778e+01 5.657449e-02
7.333333e+01 5.426568e-02
7.388889e+01 5.202760e-02
7.444444e+01 4.985975e-02
7.500000e+01 4.776145e-02
7.555556e+01 4.573194e-02
7.611111e+01 4.377032e-02
7.666667e+01 4.187560e-02
7.722222e+01 4.004671e-02
7.777778e+01 3.828248e-02
7.833333e+01 3.658169e-02
7.888889e+01 3.494306e-02
7.944444e+01 3.336524e-02
8.000000e+01 3.184685e-02
8.055556e+01 3.038649e-02
8.111111e+01 2.898269e-02
8.166667e+01 2.763400e-02
8.222222e+01 2.633894e-02
8.277778e+01 2.509599e-02
8.333333e+01 2.390366e-02
8.388889e+01 2.276045e-02
8.444444e+01 2.166486e-02
8.500000e+01 2.061541e-02
8.555556e+01 1.961060e-02
8.611111e+01 1.864896e-02
8.666667e+01 1.772905e-02
8.722222e+01 1.684943e-02
8.777778e+01 1.600870e-02
8.833333e+01 1.520546e-02
8.888889e+01 1.443836e-02
8.944444e+01 1.370606e-02
9.000000e+01 1.300726e-02
9.055556e+01 1.234069e-02
9.111111e+01 1.170508e-02
9.166667e+01 1.109923e-02
9.222222e+01 1.052195e-02
9.277778e+01 9.972093e-03
9.333333e+01 9.448533e-03
9.388889e+01 8.950186e-03
9.444444e+01 8.475997e-03
9.500000e+01 8.024944e-03
9.555556e+01 7.596038e-03
9.611111e+01 7.188325e-03
9.666667e+01 6.800879e-03
9.722222e+01 6.432809e-03
9.777778e+01 6.083253e-03
9.833333e+01 5.751379e-03
9.888889e+01 5.436384e-03
9.944444e+01 5.137495e-03
1.000000e+02 4.853962e-03
1.011111e+02 4.330178e-03
1.022222e+02 3.859638e-03
1.033333e+02 3.437380e-03
1.044444e+02 3.058844e-03
1.055556e+02 2.719847e-03
1.066667e+02 2.416558e-03
1.077778e+02 2.145476e-03
1.088889e+02 1.903405e-03
1.100000e+02 1.687436e-03
1.111111e+02 1.494922e-03
1.122222e+02 1.323462e-03
1.133333e+02 1.170878e-03
1.144444e+02 1.035202e-03
1.155556e+02 9.146558e-04
1.166667e+02 8.076336e-04
1.177778e+02 7.126908e-04
1.188889e+02 6.285268e-04
1.200000e+02 5.539731e-04
1.211111e+02 4.879802e-04
1.222222e+02 4.296067e-04
1.233333e+02 3.780083e-04
1.244444e+02 3.324288e-04
1.255556e+02 2.921911e-04
1.266667e+02 2.566896e-04
1.277778e+02 2.253834e-04
1.288889e+02 1.977907e-04
1.300000e+02 1.734836e-04
1.311111e+02 1.520843e-04
1.322222e+02 1.332620e-04
1.333333e+02 1.167308e-04
1.344444e+02 1.021992e-04
1.355556e+02 8.942952e-05
1.366667e+02 7.821799e-05
1.377778e+02 6.838199e-05
1.388889e+02 5.975844e-05
1.400000e+02 5.220211e-05
1.411111e+02 4.558401e-05
1.422222e+02 3.978993e-05
1.433333e+02 3.471896e-05
1.444444e+02 3.028219e-05
1.455556e+02 2.640146e-05
1.466667e+02 2.300815e-05
1.477778e+02 2.004214e-05
1.488889e+02 1.745075e-05
1.500000e+02 1.518788e-05
1.511111e+02 1.321310e-05
1.522222e+02 1.149095e-05
1.533333e+02 9.990238e-06
1.544444e+02 8.683463e-06
1.555556e+02 7.546293e-06
1.566667e+02 6.557152e-06
1.577778e+02 5.696874e-06
1.588889e+02 4.948444e-06
1.600000e+02 4.296827e-06
1.611111e+02 3.728869e-06
1.622222e+02 3.233296e-06
1.633333e+02 2.800781e-06
1.644444e+02 2.424103e-06
1.655556e+02 2.098390e-06
1.666667e+02 1.821438e-06
1.677778e+02 1.577523e-06
1.688889e+02 1.365694e-06
1.700000e+02 1.181905e-06
1.711111e+02 1.022566e-06
1.722222e+02 8.845059e-07
1.733333e+02 7.649346e-07
1.744444e+02 6.614035e-07
1.755556e+02 5.717732e-07
1.766667e+02 4.941802e-07
1.777778e+02 4.270069e-07
1.788889e+02 3.688530e-07
1.800000e+02 3.185090e-07
1.811111e+02 2.749323e-07
1.822222e+02 2.372242e-07
1.833333e+02 2.046104e-07
1.844444e+02 1.764219e-07
1.855556e+02 1.520795e-07
1.866667e+02 1.310789e-07
1.877778e+02 1.129790e-07
1.888889e+02 9.739157e-08
1.900000e+02 8.397292e-08
1.911111e+02 7.241797e-08
1.922222e+02 6.245605e-08
1.933333e+02 5.384885e-08
1.944444e+02 4.639031e-08
1.955556e+02 3.990864e-08
1.966667e+02 3.427026e-08
1.977778e+02 2.938583e-08
1.988889e+02 2.521830e-08
2.000000e+02 2.179291e-08
2.022222e+02 1.618196e-08
2.044444e+02 1.193461e-08
2.066667e+02 8.758827e-09
2.088889e+02 6.412691e-09
2.111111e+02 4.698390e-09
2.133333e+02 3.456622e-09
2.155556e+02 2.561349e-09
2.177778e+02 1.914916e-09
2.200000e+02 1.443542e-09
2.222222e+02 1.093179e-09
2.244444e+02 8.257372e-10
2.266667e+02 6.156730e-10
2.288889e+02 4.469541e-10
2.311111e+02 3.103849e-10
2.333333e+02 2.013018e-10
2.355556e+02 1.176358e-10
2.377778e+02 5.834302e-11
2.400000e+02 2.220202e-11
2.422222e+02 6.979332e-12
2.444444e+02 8.962165e-12
2.466667e+02 2.285872e-11
2.488889e+02 4.206606e-11
2.511111e+02 5.930554e-11
2.533333e+02 6.762571e-11
2.555556e+02 6.177281e-11
2.577778e+02 3.992877e-11
2.600000e+02 5.816766e-12
2.622222e+02 -2.882571e-11
2.644444e+02 -4.140623e-11
2.666667e+02 4.730743e-12
2.711111e+02 2.708546e-12
2.755556e+02 1.413874e-12
2.800000e+02 6.403486e-13
2.844444e+02 2.246397e-13
2.888889e+02 4.057594e-14
2.933333e+02 -6.346478e-15
2.977778e+02 1.594433e-14
3.022222e+02 6.140279e-14
3.066667e+02 1.015722e-13
3.111111e+02 1.216900e-13
3.155556e+02 1.171927e-13
3.200000e+02 9.061913e-14
3.244444e+02 4.891396e-14
3.288889e+02 1.129350e-15
3.333333e+02 -4.347353e-14
3.377778e+02 -7.692412e-14
3.422222e+02 -9.364280e-14
3.466667e+02 -9.114208e-14
3.511111e+02 -7.032867e-14
3.555556e+02 -3.540628e-14
3.600000e+02 6.620715e-15
3.644444e+02 4.684273e-14
3.688889e+02 7.573970e-14
3.733333e+02 8.487488e-14
3.777778e+02 6.898789e-14
3.822222e+02 2.848691e-14
3.866667e+02 -2.765993e-14
3.911111e+02 -7.863405e-14
3.955556e+02 -8.807670e-14
4.000000e+02 -1.074411e-27
