# 
# Output from EIGENRAD program.
# 
# Eigenfunction for specific electronic state.
# The first column contains radius $r$ in bohr units.
# The second column holds value of eginefunction.
# 
# Use this file with gnuplot to create the plot.
#
0.000000e+00 0.000000e+00 -1.999995e+00
2.777778e-02 -5.403353e-02 -1.945207e+00
5.555556e-02 -1.051066e-01 -1.891918e+00
8.333333e-02 -1.533408e-01 -1.840089e+00
1.111111e-01 -1.988532e-01 -1.789679e+00
1.388889e-01 -2.417569e-01 -1.740650e+00
1.666667e-01 -2.821606e-01 -1.692964e+00
1.944444e-01 -3.201691e-01 -1.646584e+00
2.222222e-01 -3.558833e-01 -1.601475e+00
2.500000e-01 -3.894003e-01 -1.557601e+00
2.777778e-01 -4.208139e-01 -1.514930e+00
3.055556e-01 -4.502140e-01 -1.473428e+00
3.333333e-01 -4.776875e-01 -1.433062e+00
3.611111e-01 -5.033177e-01 -1.393803e+00
3.888889e-01 -5.271852e-01 -1.355619e+00
4.166667e-01 -5.493672e-01 -1.318481e+00
4.444444e-01 -5.699382e-01 -1.282361e+00
4.722222e-01 -5.889697e-01 -1.247230e+00
5.000000e-01 -6.065307e-01 -1.213061e+00
5.277778e-01 -6.226875e-01 -1.179829e+00
5.555556e-01 -6.375039e-01 -1.147507e+00
5.833333e-01 -6.510410e-01 -1.116070e+00
6.111111e-01 -6.633580e-01 -1.085495e+00
6.388889e-01 -6.745115e-01 -1.055757e+00
6.666667e-01 -6.845561e-01 -1.026834e+00
6.944444e-01 -6.935441e-01 -9.987035e-01
7.222222e-01 -7.015259e-01 -9.713435e-01
7.500000e-01 -7.085498e-01 -9.447331e-01
7.777778e-01 -7.146624e-01 -9.188517e-01
8.055556e-01 -7.199083e-01 -8.936793e-01
8.333333e-01 -7.243303e-01 -8.691964e-01
8.611111e-01 -7.279698e-01 -8.453843e-01
8.888889e-01 -7.308663e-01 -8.222246e-01
9.166667e-01 -7.330577e-01 -7.996993e-01
9.444444e-01 -7.345805e-01 -7.777912e-01
9.722222e-01 -7.354697e-01 -7.564832e-01
1.000000e+00 -7.357589e-01 -7.357589e-01
1.027778e+00 -7.354802e-01 -7.156024e-01
1.055556e+00 -7.346646e-01 -6.959981e-01
1.083333e+00 -7.333417e-01 -6.769308e-01
1.111111e+00 -7.315399e-01 -6.583860e-01
1.138889e+00 -7.292865e-01 -6.403491e-01
1.166667e+00 -7.266075e-01 -6.228064e-01
1.194444e+00 -7.235279e-01 -6.057443e-01
1.222222e+00 -7.200718e-01 -5.891496e-01
1.250000e+00 -7.162620e-01 -5.730096e-01
1.277778e+00 -7.121205e-01 -5.573117e-01
1.305556e+00 -7.076684e-01 -5.420439e-01
1.333333e+00 -7.029257e-01 -5.271943e-01
1.361111e+00 -6.979118e-01 -5.127515e-01
1.388889e+00 -6.926451e-01 -4.987044e-01
1.416667e+00 -6.871431e-01 -4.850422e-01
1.444444e+00 -6.814227e-01 -4.717542e-01
1.472222e+00 -6.755000e-01 -4.588302e-01
1.500000e+00 -6.693905e-01 -4.462603e-01
1.527778e+00 -6.631087e-01 -4.340348e-01
1.555556e+00 -6.566687e-01 -4.221442e-01
1.583333e+00 -6.500839e-01 -4.105793e-01
1.611111e+00 -6.433671e-01 -3.993313e-01
1.638889e+00 -6.365304e-01 -3.883914e-01
1.666667e+00 -6.295853e-01 -3.777512e-01
1.722222e+00 -6.154137e-01 -3.573370e-01
1.777778e+00 -6.009359e-01 -3.380265e-01
1.833333e+00 -5.862260e-01 -3.197597e-01
1.888889e+00 -5.713509e-01 -3.024799e-01
1.944444e+00 -5.563713e-01 -2.861338e-01
2.000000e+00 -5.413419e-01 -2.706709e-01
2.055556e+00 -5.263118e-01 -2.560436e-01
2.111111e+00 -5.113251e-01 -2.422066e-01
2.166667e+00 -4.964211e-01 -2.291175e-01
2.222222e+00 -4.816348e-01 -2.167357e-01
2.277778e+00 -4.669970e-01 -2.050231e-01
2.333333e+00 -4.525349e-01 -1.939435e-01
2.388889e+00 -4.382723e-01 -1.834628e-01
2.444444e+00 -4.242297e-01 -1.735485e-01
2.500000e+00 -4.104251e-01 -1.641700e-01
2.555556e+00 -3.968735e-01 -1.552983e-01
2.611111e+00 -3.835881e-01 -1.469061e-01
2.666667e+00 -3.705794e-01 -1.389673e-01
2.722222e+00 -3.578563e-01 -1.314574e-01
2.777778e+00 -3.454259e-01 -1.243533e-01
2.833333e+00 -3.332937e-01 -1.176331e-01
2.888889e+00 -3.214640e-01 -1.112760e-01
2.944444e+00 -3.099394e-01 -1.052624e-01
3.000000e+00 -2.987217e-01 -9.957389e-02
3.055556e+00 -2.878114e-01 -9.419283e-02
3.111111e+00 -2.772082e-01 -8.910265e-02
3.166667e+00 -2.669108e-01 -8.428762e-02
3.222222e+00 -2.569169e-01 -7.973283e-02
3.277778e+00 -2.472235e-01 -7.542411e-02
3.333333e+00 -2.378266e-01 -7.134799e-02
3.388889e+00 -2.287238e-01 -6.749228e-02
3.444444e+00 -2.199105e-01 -6.384497e-02
3.500000e+00 -2.113817e-01 -6.039478e-02
3.555556e+00 -2.031325e-01 -5.713103e-02
3.611111e+00 -1.951576e-01 -5.404364e-02
3.666667e+00 -1.874513e-01 -5.112309e-02
3.722222e+00 -1.800080e-01 -4.836036e-02
3.777778e+00 -1.728217e-01 -4.574693e-02
3.833333e+00 -1.658864e-01 -4.327473e-02
3.888889e+00 -1.591960e-01 -4.093613e-02
3.944444e+00 -1.527443e-01 -3.872391e-02
4.000000e+00 -1.465250e-01 -3.663125e-02
4.055556e+00 -1.405318e-01 -3.465168e-02
4.111111e+00 -1.347585e-01 -3.277910e-02
4.166667e+00 -1.291988e-01 -3.100771e-02
4.222222e+00 -1.238464e-01 -2.933205e-02
4.277778e+00 -1.186952e-01 -2.774694e-02
4.333333e+00 -1.137391e-01 -2.624748e-02
4.388889e+00 -1.089720e-01 -2.482906e-02
4.444444e+00 -1.043879e-01 -2.348728e-02
4.500000e+00 -9.998101e-02 -2.221800e-02
4.555556e+00 -9.574557e-02 -2.101732e-02
4.611111e+00 -9.167591e-02 -1.988152e-02
4.666667e+00 -8.776649e-02 -1.880711e-02
4.722222e+00 -8.401191e-02 -1.779076e-02
4.777778e+00 -8.040684e-02 -1.682934e-02
4.833333e+00 -7.694610e-02 -1.591988e-02
4.888889e+00 -7.362459e-02 -1.505958e-02
4.944444e+00 -7.043735e-02 -1.424576e-02
5.000000e+00 -6.737947e-02 -1.347589e-02
5.055556e+00 -6.444644e-02 -1.274765e-02
5.111111e+00 -6.163366e-02 -1.205876e-02
5.166667e+00 -5.893668e-02 -1.140710e-02
5.222222e+00 -5.635119e-02 -1.079065e-02
5.277778e+00 -5.387303e-02 -1.020752e-02
5.333333e+00 -5.149814e-02 -9.655901e-03
5.388889e+00 -4.922260e-02 -9.134091e-03
5.444444e+00 -4.704261e-02 -8.640479e-03
5.500000e+00 -4.495448e-02 -8.173542e-03
5.555556e+00 -4.295466e-02 -7.731839e-03
5.611111e+00 -4.103970e-02 -7.314006e-03
5.666667e+00 -3.920627e-02 -6.918753e-03
5.722222e+00 -3.745115e-02 -6.544860e-03
5.777778e+00 -3.577122e-02 -6.191173e-03
5.833333e+00 -3.416350e-02 -5.856600e-03
5.888889e+00 -3.262507e-02 -5.540106e-03
5.944444e+00 -3.115315e-02 -5.240717e-03
6.000000e+00 -2.974504e-02 -4.957506e-03
6.055556e+00 -2.839813e-02 -4.689600e-03
6.111111e+00 -2.710993e-02 -4.436171e-03
6.166667e+00 -2.587803e-02 -4.196437e-03
6.222222e+00 -2.470010e-02 -3.969659e-03
6.277778e+00 -2.357391e-02 -3.755136e-03
6.333333e+00 -2.249730e-02 -3.552206e-03
6.388889e+00 -2.146822e-02 -3.360243e-03
6.444444e+00 -2.048466e-02 -3.178654e-03
6.500000e+00 -1.954471e-02 -3.006878e-03
6.555556e+00 -1.864653e-02 -2.844386e-03
6.611111e+00 -1.778834e-02 -2.690674e-03
6.666667e+00 -1.696845e-02 -2.545268e-03
6.777778e+00 -1.543717e-02 -2.277615e-03
6.888889e+00 -1.404021e-02 -2.038096e-03
7.000000e+00 -1.276632e-02 -1.823760e-03
7.111111e+00 -1.160509e-02 -1.631966e-03
7.222222e+00 -1.054693e-02 -1.460344e-03
7.333333e+00 -9.583005e-03 -1.306773e-03
7.444444e+00 -8.705204e-03 -1.169356e-03
7.555556e+00 -7.906064e-03 -1.046391e-03
7.666667e+00 -7.178741e-03 -9.363575e-04
7.777778e+00 -6.516957e-03 -8.378944e-04
7.888889e+00 -5.914963e-03 -7.497841e-04
8.000000e+00 -5.367497e-03 -6.709372e-04
8.111111e+00 -4.869745e-03 -6.003795e-04
8.222222e+00 -4.417306e-03 -5.372399e-04
8.333333e+00 -4.006156e-03 -4.807388e-04
8.444444e+00 -3.632623e-03 -4.301790e-04
8.555556e+00 -3.293348e-03 -3.849367e-04
8.666667e+00 -2.985264e-03 -3.444535e-04
8.777778e+00 -2.705570e-03 -3.082295e-04
8.888889e+00 -2.451707e-03 -2.758170e-04
9.000000e+00 -2.221335e-03 -2.468150e-04
9.111111e+00 -2.012317e-03 -2.208641e-04
9.222222e+00 -1.822704e-03 -1.976426e-04
9.333333e+00 -1.650714e-03 -1.768622e-04
9.444444e+00 -1.494725e-03 -1.582650e-04
9.555556e+00 -1.353264e-03 -1.416206e-04
9.666667e+00 -1.224996e-03 -1.267237e-04
9.777778e+00 -1.108721e-03 -1.133920e-04
9.888889e+00 -1.003370e-03 -1.014644e-04
1.000000e+01 -9.079986e-04 -9.079986e-05
1.011111e+01 -8.215501e-04 -8.125221e-05
1.022222e+01 -7.432300e-04 -7.270728e-05
1.033333e+01 -6.722923e-04 -6.506055e-05
1.044444e+01 -6.080555e-04 -5.821808e-05
1.055556e+01 -5.498972e-04 -5.209552e-05
1.066667e+01 -4.972501e-04 -4.661720e-05
1.077778e+01 -4.495980e-04 -4.171528e-05
1.088889e+01 -4.064716e-04 -3.732902e-05
1.100000e+01 -3.674445e-04 -3.340405e-05
1.111111e+01 -3.321303e-04 -2.989172e-05
1.122222e+01 -3.001784e-04 -2.674857e-05
1.133333e+01 -2.712716e-04 -2.393573e-05
1.144444e+01 -2.451223e-04 -2.141846e-05
1.155556e+01 -2.214706e-04 -1.916572e-05
1.166667e+01 -2.000808e-04 -1.714978e-05
1.177778e+01 -1.807396e-04 -1.534581e-05
1.188889e+01 -1.632537e-04 -1.373162e-05
1.200000e+01 -1.474479e-04 -1.228733e-05
1.211111e+01 -1.331629e-04 -1.099511e-05
1.222222e+01 -1.202543e-04 -9.838985e-06
1.233333e+01 -1.085904e-04 -8.804627e-06
1.244444e+01 -9.805179e-05 -7.879162e-06
1.255556e+01 -8.852971e-05 -7.051039e-06
1.266667e+01 -7.992548e-05 -6.309906e-06
1.277778e+01 -7.214977e-05 -5.646504e-06
1.288889e+01 -6.512219e-05 -5.052583e-06
1.300000e+01 -5.877101e-05 -4.520847e-06
1.311111e+01 -5.303313e-05 -4.044900e-06
1.322222e+01 -4.785420e-05 -3.619225e-06
1.333333e+01 -4.318897e-05 -3.239173e-06
1.355556e+01 -3.518411e-05 -2.595549e-06
1.377778e+01 -2.862657e-05 -2.077735e-06
1.400000e+01 -2.327268e-05 -1.662334e-06
1.422222e+01 -1.891372e-05 -1.329871e-06
1.444444e+01 -1.537227e-05 -1.064234e-06
1.466667e+01 -1.249870e-05 -8.521843e-07
1.488889e+01 -1.016794e-05 -6.829211e-07
1.511111e+01 -8.276369e-06 -5.477009e-07
1.533333e+01 -6.739032e-06 -4.395021e-07
1.555556e+01 -5.486947e-06 -3.527323e-07
1.577778e+01 -4.464689e-06 -2.829733e-07
1.600000e+01 -3.628158e-06 -2.267599e-07
1.622222e+01 -2.942558e-06 -1.813906e-07
1.644444e+01 -2.380583e-06 -1.447652e-07
1.666667e+01 -1.920811e-06 -1.152487e-07
1.688889e+01 -1.546304e-06 -9.155750e-08
1.711111e+01 -1.243419e-06 -7.266734e-08
1.733333e+01 -1.000818e-06 -5.773952e-08
1.755556e+01 -8.086982e-07 -4.606509e-08
1.777778e+01 -6.582155e-07 -3.702462e-08
1.800000e+01 -5.411265e-07 -3.006258e-08
1.822222e+01 -4.496319e-07 -2.467492e-08
1.844444e+01 -3.764288e-07 -2.040879e-08
1.866667e+01 -3.149706e-07 -1.687342e-08
1.888889e+01 -2.599337e-07 -1.376120e-08
1.911111e+01 -2.078922e-07 -1.087808e-08
1.933333e+01 -1.581993e-07 -8.182721e-09
1.955556e+01 -1.140762e-07 -5.833442e-09
1.977778e+01 -8.390883e-08 -4.242581e-09
2.000000e+01 -8.275126e-08 -4.137563e-09
2.022222e+01 -6.705395e-08 -3.315855e-09
2.044444e+01 -5.426349e-08 -2.654193e-09
2.066667e+01 -4.387955e-08 -2.123204e-09
2.088889e+01 -3.547485e-08 -1.698264e-09
2.111111e+01 -2.868747e-08 -1.358880e-09
2.133333e+01 -2.321339e-08 -1.088127e-09
2.155556e+01 -1.879964e-08 -8.721483e-10
2.177778e+01 -1.523782e-08 -6.996960e-10
2.200000e+01 -1.235806e-08 -5.617302e-10
2.222222e+01 -1.002345e-08 -4.510550e-10
2.244444e+01 -8.124868e-09 -3.619991e-10
2.266667e+01 -6.576356e-09 -2.901333e-10
2.288889e+01 -5.310806e-09 -2.320255e-10
2.311111e+01 -4.276183e-09 -1.850271e-10
2.333333e+01 -3.432153e-09 -1.470923e-10
2.355556e+01 -2.747171e-09 -1.166252e-10
2.377778e+01 -2.196003e-09 -9.235525e-11
2.400000e+01 -1.757694e-09 -7.323725e-11
2.422222e+01 -1.413985e-09 -5.837554e-11
2.444444e+01 -1.148169e-09 -4.697053e-11
2.466667e+01 -9.443872e-10 -3.828597e-11
2.488889e+01 -7.873824e-10 -3.163590e-11
2.511111e+01 -6.626810e-10 -2.638995e-11
2.533333e+01 -5.572286e-10 -2.199586e-11
2.555556e+01 -4.604658e-10 -1.801823e-11
2.577778e+01 -3.658491e-10 -1.419242e-11
2.600000e+01 -2.728150e-10 -1.049288e-11
2.622222e+01 -1.891882e-10 -7.214803e-12
2.644444e+01 -1.340338e-10 -5.068507e-12
2.666667e+01 -1.409536e-10 -5.285760e-12
2.711111e+01 -9.371747e-11 -3.456792e-12
2.755556e+01 -6.075414e-11 -2.204787e-12
2.800000e+01 -3.846639e-11 -1.373800e-12
2.844444e+01 -2.394962e-11 -8.419789e-13
2.888889e+01 -1.490222e-11 -5.158459e-13
2.933333e+01 -9.541758e-12 -3.252872e-13
2.977778e+01 -6.527057e-12 -2.191922e-13
3.022222e+01 -4.886006e-12 -1.616693e-13
3.066667e+01 -3.949295e-12 -1.287813e-13
3.111111e+01 -3.289938e-12 -1.057480e-13
3.155556e+01 -2.668653e-12 -8.456997e-14
3.200000e+01 -1.985066e-12 -6.203332e-14
3.244444e+01 -1.234758e-12 -3.805761e-14
3.288889e+01 -4.721375e-13 -1.435553e-14
3.333333e+01 2.208410e-13 6.625231e-15
3.377778e+01 7.601301e-13 2.250385e-14
3.422222e+01 1.079205e-12 3.153522e-14
3.466667e+01 1.142845e-12 3.296667e-14
3.511111e+01 9.550755e-13 2.720152e-14
3.555556e+01 5.612838e-13 1.578611e-14
3.600000e+01 4.448879e-14 1.235800e-15
3.644444e+01 -4.842172e-13 -1.328645e-14
3.688889e+01 -9.010644e-13 -2.442644e-14
3.733333e+01 -1.090837e-12 -2.921884e-14
3.777778e+01 -9.739377e-13 -2.578070e-14
3.822222e+01 -5.392925e-13 -1.410940e-14
3.866667e+01 1.169160e-13 3.023689e-15
3.911111e+01 7.466746e-13 1.909111e-14
3.955556e+01 8.997330e-13 2.274606e-14
4.000000e+01 -1.326391e-13 -3.315978e-15
4.044444e+01 -8.779795e-14 -2.170829e-15
4.088889e+01 -5.660058e-14 -1.384253e-15
4.133333e+01 -3.559089e-14 -8.610698e-16
4.177778e+01 -2.198058e-14 -5.261309e-16
4.222222e+01 -1.356255e-14 -3.212183e-16
4.266667e+01 -8.629878e-15 -2.022628e-16
4.311111e+01 -5.900487e-15 -1.368670e-16
4.355556e+01 -4.447452e-15 -1.021099e-16
4.400000e+01 -3.634953e-15 -8.261256e-17
4.444444e+01 -3.059885e-15 -6.884741e-17
4.488889e+01 -2.499114e-15 -5.567334e-17
4.533333e+01 -1.862388e-15 -4.108210e-17
4.577778e+01 -1.150893e-15 -2.514087e-17
4.622222e+01 -4.214650e-16 -9.118233e-18
4.666667e+01 2.435501e-16 5.218930e-18
4.711111e+01 7.607841e-16 1.614872e-17
4.755556e+01 1.064686e-15 2.238825e-17
4.800000e+01 1.120707e-15 2.334806e-17
4.844444e+01 9.328403e-16 1.925588e-17
4.888889e+01 5.455044e-16 1.115804e-17
4.933333e+01 3.977891e-17 8.063293e-19
4.977778e+01 -4.760103e-16 -9.562708e-18
5.022222e+01 -8.813581e-16 -1.754917e-17
5.066667e+01 -1.064296e-15 -2.100585e-17
5.111111e+01 -9.477615e-16 -1.854316e-17
5.155556e+01 -5.216137e-16 -1.011751e-17
5.200000e+01 1.196954e-16 2.301835e-18
5.244444e+01 7.338024e-16 1.399199e-17
5.288889e+01 8.814618e-16 1.666629e-17
5.333333e+01 -1.280748e-16 -2.401402e-18
5.422222e+01 -6.540911e-17 -1.206316e-18
5.511111e+01 -2.737086e-17 -4.966486e-19
5.600000e+01 -6.559239e-18 -1.171293e-19
5.688889e+01 2.821166e-18 4.959080e-20
5.777778e+01 5.186291e-18 8.976273e-20
5.866667e+01 3.782831e-18 6.448007e-20
5.955556e+01 8.828542e-19 1.482405e-20
6.044444e+01 -2.037205e-18 -3.370375e-20
6.133333e+01 -4.133188e-18 -6.738894e-20
6.222222e+01 -5.045482e-18 -8.108811e-20
6.311111e+01 -4.766909e-18 -7.553201e-20
6.400000e+01 -3.526254e-18 -5.509771e-20
6.488889e+01 -1.687412e-18 -2.600464e-20
6.577778e+01 3.358279e-19 5.105492e-21
6.666667e+01 2.149382e-18 3.224074e-20
6.755556e+01 3.432835e-18 5.081499e-20
6.844444e+01 3.977775e-18 5.811685e-20
6.933333e+01 3.710509e-18 5.351696e-20
7.022222e+01 2.699140e-18 3.843713e-20
7.111111e+01 1.145024e-18 1.610190e-20
7.200000e+01 -6.414063e-19 -8.908420e-21
7.288889e+01 -2.280439e-18 -3.128652e-20
7.377778e+01 -3.378518e-18 -4.579316e-20
7.466667e+01 -3.599292e-18 -4.820481e-20
7.555556e+01 -2.750311e-18 -3.640117e-20
7.644444e+01 -8.853268e-19 -1.158131e-20
7.733333e+01 1.577756e-18 2.040202e-20
7.822222e+01 3.723317e-18 4.759923e-20
7.911111e+01 3.988823e-18 5.042051e-20
8.000000e+01 2.380068e-32
