# 
# Output from EIGENRAD program.
# 
# Eigenfunction for specific electronic state.
# The first column contains radius $r$ in bohr units.
# The second column holds value of eginefunction.
# 
# Use this file with gnuplot to create the plot.
#
0.000000e+00 0.000000e+00 -3.849001e-01
2.777778e-02 -1.039757e-02 -3.743124e-01
5.555556e-02 -2.021835e-02 -3.639304e-01
8.333333e-02 -2.947922e-02 -3.537507e-01
1.111111e-01 -3.819668e-02 -3.437701e-01
1.388889e-01 -4.638687e-02 -3.339855e-01
1.666667e-01 -5.406560e-02 -3.243936e-01
1.944444e-01 -6.124833e-02 -3.149914e-01
2.222222e-01 -6.795018e-02 -3.057758e-01
2.500000e-01 -7.418596e-02 -2.967439e-01
2.777778e-01 -7.997014e-02 -2.878925e-01
3.055556e-01 -8.531686e-02 -2.792188e-01
3.333333e-01 -9.023998e-02 -2.707199e-01
3.611111e-01 -9.475304e-02 -2.623930e-01
3.888889e-01 -9.886927e-02 -2.542353e-01
4.166667e-01 -1.026016e-01 -2.462439e-01
4.444444e-01 -1.059627e-01 -2.384161e-01
4.722222e-01 -1.089650e-01 -2.307493e-01
5.000000e-01 -1.116204e-01 -2.232409e-01
5.277778e-01 -1.139409e-01 -2.158881e-01
5.555556e-01 -1.159380e-01 -2.086884e-01
5.833333e-01 -1.176230e-01 -2.016394e-01
6.111111e-01 -1.190068e-01 -1.947385e-01
6.388889e-01 -1.201003e-01 -1.879832e-01
6.666667e-01 -1.209140e-01 -1.813711e-01
6.944444e-01 -1.214582e-01 -1.748998e-01
7.222222e-01 -1.217428e-01 -1.685670e-01
7.500000e-01 -1.217777e-01 -1.623703e-01
7.777778e-01 -1.215725e-01 -1.563075e-01
8.055556e-01 -1.211364e-01 -1.503763e-01
8.333333e-01 -1.204787e-01 -1.445744e-01
8.611111e-01 -1.196082e-01 -1.388998e-01
8.888889e-01 -1.185335e-01 -1.333502e-01
9.166667e-01 -1.172632e-01 -1.279235e-01
9.444444e-01 -1.158055e-01 -1.226176e-01
9.722222e-01 -1.141686e-01 -1.174305e-01
1.000000e+00 -1.123601e-01 -1.123601e-01
1.027778e+00 -1.103879e-01 -1.074045e-01
1.055556e+00 -1.082594e-01 -1.025615e-01
1.083333e+00 -1.059819e-01 -9.782943e-02
1.111111e+00 -1.035625e-01 -9.320622e-02
1.138889e+00 -1.010081e-01 -8.869002e-02
1.166667e+00 -9.832546e-02 -8.427897e-02
1.194444e+00 -9.552120e-02 -7.997124e-02
1.222222e+00 -9.260171e-02 -7.576503e-02
1.250000e+00 -8.957322e-02 -7.165857e-02
1.277778e+00 -8.644181e-02 -6.765011e-02
1.305556e+00 -8.321340e-02 -6.373792e-02
1.333333e+00 -7.989375e-02 -5.992031e-02
1.361111e+00 -7.648847e-02 -5.619561e-02
1.388889e+00 -7.300301e-02 -5.256217e-02
1.416667e+00 -6.944269e-02 -4.901837e-02
1.444444e+00 -6.581266e-02 -4.556261e-02
1.472222e+00 -6.211795e-02 -4.219332e-02
1.500000e+00 -5.836344e-02 -3.890896e-02
1.527778e+00 -5.455388e-02 -3.570799e-02
1.555556e+00 -5.069388e-02 -3.258892e-02
1.583333e+00 -4.678792e-02 -2.955027e-02
1.611111e+00 -4.284036e-02 -2.659057e-02
1.638889e+00 -3.885543e-02 -2.370840e-02
1.666667e+00 -3.483724e-02 -2.090234e-02
1.722222e+00 -2.671685e-02 -1.551301e-02
1.777778e+00 -1.850975e-02 -1.041174e-02
1.833333e+00 -1.024460e-02 -5.587963e-03
1.888889e+00 -1.948323e-03 -1.031465e-03
1.944444e+00 6.353798e-03 3.267667e-03
2.000000e+00 1.463807e-02 7.319033e-03
2.055556e+00 2.288231e-02 1.113193e-02
2.111111e+00 3.106580e-02 1.471538e-02
2.166667e+00 3.916922e-02 1.807810e-02
2.222222e+00 4.717458e-02 2.122856e-02
2.277778e+00 5.506518e-02 2.417496e-02
2.333333e+00 6.282551e-02 2.692522e-02
2.388889e+00 7.044128e-02 2.948705e-02
2.444444e+00 7.789926e-02 3.186788e-02
2.500000e+00 8.518732e-02 3.407493e-02
2.555556e+00 9.229434e-02 3.611518e-02
2.611111e+00 9.921016e-02 3.799538e-02
2.666667e+00 1.059255e-01 3.972208e-02
2.722222e+00 1.124321e-01 4.130160e-02
2.777778e+00 1.187224e-01 4.274006e-02
2.833333e+00 1.247896e-01 4.404340e-02
2.888889e+00 1.306278e-01 4.521733e-02
2.944444e+00 1.362318e-01 4.626740e-02
3.000000e+00 1.415969e-01 4.719897e-02
3.055556e+00 1.467193e-01 4.801721e-02
3.111111e+00 1.515956e-01 4.872715e-02
3.166667e+00 1.562231e-01 4.933362e-02
3.222222e+00 1.605998e-01 4.984130e-02
3.277778e+00 1.647239e-01 5.025473e-02
3.333333e+00 1.685943e-01 5.057829e-02
3.388889e+00 1.722104e-01 5.081618e-02
3.444444e+00 1.755719e-01 5.097247e-02
3.500000e+00 1.786789e-01 5.105112e-02
3.555556e+00 1.815322e-01 5.105592e-02
3.611111e+00 1.841325e-01 5.099055e-02
3.666667e+00 1.864813e-01 5.085855e-02
3.722222e+00 1.885802e-01 5.066333e-02
3.777778e+00 1.904310e-01 5.040820e-02
3.833333e+00 1.920359e-01 5.009633e-02
3.888889e+00 1.933975e-01 4.973079e-02
3.944444e+00 1.945185e-01 4.931454e-02
4.000000e+00 1.954017e-01 4.885043e-02
4.055556e+00 1.960505e-01 4.834121e-02
4.111111e+00 1.964681e-01 4.778953e-02
4.166667e+00 1.966580e-01 4.719793e-02
4.222222e+00 1.966241e-01 4.656887e-02
4.277778e+00 1.963702e-01 4.590472e-02
4.333333e+00 1.959003e-01 4.520775e-02
4.388889e+00 1.952185e-01 4.448015e-02
4.444444e+00 1.943290e-01 4.372403e-02
4.500000e+00 1.932364e-01 4.294142e-02
4.555556e+00 1.919449e-01 4.213425e-02
4.611111e+00 1.904592e-01 4.130441e-02
4.666667e+00 1.887838e-01 4.045368e-02
4.722222e+00 1.869235e-01 3.958380e-02
4.777778e+00 1.848829e-01 3.869643e-02
4.833333e+00 1.826669e-01 3.779315e-02
4.888889e+00 1.802802e-01 3.687550e-02
4.944444e+00 1.777277e-01 3.594493e-02
5.000000e+00 1.750143e-01 3.500286e-02
5.055556e+00 1.721449e-01 3.405063e-02
5.111111e+00 1.691242e-01 3.308953e-02
5.166667e+00 1.659574e-01 3.212078e-02
5.222222e+00 1.626491e-01 3.114558e-02
5.277778e+00 1.592044e-01 3.016505e-02
5.333333e+00 1.556281e-01 2.918027e-02
5.388889e+00 1.519250e-01 2.819227e-02
5.444444e+00 1.481000e-01 2.720204e-02
5.500000e+00 1.441579e-01 2.621052e-02
5.555556e+00 1.401034e-01 2.521861e-02
5.611111e+00 1.359412e-01 2.422715e-02
5.666667e+00 1.316762e-01 2.323697e-02
5.722222e+00 1.273128e-01 2.224885e-02
5.777778e+00 1.228558e-01 2.126351e-02
5.833333e+00 1.183097e-01 2.028165e-02
5.888889e+00 1.136789e-01 1.930396e-02
5.944444e+00 1.089679e-01 1.833105e-02
6.000000e+00 1.041811e-01 1.736352e-02
6.055556e+00 9.932293e-02 1.640195e-02
6.111111e+00 9.439752e-02 1.544687e-02
6.166667e+00 8.940914e-02 1.449878e-02
6.222222e+00 8.436191e-02 1.355816e-02
6.277778e+00 7.925991e-02 1.262547e-02
6.333333e+00 7.410716e-02 1.170113e-02
6.388889e+00 6.890758e-02 1.078553e-02
6.444444e+00 6.366504e-02 9.879058e-03
6.500000e+00 5.838335e-02 8.982054e-03
6.555556e+00 5.306623e-02 8.094849e-03
6.611111e+00 4.771734e-02 7.217749e-03
6.666667e+00 4.234025e-02 6.351038e-03
6.777778e+00 3.151554e-02 4.649833e-03
6.888889e+00 2.061899e-02 2.993079e-03
7.000000e+00 9.676682e-03 1.382383e-03
7.111111e+00 -1.286560e-03 -1.809224e-04
7.222222e+00 -1.224715e-02 -1.695759e-03
7.333333e+00 -2.318273e-02 -3.161281e-03
7.444444e+00 -3.407211e-02 -4.576851e-03
7.555556e+00 -4.489531e-02 -5.942026e-03
7.666667e+00 -5.563347e-02 -7.256539e-03
7.777778e+00 -6.626888e-02 -8.520285e-03
7.888889e+00 -7.678494e-02 -9.733302e-03
8.000000e+00 -8.716612e-02 -1.089576e-02
8.111111e+00 -9.739794e-02 -1.200797e-02
8.222222e+00 -1.074670e-01 -1.307031e-02
8.333333e+00 -1.173608e-01 -1.408330e-02
8.444444e+00 -1.270680e-01 -1.504752e-02
8.555556e+00 -1.365780e-01 -1.596366e-02
8.666667e+00 -1.458812e-01 -1.683244e-02
8.777778e+00 -1.549689e-01 -1.765469e-02
8.888889e+00 -1.638334e-01 -1.843125e-02
9.000000e+00 -1.724675e-01 -1.916306e-02
9.111111e+00 -1.808651e-01 -1.985105e-02
9.222222e+00 -1.890208e-01 -2.049623e-02
9.333333e+00 -1.969297e-01 -2.109961e-02
9.444444e+00 -2.045878e-01 -2.166224e-02
9.555556e+00 -2.119919e-01 -2.218519e-02
9.666667e+00 -2.191390e-01 -2.266955e-02
9.777778e+00 -2.260270e-01 -2.311640e-02
9.888889e+00 -2.326544e-01 -2.352684e-02
1.000000e+01 -2.390198e-01 -2.390198e-02
1.011111e+01 -2.451231e-01 -2.424295e-02
1.022222e+01 -2.509641e-01 -2.455084e-02
1.033333e+01 -2.565432e-01 -2.482676e-02
1.044444e+01 -2.618613e-01 -2.507182e-02
1.055556e+01 -2.669195e-01 -2.528711e-02
1.066667e+01 -2.717195e-01 -2.547370e-02
1.077778e+01 -2.762633e-01 -2.563268e-02
1.088889e+01 -2.805532e-01 -2.576509e-02
1.100000e+01 -2.845917e-01 -2.587198e-02
1.111111e+01 -2.883819e-01 -2.595437e-02
1.122222e+01 -2.919268e-01 -2.601328e-02
1.133333e+01 -2.952299e-01 -2.604970e-02
1.144444e+01 -2.982948e-01 -2.606459e-02
1.155556e+01 -3.011253e-01 -2.605892e-02
1.166667e+01 -3.037255e-01 -2.603361e-02
1.177778e+01 -3.060994e-01 -2.598958e-02
1.188889e+01 -3.082516e-01 -2.592771e-02
1.200000e+01 -3.101865e-01 -2.584887e-02
1.211111e+01 -3.119086e-01 -2.575392e-02
1.222222e+01 -3.134226e-01 -2.564367e-02
1.233333e+01 -3.147335e-01 -2.551893e-02
1.244444e+01 -3.158460e-01 -2.538048e-02
1.255556e+01 -3.167650e-01 -2.522907e-02
1.266667e+01 -3.174957e-01 -2.506545e-02
1.277778e+01 -3.180430e-01 -2.489032e-02
1.288889e+01 -3.184119e-01 -2.470437e-02
1.300000e+01 -3.186077e-01 -2.450828e-02
1.311111e+01 -3.186353e-01 -2.430270e-02
1.322222e+01 -3.185000e-01 -2.408824e-02
1.333333e+01 -3.182069e-01 -2.386551e-02
1.355556e+01 -3.171677e-01 -2.339762e-02
1.377778e+01 -3.155572e-01 -2.290335e-02
1.400000e+01 -3.134158e-01 -2.238685e-02
1.422222e+01 -3.107832e-01 -2.185194e-02
1.444444e+01 -3.076977e-01 -2.130215e-02
1.466667e+01 -3.041967e-01 -2.074069e-02
1.488889e+01 -3.003165e-01 -2.017051e-02
1.511111e+01 -2.960919e-01 -1.959432e-02
1.533333e+01 -2.915566e-01 -1.901456e-02
1.555556e+01 -2.867429e-01 -1.843347e-02
1.577778e+01 -2.816817e-01 -1.785306e-02
1.600000e+01 -2.764025e-01 -1.727516e-02
1.622222e+01 -2.709335e-01 -1.670138e-02
1.644444e+01 -2.653013e-01 -1.613319e-02
1.666667e+01 -2.595313e-01 -1.557188e-02
1.688889e+01 -2.536472e-01 -1.501859e-02
1.711111e+01 -2.476716e-01 -1.447431e-02
1.733333e+01 -2.416253e-01 -1.393992e-02
1.755556e+01 -2.355281e-01 -1.341616e-02
1.777778e+01 -2.293982e-01 -1.290365e-02
1.800000e+01 -2.232526e-01 -1.240292e-02
1.822222e+01 -2.171069e-01 -1.191440e-02
1.844444e+01 -2.109757e-01 -1.143844e-02
1.866667e+01 -2.048721e-01 -1.097529e-02
1.888889e+01 -1.988085e-01 -1.052516e-02
1.911111e+01 -1.927959e-01 -1.008816e-02
1.933333e+01 -1.868445e-01 -9.664373e-03
1.955556e+01 -1.809637e-01 -9.253827e-03
1.977778e+01 -1.751620e-01 -8.856508e-03
2.000000e+01 -1.694473e-01 -8.472366e-03
2.022222e+01 -1.638250e-01 -8.101238e-03
2.044444e+01 -1.583015e-01 -7.743008e-03
2.066667e+01 -1.528818e-01 -7.397505e-03
2.088889e+01 -1.475702e-01 -7.064532e-03
2.111111e+01 -1.423706e-01 -6.743871e-03
2.133333e+01 -1.372861e-01 -6.435284e-03
2.155556e+01 -1.323192e-01 -6.138518e-03
2.177778e+01 -1.274720e-01 -5.853305e-03
2.200000e+01 -1.227461e-01 -5.579367e-03
2.222222e+01 -1.181426e-01 -5.316417e-03
2.244444e+01 -1.136623e-01 -5.064161e-03
2.266667e+01 -1.093054e-01 -4.822298e-03
2.288889e+01 -1.050720e-01 -4.590525e-03
2.311111e+01 -1.009617e-01 -4.368536e-03
2.333333e+01 -9.697394e-02 -4.156026e-03
2.355556e+01 -9.310776e-02 -3.952688e-03
2.377778e+01 -8.936204e-02 -3.758217e-03
2.400000e+01 -8.573546e-02 -3.572311e-03
2.422222e+01 -8.222646e-02 -3.394670e-03
2.444444e+01 -7.883333e-02 -3.225000e-03
2.466667e+01 -7.555424e-02 -3.063010e-03
2.488889e+01 -7.238717e-02 -2.908413e-03
2.511111e+01 -6.933003e-02 -2.760930e-03
2.533333e+01 -6.638061e-02 -2.620287e-03
2.555556e+01 -6.353663e-02 -2.486216e-03
2.577778e+01 -6.079572e-02 -2.358454e-03
2.600000e+01 -5.815546e-02 -2.236748e-03
2.622222e+01 -5.561339e-02 -2.120850e-03
2.644444e+01 -5.316699e-02 -2.010517e-03
2.666667e+01 -5.081373e-02 -1.905515e-03
2.711111e+01 -4.637589e-02 -1.710586e-03
2.755556e+01 -4.228111e-02 -1.534395e-03
2.800000e+01 -3.850839e-02 -1.375300e-03
2.844444e+01 -3.503740e-02 -1.231784e-03
2.888889e+01 -3.184852e-02 -1.102449e-03
2.933333e+01 -2.892287e-02 -9.860070e-04
2.977778e+01 -2.624235e-02 -8.812730e-04
3.022222e+01 -2.378962e-02 -7.871566e-04
3.066667e+01 -2.154816e-02 -7.026573e-04
3.111111e+01 -1.950223e-02 -6.268574e-04
3.155556e+01 -1.763694e-02 -5.589171e-04
3.200000e+01 -1.593820e-02 -4.980686e-04
3.244444e+01 -1.439273e-02 -4.436114e-04
3.288889e+01 -1.298807e-02 -3.949076e-04
3.333333e+01 -1.171258e-02 -3.513773e-04
3.377778e+01 -1.055536e-02 -3.124943e-04
3.422222e+01 -9.506323e-03 -2.777822e-04
3.466667e+01 -8.556099e-03 -2.468106e-04
3.511111e+01 -7.696044e-03 -2.191911e-04
3.555556e+01 -6.918198e-03 -1.945743e-04
3.600000e+01 -6.215249e-03 -1.726458e-04
3.644444e+01 -5.580496e-03 -1.531234e-04
3.688889e+01 -5.007803e-03 -1.357537e-04
3.733333e+01 -4.491548e-03 -1.203093e-04
3.777778e+01 -4.026574e-03 -1.065858e-04
3.822222e+01 -3.608131e-03 -9.439878e-05
3.866667e+01 -3.231812e-03 -8.358133e-05
3.911111e+01 -2.893488e-03 -7.398123e-05
3.955556e+01 -2.589242e-03 -6.545837e-05
4.000000e+01 -2.315290e-03 -5.788225e-05
4.044444e+01 -2.069828e-03 -5.117708e-05
4.088889e+01 -1.849557e-03 -4.523374e-05
4.133333e+01 -1.652018e-03 -3.996818e-05
4.177778e+01 -1.474970e-03 -3.530514e-05
4.222222e+01 -1.316376e-03 -3.117732e-05
4.266667e+01 -1.174383e-03 -2.752461e-05
4.311111e+01 -1.047315e-03 -2.429339e-05
4.355556e+01 -9.336525e-04 -2.143590e-05
4.400000e+01 -8.320238e-04 -1.890963e-05
4.444444e+01 -7.411911e-04 -1.667680e-05
4.488889e+01 -6.600393e-04 -1.470385e-05
4.533333e+01 -5.875648e-04 -1.296099e-05
4.577778e+01 -5.228653e-04 -1.142182e-05
4.622222e+01 -4.651302e-04 -1.006291e-05
4.666667e+01 -4.136314e-04 -8.863529e-06
4.711111e+01 -3.677153e-04 -7.805278e-06
4.755556e+01 -3.267951e-04 -6.871860e-06
4.800000e+01 -2.903436e-04 -6.048825e-06
4.844444e+01 -2.578869e-04 -5.323354e-06
4.888889e+01 -2.289990e-04 -4.684071e-06
4.933333e+01 -2.032965e-04 -4.120876e-06
4.977778e+01 -1.804345e-04 -3.624801e-06
5.022222e+01 -1.601027e-04 -3.187886e-06
5.066667e+01 -1.420226e-04 -2.803078e-06
5.111111e+01 -1.259450e-04 -2.464142e-06
5.155556e+01 -1.116485e-04 -2.165595e-06
5.200000e+01 -9.893804e-05 -1.902655e-06
5.244444e+01 -8.764525e-05 -1.671202e-06
5.288889e+01 -7.762814e-05 -1.467759e-06
5.333333e+01 -6.877235e-05 -1.289482e-06
5.422222e+01 -5.398648e-05 -9.956523e-07
5.511111e+01 -4.225186e-05 -7.666668e-07
5.600000e+01 -3.299666e-05 -5.892261e-07
5.688889e+01 -2.573785e-05 -4.524231e-07
5.777778e+01 -2.007128e-05 -3.473875e-07
5.866667e+01 -1.566244e-05 -2.669733e-07
5.955556e+01 -1.223771e-05 -2.054839e-07
6.044444e+01 -9.576242e-06 -1.584305e-07
6.133333e+01 -7.502399e-06 -1.223217e-07
6.222222e+01 -5.878755e-06 -9.447999e-08
6.311111e+01 -4.599698e-06 -7.288254e-08
6.400000e+01 -3.585599e-06 -5.602498e-08
6.488889e+01 -2.777552e-06 -4.280474e-08
6.577778e+01 -2.132702e-06 -3.242284e-08
6.666667e+01 -1.620139e-06 -2.430209e-08
6.755556e+01 -1.217375e-06 -1.802035e-08
6.844444e+01 -9.073938e-07 -1.325738e-08
6.933333e+01 -6.762821e-07 -9.754068e-09
7.022222e+01 -5.114321e-07 -7.283052e-09
7.111111e+01 -4.003242e-07 -5.629558e-09
7.200000e+01 -3.298843e-07 -4.581727e-09
7.288889e+01 -2.864194e-07 -3.929534e-09
7.377778e+01 -2.561282e-07 -3.471617e-09
7.466667e+01 -2.261895e-07 -3.029323e-09
7.555556e+01 -1.864264e-07 -2.467409e-09
7.644444e+01 -1.315481e-07 -1.720833e-09
7.733333e+01 -6.396683e-08 -8.271573e-10
7.822222e+01 2.807103e-09 3.588626e-11
7.911111e+01 4.019458e-08 5.080775e-10
8.000000e+01 3.362662e-22
