# 
# Output from EIGENRAD program.
# 
# Eigenfunction for specific electronic state.
# The first column contains radius $r$ in bohr units.
# The second column holds value of eginefunction.
# 
# Use this file with gnuplot to create the plot.
#
0.000000e+00 0.000000e+00 3.168378e-05
9.722222e-02 5.661885e-06 5.823653e-05
1.944444e-01 4.020117e-05 2.067489e-04
2.916667e-01 1.367817e-04 4.689659e-04
3.888889e-01 3.254208e-04 8.367962e-04
4.861111e-01 6.330719e-04 1.302319e-03
5.833333e-01 1.083713e-03 1.857794e-03
6.805556e-01 1.698438e-03 2.495664e-03
7.777778e-01 2.495555e-03 3.208571e-03
8.750000e-01 3.490685e-03 3.989354e-03
9.722222e-01 4.696869e-03 4.831065e-03
1.069444e+00 6.124679e-03 5.726973e-03
1.166667e+00 7.782332e-03 6.670570e-03
1.263889e+00 9.675808e-03 7.655585e-03
1.361111e+00 1.180898e-02 8.675983e-03
1.458333e+00 1.418372e-02 9.725980e-03
1.555556e+00 1.680007e-02 1.080005e-02
1.652778e+00 1.965636e-02 1.189292e-02
1.750000e+00 2.274931e-02 1.299961e-02
1.847222e+00 2.607427e-02 1.411539e-02
1.944444e+00 2.962526e-02 1.523585e-02
2.041667e+00 3.339522e-02 1.635684e-02
2.138889e+00 3.737610e-02 1.747454e-02
2.236111e+00 4.155909e-02 1.858543e-02
2.333333e+00 4.593471e-02 1.968631e-02
2.430556e+00 5.049306e-02 2.077429e-02
2.527778e+00 5.522394e-02 2.184683e-02
2.625000e+00 6.011707e-02 2.290174e-02
2.722222e+00 6.516226e-02 2.393716e-02
2.819444e+00 7.034959e-02 2.495158e-02
2.916667e+00 7.566964e-02 2.594388e-02
3.013889e+00 8.110571e-02 2.691065e-02
3.111111e+00 8.664889e-02 2.785143e-02
3.208333e+00 9.228774e-02 2.876501e-02
3.305556e+00 9.801087e-02 2.965035e-02
3.402778e+00 1.038070e-01 3.050656e-02
3.500000e+00 1.096651e-01 3.133290e-02
3.597222e+00 1.155743e-01 3.212875e-02
3.694444e+00 1.215237e-01 3.289363e-02
3.791667e+00 1.275029e-01 3.362714e-02
3.888889e+00 1.335016e-01 3.432899e-02
3.986111e+00 1.395099e-01 3.499901e-02
4.083333e+00 1.455180e-01 3.563707e-02
4.180556e+00 1.515166e-01 3.624316e-02
4.277778e+00 1.574963e-01 3.681733e-02
4.375000e+00 1.634486e-01 3.735968e-02
4.472222e+00 1.693649e-01 3.787042e-02
4.569444e+00 1.752371e-01 3.834976e-02
4.666667e+00 1.810574e-01 3.879801e-02
4.763889e+00 1.868183e-01 3.921551e-02
4.861111e+00 1.925128e-01 3.960264e-02
4.958333e+00 1.981342e-01 3.995984e-02
5.055556e+00 2.036761e-01 4.028757e-02
5.152778e+00 2.091323e-01 4.058633e-02
5.250000e+00 2.144974e-01 4.085665e-02
5.347222e+00 2.197658e-01 4.109907e-02
5.444444e+00 2.249327e-01 4.131417e-02
5.541667e+00 2.299933e-01 4.150255e-02
5.638889e+00 2.349432e-01 4.166480e-02
5.736111e+00 2.397784e-01 4.180156e-02
5.833333e+00 2.444951e-01 4.191344e-02
5.930556e+00 2.490900e-01 4.200112e-02
6.027778e+00 2.535599e-01 4.206524e-02
6.125000e+00 2.579022e-01 4.210648e-02
6.222222e+00 2.621141e-01 4.212548e-02
6.319444e+00 2.661934e-01 4.212292e-02
6.416667e+00 2.701383e-01 4.209947e-02
6.513889e+00 2.739468e-01 4.205580e-02
6.611111e+00 2.776177e-01 4.199259e-02
6.708333e+00 2.811495e-01 4.191049e-02
6.805556e+00 2.845414e-01 4.181016e-02
6.902778e+00 2.877925e-01 4.169228e-02
7.000000e+00 2.909024e-01 4.155748e-02
7.097222e+00 2.938706e-01 4.140642e-02
7.194444e+00 2.966970e-01 4.123973e-02
7.291667e+00 2.993816e-01 4.105805e-02
7.388889e+00 3.019247e-01 4.086199e-02
7.486111e+00 3.043267e-01 4.065217e-02
7.583333e+00 3.065881e-01 4.042919e-02
7.680556e+00 3.087096e-01 4.019365e-02
7.777778e+00 3.106921e-01 3.994613e-02
7.875000e+00 3.125367e-01 3.968720e-02
7.972222e+00 3.142444e-01 3.941742e-02
8.069444e+00 3.158166e-01 3.913734e-02
8.166667e+00 3.172546e-01 3.884750e-02
8.263889e+00 3.185599e-01 3.854842e-02
8.361111e+00 3.197341e-01 3.824063e-02
8.458333e+00 3.207790e-01 3.792461e-02
8.555556e+00 3.216963e-01 3.760086e-02
8.652778e+00 3.224879e-01 3.726986e-02
8.750000e+00 3.231557e-01 3.693208e-02
8.847222e+00 3.237018e-01 3.658795e-02
8.944444e+00 3.241282e-01 3.623794e-02
9.041667e+00 3.244372e-01 3.588245e-02
9.138889e+00 3.246309e-01 3.552192e-02
9.236111e+00 3.247116e-01 3.515674e-02
9.333333e+00 3.246815e-01 3.478731e-02
9.430556e+00 3.245431e-01 3.441400e-02
9.527778e+00 3.242987e-01 3.403718e-02
9.625000e+00 3.239506e-01 3.365721e-02
9.722222e+00 3.235014e-01 3.327443e-02
9.819444e+00 3.229535e-01 3.288918e-02
9.916667e+00 3.223093e-01 3.250178e-02
1.001389e+01 3.215714e-01 3.211254e-02
1.011111e+01 3.207422e-01 3.172176e-02
1.020833e+01 3.198242e-01 3.132972e-02
1.030556e+01 3.188200e-01 3.093671e-02
1.040278e+01 3.177320e-01 3.054299e-02
1.050000e+01 3.165627e-01 3.014883e-02
1.059722e+01 3.153147e-01 2.975446e-02
1.069444e+01 3.139903e-01 2.936014e-02
1.079167e+01 3.125922e-01 2.896607e-02
1.088889e+01 3.111228e-01 2.857250e-02
1.098611e+01 3.095844e-01 2.817962e-02
1.108333e+01 3.079796e-01 2.778763e-02
1.118056e+01 3.063107e-01 2.739673e-02
1.127778e+01 3.045801e-01 2.700710e-02
1.137500e+01 3.027902e-01 2.661892e-02
1.147222e+01 3.009434e-01 2.623235e-02
1.156944e+01 2.990419e-01 2.584756e-02
1.166667e+01 2.970880e-01 2.546469e-02
1.205556e+01 2.887974e-01 2.395555e-02
1.244444e+01 2.798367e-01 2.248688e-02
1.283333e+01 2.703414e-01 2.106556e-02
1.322222e+01 2.604348e-01 1.969675e-02
1.361111e+01 2.502286e-01 1.838414e-02
1.400000e+01 2.398235e-01 1.713025e-02
1.438889e+01 2.293096e-01 1.593657e-02
1.477778e+01 2.187671e-01 1.480379e-02
1.516667e+01 2.082672e-01 1.373190e-02
1.555556e+01 1.978719e-01 1.272034e-02
1.594444e+01 1.876352e-01 1.176806e-02
1.633333e+01 1.776035e-01 1.087368e-02
1.672222e+01 1.678158e-01 1.003550e-02
1.711111e+01 1.583047e-01 9.251575e-03
1.750000e+01 1.490966e-01 8.519807e-03
1.788889e+01 1.402123e-01 7.837956e-03
1.827778e+01 1.316675e-01 7.203691e-03
1.866667e+01 1.234731e-01 6.614632e-03
1.905556e+01 1.156362e-01 6.068372e-03
1.944444e+01 1.081599e-01 5.562508e-03
1.983333e+01 1.010442e-01 5.094664e-03
2.022222e+01 9.428626e-02 4.662507e-03
2.061111e+01 8.788105e-02 4.263771e-03
2.100000e+01 8.182151e-02 3.896262e-03
2.138889e+01 7.609914e-02 3.557882e-03
2.177778e+01 7.070439e-02 3.246630e-03
2.216667e+01 6.562703e-02 2.960618e-03
2.255556e+01 6.085660e-02 2.698076e-03
2.294444e+01 5.638275e-02 2.457360e-03
2.333333e+01 5.219566e-02 2.236957e-03
2.372222e+01 4.827594e-02 2.035051e-03
2.411111e+01 4.461438e-02 1.850366e-03
2.450000e+01 4.119797e-02 1.681550e-03
2.488889e+01 3.801393e-02 1.527346e-03
2.527778e+01 3.504977e-02 1.386584e-03
2.566667e+01 3.229330e-02 1.258181e-03
2.605556e+01 2.973270e-02 1.141127e-03
2.644444e+01 2.735648e-02 1.034489e-03
2.683333e+01 2.515356e-02 9.373999e-04
2.722222e+01 2.311326e-02 8.490585e-04
2.761111e+01 2.122530e-02 7.687232e-04
2.800000e+01 1.947985e-02 6.957089e-04
2.838889e+01 1.786750e-02 6.293837e-04
2.877778e+01 1.637931e-02 5.691652e-04
2.916667e+01 1.500676e-02 5.145176e-04
2.955556e+01 1.374181e-02 4.649483e-04
2.994444e+01 1.257683e-02 4.200054e-04
3.033333e+01 1.150466e-02 3.792744e-04
3.072222e+01 1.051856e-02 3.423762e-04
3.111111e+01 9.612212e-03 3.089639e-04
3.150000e+01 8.779713e-03 2.787211e-04
3.188889e+01 8.015542e-03 2.513585e-04
3.227778e+01 7.314551e-03 2.266126e-04
3.266667e+01 6.671937e-03 2.042430e-04
3.305556e+01 6.083223e-03 1.840303e-04
3.344444e+01 5.544219e-03 1.657740e-04
3.383333e+01 5.051001e-03 1.492907e-04
3.422222e+01 4.599870e-03 1.344118e-04
3.461111e+01 4.187316e-03 1.209818e-04
3.500000e+01 3.809977e-03 1.088565e-04
3.538889e+01 3.465547e-03 9.792754e-05
3.577778e+01 3.151081e-03 8.807371e-05
3.616667e+01 2.864115e-03 7.919213e-05
3.655556e+01 2.602367e-03 7.118938e-05
3.694444e+01 2.363729e-03 6.398063e-05
3.733333e+01 2.146254e-03 5.748895e-05
3.772222e+01 1.948149e-03 5.164459e-05
3.811111e+01 1.767760e-03 4.638438e-05
3.850000e+01 1.603568e-03 4.165111e-05
3.888889e+01 1.454174e-03 3.739305e-05
3.927778e+01 1.318296e-03 3.356340e-05
3.966667e+01 1.194755e-03 3.011987e-05
4.005556e+01 1.082472e-03 2.702426e-05
4.044444e+01 9.804565e-04 2.424206e-05
4.083333e+01 8.878035e-04 2.174213e-05
4.122222e+01 8.036831e-04 1.949636e-05
4.161111e+01 7.273363e-04 1.747938e-05
4.200000e+01 6.580685e-04 1.566830e-05
4.238889e+01 5.952447e-04 1.404247e-05
4.277778e+01 5.382838e-04 1.258326e-05
4.316667e+01 4.866545e-04 1.127385e-05
4.355556e+01 4.398714e-04 1.009909e-05
4.394444e+01 3.974905e-04 9.045297e-06
4.433333e+01 3.591069e-04 8.100157e-06
4.472222e+01 3.243513e-04 7.252575e-06
4.511111e+01 2.928875e-04 6.492580e-06
4.550000e+01 2.644111e-04 5.811232e-06
4.588889e+01 2.386470e-04 5.200540e-06
4.627778e+01 2.153490e-04 4.653400e-06
4.666667e+01 1.942987e-04 4.163543e-06
4.705556e+01 1.752623e-04 3.724582e-06
4.744444e+01 1.580554e-04 3.331377e-06
4.783333e+01 1.425077e-04 2.979254e-06
4.822222e+01 1.284636e-04 2.663993e-06
4.861111e+01 1.157814e-04 2.381789e-06
4.900000e+01 1.043317e-04 2.129219e-06
4.938889e+01 9.399706e-05 1.903203e-06
4.977778e+01 8.467065e-05 1.700973e-06
5.016667e+01 7.625568e-05 1.520047e-06
5.055556e+01 6.866439e-05 1.358197e-06
5.094444e+01 6.181735e-05 1.213427e-06
5.133333e+01 5.564274e-05 1.083949e-06
5.172222e+01 5.007557e-05 9.681635e-07
5.211111e+01 4.505715e-05 8.646361e-07
5.250000e+01 4.053440e-05 7.720839e-07
5.288889e+01 3.645937e-05 6.893578e-07
5.327778e+01 3.278865e-05 6.154283e-07
5.366667e+01 2.948299e-05 5.493724e-07
5.405556e+01 2.650680e-05 4.903622e-07
5.444444e+01 2.382785e-05 4.376545e-07
5.483333e+01 2.141689e-05 3.905816e-07
5.522222e+01 1.924736e-05 3.485438e-07
5.561111e+01 1.729520e-05 3.110027e-07
5.600000e+01 1.553861e-05 2.774751e-07
5.638889e+01 1.395790e-05 2.475292e-07
5.677778e+01 1.253541e-05 2.207803e-07
5.716667e+01 1.125545e-05 1.968884e-07
5.755556e+01 1.010425e-05 1.755565e-07
5.794444e+01 9.070015e-06 1.565295e-07
5.833333e+01 8.142997e-06 1.395942e-07
5.872222e+01 7.308397e-06 1.244571e-07
5.911111e+01 6.558281e-06 1.109484e-07
5.950000e+01 5.884316e-06 9.889607e-08
5.988889e+01 5.278931e-06 8.814542e-08
6.027778e+01 4.735265e-06 7.855740e-08
6.066667e+01 4.247107e-06 7.000727e-08
6.105556e+01 3.808847e-06 6.238330e-08
6.144444e+01 3.415423e-06 5.558555e-08
6.183333e+01 3.062278e-06 4.952471e-08
6.222222e+01 2.745311e-06 4.412107e-08
6.261111e+01 2.460839e-06 3.930355e-08
6.300000e+01 2.205553e-06 3.500877e-08
6.338889e+01 1.976485e-06 3.118031e-08
6.377778e+01 1.770972e-06 2.776785e-08
6.416667e+01 1.586624e-06 2.472660e-08
6.455556e+01 1.421294e-06 2.201660e-08
6.494444e+01 1.273054e-06 1.960219e-08
6.533333e+01 1.140167e-06 1.745154e-08
6.572222e+01 1.021071e-06 1.553616e-08
6.611111e+01 9.143524e-07 1.383054e-08
6.650000e+01 8.187371e-07 1.231184e-08
6.688889e+01 7.330721e-07 1.095955e-08
6.727778e+01 6.563155e-07 9.755309e-09
6.766667e+01 5.875281e-07 8.682681e-09
6.805556e+01 5.258668e-07 7.727022e-09
6.844444e+01 4.705813e-07 6.875376e-09
6.883333e+01 4.210130e-07 6.116412e-09
6.922222e+01 3.765967e-07 5.440402e-09
6.961111e+01 3.368645e-07 4.839235e-09
7.000000e+01 3.014527e-07 4.306467e-09
7.077778e+01 2.414243e-07 3.411019e-09
7.155556e+01 1.929918e-07 2.697091e-09
7.233333e+01 1.540913e-07 2.130294e-09
7.311111e+01 1.229677e-07 1.681928e-09
7.388889e+01 9.814132e-08 1.328228e-09
7.466667e+01 7.837648e-08 1.049685e-09
7.544444e+01 6.265152e-08 8.304325e-10
7.622222e+01 5.013124e-08 6.576984e-10
7.700000e+01 4.014110e-08 5.213130e-10
7.777778e+01 3.214337e-08 4.132718e-10
7.855556e+01 2.571510e-08 3.273492e-10
7.933333e+01 2.052821e-08 2.587590e-10
8.011111e+01 1.633133e-08 2.038585e-10
8.088889e+01 1.293366e-08 1.598942e-10
8.166667e+01 1.019075e-08 1.247846e-10
8.244444e+01 7.992144e-09 9.693975e-11
8.322222e+01 6.251068e-09 7.511297e-11
8.400000e+01 4.895921e-09 5.828478e-11
8.477778e+01 3.863769e-09 4.557526e-11
8.555556e+01 3.095742e-09 3.618400e-11
8.633333e+01 2.534360e-09 2.935552e-11
8.711111e+01 2.122786e-09 2.436872e-11
8.788889e+01 1.806008e-09 2.054876e-11
8.866667e+01 1.533945e-09 1.730013e-11
8.944444e+01 1.266480e-09 1.415941e-11
9.022222e+01 9.804249e-10 1.086678e-11
9.100000e+01 6.784039e-10 7.454988e-12
9.177778e+01 3.996720e-10 4.354780e-12
9.255556e+01 2.328552e-10 2.515842e-12
9.333333e+01 3.306198e-10 3.542355e-12
9.488889e+01 2.136855e-10 2.251955e-12
9.644444e+01 1.335306e-10 1.384534e-12
9.800000e+01 8.062585e-11 8.227127e-13
9.955556e+01 4.731128e-11 4.752249e-13
1.011111e+02 2.755120e-11 2.724844e-13
1.026667e+02 1.670531e-11 1.627141e-13
1.042222e+02 1.131580e-11 1.085738e-13
1.057778e+02 8.910662e-12 8.423945e-14
1.073333e+02 7.823030e-12 7.288537e-14
1.088889e+02 7.026622e-12 6.453020e-14
1.104444e+02 5.987286e-12 5.421084e-14
1.120000e+02 4.530627e-12 4.045202e-14
1.135556e+02 2.725733e-12 2.400352e-14
1.151111e+02 7.849927e-13 6.819435e-15
1.166667e+02 -1.019997e-12 -8.742830e-15
1.182222e+02 -2.426428e-12 -2.052429e-14
1.197778e+02 -3.232187e-12 -2.698486e-14
1.213333e+02 -3.331669e-12 -2.745881e-14
1.228889e+02 -2.735498e-12 -2.225993e-14
1.244444e+02 -1.574155e-12 -1.264946e-14
1.260000e+02 -8.551192e-14 -6.786660e-16
1.275556e+02 1.413723e-12 1.108319e-14
1.291111e+02 2.572654e-12 1.992589e-14
1.306667e+02 3.066943e-12 2.347150e-14
1.322222e+02 2.675643e-12 2.023595e-14
1.337778e+02 1.374121e-12 1.027167e-14
1.353333e+02 -5.569149e-13 -4.115135e-15
1.368889e+02 -2.406311e-12 -1.757857e-14
1.384444e+02 -2.891259e-12 -2.088389e-14
1.400000e+02 0.000000e+00
