# 
# Output from EIGENRAD program.
# 
# Eigenfunction for specific electronic state.
# The first column contains radius $r$ in bohr units.
# The second column holds value of eginefunction.
# 
# Use this file with gnuplot to create the plot.
#
0.000000e+00 0.000000e+00 -2.526492e-05
9.722222e-02 -4.433545e-06 -4.560218e-05
1.944444e-01 -3.138872e-05 -1.614277e-04
2.916667e-01 -1.068014e-04 -3.661764e-04
3.888889e-01 -2.540976e-04 -6.533939e-04
4.861111e-01 -4.942505e-04 -1.016744e-03
5.833333e-01 -8.458427e-04 -1.450016e-03
6.805556e-01 -1.325132e-03 -1.947132e-03
7.777778e-01 -1.946122e-03 -2.502156e-03
8.750000e-01 -2.720636e-03 -3.109298e-03
9.722222e-01 -3.658399e-03 -3.762925e-03
1.069444e+00 -4.767118e-03 -4.457565e-03
1.166667e+00 -6.052570e-03 -5.187917e-03
1.263889e+00 -7.518697e-03 -5.948859e-03
1.361111e+00 -9.167699e-03 -6.735452e-03
1.458333e+00 -1.100014e-02 -7.542951e-03
1.555556e+00 -1.301504e-02 -8.366809e-03
1.652778e+00 -1.521000e-02 -9.202688e-03
1.750000e+00 -1.758132e-02 -1.004647e-02
1.847222e+00 -2.012408e-02 -1.089424e-02
1.944444e+00 -2.283232e-02 -1.174234e-02
2.041667e+00 -2.569912e-02 -1.258733e-02
2.138889e+00 -2.871675e-02 -1.342601e-02
2.236111e+00 -3.187680e-02 -1.425546e-02
2.333333e+00 -3.517032e-02 -1.507300e-02
2.430556e+00 -3.858798e-02 -1.587620e-02
2.527778e+00 -4.212019e-02 -1.666293e-02
2.625000e+00 -4.575727e-02 -1.743134e-02
2.722222e+00 -4.948962e-02 -1.817986e-02
2.819444e+00 -5.330785e-02 -1.890722e-02
2.916667e+00 -5.720297e-02 -1.961245e-02
3.013889e+00 -6.116010e-02 -2.029275e-02
3.111111e+00 -6.517065e-02 -2.094771e-02
3.208333e+00 -6.922401e-02 -2.157631e-02
3.305556e+00 -7.330964e-02 -2.217771e-02
3.402778e+00 -7.741711e-02 -2.275115e-02
3.500000e+00 -8.153617e-02 -2.329605e-02
3.597222e+00 -8.565669e-02 -2.381190e-02
3.694444e+00 -8.976878e-02 -2.429832e-02
3.791667e+00 -9.386274e-02 -2.475501e-02
3.888889e+00 -9.792912e-02 -2.518177e-02
3.986111e+00 -1.019587e-01 -2.557849e-02
4.083333e+00 -1.059426e-01 -2.594512e-02
4.180556e+00 -1.098721e-01 -2.628170e-02
4.277778e+00 -1.137389e-01 -2.658832e-02
4.375000e+00 -1.175350e-01 -2.686514e-02
4.472222e+00 -1.212527e-01 -2.711240e-02
4.569444e+00 -1.248845e-01 -2.733036e-02
4.666667e+00 -1.284236e-01 -2.751934e-02
4.763889e+00 -1.318631e-01 -2.767972e-02
4.861111e+00 -1.351968e-01 -2.781192e-02
4.958333e+00 -1.384187e-01 -2.791638e-02
5.055556e+00 -1.415231e-01 -2.799358e-02
5.152778e+00 -1.445048e-01 -2.804406e-02
5.250000e+00 -1.473589e-01 -2.806835e-02
5.347222e+00 -1.500807e-01 -2.806703e-02
5.444444e+00 -1.526660e-01 -2.804069e-02
5.541667e+00 -1.551109e-01 -2.798994e-02
5.638889e+00 -1.574119e-01 -2.791540e-02
5.736111e+00 -1.595656e-01 -2.781773e-02
5.833333e+00 -1.615690e-01 -2.769755e-02
5.930556e+00 -1.634198e-01 -2.755556e-02
6.027778e+00 -1.651155e-01 -2.739244e-02
6.125000e+00 -1.666543e-01 -2.720886e-02
6.222222e+00 -1.680343e-01 -2.700551e-02
6.319444e+00 -1.692542e-01 -2.678308e-02
6.416667e+00 -1.703129e-01 -2.654226e-02
6.513889e+00 -1.712095e-01 -2.628376e-02
6.611111e+00 -1.719435e-01 -2.600825e-02
6.708333e+00 -1.725145e-01 -2.571644e-02
6.805556e+00 -1.729225e-01 -2.540902e-02
6.902778e+00 -1.731676e-01 -2.508666e-02
7.000000e+00 -1.732503e-01 -2.475005e-02
7.097222e+00 -1.731712e-01 -2.439986e-02
7.194444e+00 -1.729311e-01 -2.403676e-02
7.291667e+00 -1.725311e-01 -2.366140e-02
7.388889e+00 -1.719723e-01 -2.327445e-02
7.486111e+00 -1.712563e-01 -2.287653e-02
7.583333e+00 -1.703845e-01 -2.246829e-02
7.680556e+00 -1.693589e-01 -2.205034e-02
7.777778e+00 -1.681813e-01 -2.162331e-02
7.875000e+00 -1.668538e-01 -2.118778e-02
7.972222e+00 -1.653786e-01 -2.074435e-02
8.069444e+00 -1.637581e-01 -2.029361e-02
8.166667e+00 -1.619949e-01 -1.983611e-02
8.263889e+00 -1.600914e-01 -1.937241e-02
8.361111e+00 -1.580505e-01 -1.890305e-02
8.458333e+00 -1.558750e-01 -1.842857e-02
8.555556e+00 -1.535678e-01 -1.794948e-02
8.652778e+00 -1.511319e-01 -1.746629e-02
8.750000e+00 -1.485705e-01 -1.697948e-02
8.847222e+00 -1.458866e-01 -1.648954e-02
8.944444e+00 -1.430836e-01 -1.599692e-02
9.041667e+00 -1.401647e-01 -1.550209e-02
9.138889e+00 -1.371334e-01 -1.500548e-02
9.236111e+00 -1.339930e-01 -1.450751e-02
9.333333e+00 -1.307470e-01 -1.400860e-02
9.430556e+00 -1.273989e-01 -1.350916e-02
9.527778e+00 -1.239522e-01 -1.300956e-02
9.625000e+00 -1.204104e-01 -1.251018e-02
9.722222e+00 -1.167773e-01 -1.201138e-02
9.819444e+00 -1.130562e-01 -1.151351e-02
9.916667e+00 -1.092510e-01 -1.101690e-02
1.001389e+01 -1.053651e-01 -1.052189e-02
1.011111e+01 -1.014021e-01 -1.002878e-02
1.020833e+01 -9.736577e-02 -9.537872e-03
1.030556e+01 -9.325962e-02 -9.049451e-03
1.040278e+01 -8.908727e-02 -8.563796e-03
1.050000e+01 -8.485229e-02 -8.081170e-03
1.059722e+01 -8.055825e-02 -7.601827e-03
1.069444e+01 -7.620870e-02 -7.126008e-03
1.079167e+01 -7.180715e-02 -6.653945e-03
1.088889e+01 -6.735711e-02 -6.185857e-03
1.098611e+01 -6.286202e-02 -5.721954e-03
1.108333e+01 -5.832533e-02 -5.262436e-03
1.118056e+01 -5.375042e-02 -4.807491e-03
1.127778e+01 -4.914064e-02 -4.357298e-03
1.137500e+01 -4.449932e-02 -3.912028e-03
1.147222e+01 -3.982973e-02 -3.471841e-03
1.156944e+01 -3.513509e-02 -3.036886e-03
1.166667e+01 -3.041857e-02 -2.607306e-03
1.205556e+01 -1.140252e-02 -9.458313e-04
1.244444e+01 7.733433e-03 6.214366e-04
1.283333e+01 2.680296e-02 2.088542e-03
1.322222e+01 4.563928e-02 3.451710e-03
1.361111e+01 6.409430e-02 4.708969e-03
1.400000e+01 8.203767e-02 5.859834e-03
1.438889e+01 9.935597e-02 6.905048e-03
1.477778e+01 1.159518e-01 7.846361e-03
1.516667e+01 1.317428e-01 8.686339e-03
1.555556e+01 1.466610e-01 9.428210e-03
1.594444e+01 1.606519e-01 1.007573e-02
1.633333e+01 1.736733e-01 1.063306e-02
1.672222e+01 1.856948e-01 1.110467e-02
1.711111e+01 1.966969e-01 1.149528e-02
1.750000e+01 2.066701e-01 1.180972e-02
1.788889e+01 2.156138e-01 1.205294e-02
1.827778e+01 2.235359e-01 1.222993e-02
1.866667e+01 2.304517e-01 1.234563e-02
1.905556e+01 2.363832e-01 1.240495e-02
1.944444e+01 2.413580e-01 1.241269e-02
1.983333e+01 2.454088e-01 1.237355e-02
2.022222e+01 2.485725e-01 1.229205e-02
2.061111e+01 2.508892e-01 1.217252e-02
2.100000e+01 2.524017e-01 1.201913e-02
2.138889e+01 2.531542e-01 1.183578e-02
2.177778e+01 2.531923e-01 1.162618e-02
2.216667e+01 2.525612e-01 1.139374e-02
2.255556e+01 2.513057e-01 1.114163e-02
2.294444e+01 2.494692e-01 1.087275e-02
2.333333e+01 2.470925e-01 1.058968e-02
2.372222e+01 2.442338e-01 1.029557e-02
2.411111e+01 2.409303e-01 9.992503e-03
2.450000e+01 2.372259e-01 9.682690e-03
2.488889e+01 2.331625e-01 9.368137e-03
2.527778e+01 2.287804e-01 9.050654e-03
2.566667e+01 2.241180e-01 8.731872e-03
2.605556e+01 2.192120e-01 8.413252e-03
2.644444e+01 2.140969e-01 8.096102e-03
2.683333e+01 2.088057e-01 7.781581e-03
2.722222e+01 2.033695e-01 7.470715e-03
2.761111e+01 1.978172e-01 7.164405e-03
2.800000e+01 1.921762e-01 6.863434e-03
2.838889e+01 1.864718e-01 6.568479e-03
2.877778e+01 1.807277e-01 6.280114e-03
2.916667e+01 1.749657e-01 5.998825e-03
2.955556e+01 1.692059e-01 5.725011e-03
2.994444e+01 1.634665e-01 5.458991e-03
3.033333e+01 1.577642e-01 5.201017e-03
3.072222e+01 1.521141e-01 4.951274e-03
3.111111e+01 1.465298e-01 4.709888e-03
3.150000e+01 1.410234e-01 4.476932e-03
3.188889e+01 1.356053e-01 4.252432e-03
3.227778e+01 1.302851e-01 4.036373e-03
3.266667e+01 1.250709e-01 3.828702e-03
3.305556e+01 1.199697e-01 3.629336e-03
3.344444e+01 1.149875e-01 3.438163e-03
3.383333e+01 1.101293e-01 3.255053e-03
3.422222e+01 1.053995e-01 3.079855e-03
3.461111e+01 1.008017e-01 2.912409e-03
3.500000e+01 9.633905e-02 2.752544e-03
3.538889e+01 9.201179e-02 2.600019e-03
3.577778e+01 8.782179e-02 2.454646e-03
3.616667e+01 8.376951e-02 2.316208e-03
3.655556e+01 7.985491e-02 2.184481e-03
3.694444e+01 7.607747e-02 2.059240e-03
3.733333e+01 7.243624e-02 1.940256e-03
3.772222e+01 6.892988e-02 1.827302e-03
3.811111e+01 6.555670e-02 1.720147e-03
3.850000e+01 6.231471e-02 1.618564e-03
3.888889e+01 5.920163e-02 1.522328e-03
3.927778e+01 5.621495e-02 1.431215e-03
3.966667e+01 5.335197e-02 1.345008e-03
4.005556e+01 5.060980e-02 1.263490e-03
4.044444e+01 4.798541e-02 1.186452e-03
4.083333e+01 4.547564e-02 1.113689e-03
4.122222e+01 4.307726e-02 1.045001e-03
4.161111e+01 4.078695e-02 9.801938e-04
4.200000e+01 3.860136e-02 9.190800e-04
4.238889e+01 3.651709e-02 8.614779e-04
4.277778e+01 3.453074e-02 8.072121e-04
4.316667e+01 3.263890e-02 7.561136e-04
4.355556e+01 3.083820e-02 7.080199e-04
4.394444e+01 2.912527e-02 6.627747e-04
4.433333e+01 2.749679e-02 6.202283e-04
4.472222e+01 2.594948e-02 5.802368e-04
4.511111e+01 2.448012e-02 5.426627e-04
4.550000e+01 2.308552e-02 5.073740e-04
4.588889e+01 2.176256e-02 4.742446e-04
4.627778e+01 2.050817e-02 4.431538e-04
4.666667e+01 1.931934e-02 4.139859e-04
4.705556e+01 1.819329e-02 3.866343e-04
4.744444e+01 1.712719e-02 3.609945e-04
4.783333e+01 1.611829e-02 3.369678e-04
4.822222e+01 1.516396e-02 3.144601e-04
4.861111e+01 1.426164e-02 2.933824e-04
4.900000e+01 1.340887e-02 2.736503e-04
4.938889e+01 1.260325e-02 2.551839e-04
4.977778e+01 1.184250e-02 2.379073e-04
5.016667e+01 1.112440e-02 2.217489e-04
5.055556e+01 1.044684e-02 2.066409e-04
5.094444e+01 9.807779e-03 1.925191e-04
5.133333e+01 9.205248e-03 1.793230e-04
5.172222e+01 8.637371e-03 1.669954e-04
5.211111e+01 8.102349e-03 1.554822e-04
5.250000e+01 7.598458e-03 1.447325e-04
5.288889e+01 7.124050e-03 1.346984e-04
5.327778e+01 6.677551e-03 1.253346e-04
5.366667e+01 6.257458e-03 1.165986e-04
5.405556e+01 5.862338e-03 1.084502e-04
5.444444e+01 5.490824e-03 1.008519e-04
5.483333e+01 5.141617e-03 9.376810e-05
5.522222e+01 4.813479e-03 8.716562e-05
5.561111e+01 4.505234e-03 8.101320e-05
5.600000e+01 4.215763e-03 7.528148e-05
5.638889e+01 3.944004e-03 6.994292e-05
5.677778e+01 3.688946e-03 6.497166e-05
5.716667e+01 3.449632e-03 6.034341e-05
5.755556e+01 3.225149e-03 5.603540e-05
5.794444e+01 3.014630e-03 5.202622e-05
5.833333e+01 2.817251e-03 4.829573e-05
5.872222e+01 2.632260e-03 4.482562e-05
5.911111e+01 2.458915e-03 4.159819e-05
5.950000e+01 2.296525e-03 3.859706e-05
5.988889e+01 2.144435e-03 3.580690e-05
6.027778e+01 2.002028e-03 3.321337e-05
6.066667e+01 1.868719e-03 3.080306e-05
6.105556e+01 1.743957e-03 2.856344e-05
6.144444e+01 1.627220e-03 2.648278e-05
6.183333e+01 1.518017e-03 2.455014e-05
6.222222e+01 1.415886e-03 2.275531e-05
6.261111e+01 1.320389e-03 2.108873e-05
6.300000e+01 1.231115e-03 1.954151e-05
6.338889e+01 1.147677e-03 1.810533e-05
6.377778e+01 1.069709e-03 1.677244e-05
6.416667e+01 9.968681e-04 1.553561e-05
6.455556e+01 9.288314e-04 1.438809e-05
6.494444e+01 8.652950e-04 1.332362e-05
6.533333e+01 8.059732e-04 1.233632e-05
6.572222e+01 7.505973e-04 1.142075e-05
6.611111e+01 6.989149e-04 1.057182e-05
6.650000e+01 6.506890e-04 9.784796e-06
6.688889e+01 6.056967e-04 9.055267e-06
6.727778e+01 5.637291e-04 8.379128e-06
6.766667e+01 5.245898e-04 7.752559e-06
6.805556e+01 4.880947e-04 7.172004e-06
6.844444e+01 4.540711e-04 6.634156e-06
6.883333e+01 4.223572e-04 6.135940e-06
6.922222e+01 3.928015e-04 5.674500e-06
6.961111e+01 3.652621e-04 5.247181e-06
7.000000e+01 3.396067e-04 4.851524e-06
7.077778e+01 2.934768e-04 4.146455e-06
7.155556e+01 2.534444e-04 3.541924e-06
7.233333e+01 2.187441e-04 3.024112e-06
7.311111e+01 1.886964e-04 2.580954e-06
7.388889e+01 1.626999e-04 2.201953e-06
7.466667e+01 1.402242e-04 1.878002e-06
7.544444e+01 1.208033e-04 1.601222e-06
7.622222e+01 1.040294e-04 1.364817e-06
7.700000e+01 8.954640e-05 1.162940e-06
7.777778e+01 7.704481e-05 9.905761e-07
7.855556e+01 6.625626e-05 8.434318e-07
7.933333e+01 5.694863e-05 7.178399e-07
8.011111e+01 4.892158e-05 6.106716e-07
8.088889e+01 4.200236e-05 5.192599e-07
8.166667e+01 3.604203e-05 4.413309e-07
8.244444e+01 3.091205e-05 3.749440e-07
8.322222e+01 2.650125e-05 3.184395e-07
8.400000e+01 2.271307e-05 2.703937e-07
8.477778e+01 1.946334e-05 2.295806e-07
8.555556e+01 1.667823e-05 1.949403e-07
8.633333e+01 1.429273e-05 1.655529e-07
8.711111e+01 1.224941e-05 1.406183e-07
8.788889e+01 1.049756e-05 1.194413e-07
8.866667e+01 8.992700e-06 1.014214e-07
8.944444e+01 7.696462e-06 8.604740e-08
9.022222e+01 6.576845e-06 7.289606e-08
9.100000e+01 5.608813e-06 6.163531e-08
9.177778e+01 4.775282e-06 5.203092e-08
9.255556e+01 4.068456e-06 4.395691e-08
9.333333e+01 3.491547e-06 3.740943e-08
9.488889e+01 2.557270e-06 2.695015e-08
9.644444e+01 1.857365e-06 1.925840e-08
9.800000e+01 1.340443e-06 1.367799e-08
9.955556e+01 9.640747e-07 9.683786e-09
1.011111e+02 6.937109e-07 6.860877e-09
1.026667e+02 5.016694e-07 4.886391e-09
1.042222e+02 3.661858e-07 3.513510e-09
1.057778e+02 2.705328e-07 2.557558e-09
1.073333e+02 2.022067e-07 1.883913e-09
1.088889e+02 1.521803e-07 1.397574e-09
1.104444e+02 1.142235e-07 1.034217e-09
1.120000e+02 8.428993e-08 7.525887e-10
1.135556e+02 5.997161e-08 5.281257e-10
1.151111e+02 4.001979e-08 3.476622e-10
1.166667e+02 2.393316e-08 2.051414e-10
1.182222e+02 1.161302e-08 9.823041e-11
1.197778e+02 3.085299e-09 2.575853e-11
1.213333e+02 -1.710272e-09 -1.409564e-11
1.228889e+02 -3.064128e-09 -2.493414e-11
1.244444e+02 -1.573785e-09 -1.264649e-11
1.260000e+02 1.846219e-09 1.465253e-11
1.275556e+02 6.021362e-09 4.720580e-11
1.291111e+02 9.641171e-09 7.467344e-11
1.306667e+02 1.145024e-08 8.762941e-11
1.322222e+02 1.050625e-08 7.945902e-11
1.337778e+02 6.504922e-09 4.862483e-11
1.353333e+02 1.720504e-10 1.271309e-12
1.368889e+02 -6.277563e-09 -4.585882e-11
1.384444e+02 -8.614144e-09 -6.222094e-11
1.400000e+02 0.000000e+00
