# 
# Output from EIGENRAD program.
# 
# Eigenfunction for specific electronic state.
# The first column contains radius $r$ in bohr units.
# The second column holds value of eginefunction.
# 
# Use this file with gnuplot to create the plot.
#
0.000000e+00 0.000000e+00 1.558257e-05
9.722222e-02 2.698661e-06 2.775766e-05
1.944444e-01 1.906513e-05 9.804926e-05
2.916667e-01 6.487157e-05 2.224168e-04
3.888889e-01 1.543421e-04 3.968797e-04
4.861111e-01 3.001844e-04 6.175223e-04
5.833333e-01 5.136247e-04 8.804994e-04
6.805556e-01 8.044448e-04 1.182041e-03
7.777778e-01 1.181024e-03 1.518459e-03
8.750000e-01 1.650381e-03 1.886149e-03
9.722222e-01 2.218222e-03 2.281599e-03
1.069444e+00 2.888990e-03 2.701393e-03
1.166667e+00 3.665919e-03 3.142216e-03
1.263889e+00 4.551087e-03 3.600860e-03
1.361111e+00 5.545476e-03 4.074228e-03
1.458333e+00 6.649036e-03 4.559339e-03
1.555556e+00 7.860745e-03 5.053336e-03
1.652778e+00 9.178682e-03 5.553488e-03
1.750000e+00 1.060009e-02 6.057197e-03
1.847222e+00 1.212147e-02 6.562001e-03
1.944444e+00 1.373863e-02 7.065582e-03
2.041667e+00 1.544678e-02 7.565769e-03
2.138889e+00 1.724061e-02 8.060545e-03
2.236111e+00 1.911439e-02 8.548049e-03
2.333333e+00 2.106204e-02 9.026586e-03
2.430556e+00 2.307722e-02 9.494629e-03
2.527778e+00 2.515347e-02 9.950822e-03
2.625000e+00 2.728422e-02 1.039399e-02
2.722222e+00 2.946300e-02 1.082314e-02
2.819444e+00 3.168344e-02 1.123748e-02
2.916667e+00 3.393946e-02 1.163639e-02
3.013889e+00 3.622128e-02 1.201812e-02
3.111111e+00 3.852308e-02 1.238242e-02
3.208333e+00 4.083779e-02 1.272866e-02
3.305556e+00 4.315838e-02 1.305632e-02
3.402778e+00 4.547795e-02 1.336495e-02
3.500000e+00 4.778968e-02 1.365419e-02
3.597222e+00 5.008688e-02 1.392377e-02
3.694444e+00 5.236303e-02 1.417345e-02
3.791667e+00 5.461175e-02 1.440310e-02
3.888889e+00 5.682684e-02 1.461262e-02
3.986111e+00 5.900229e-02 1.480197e-02
4.083333e+00 6.113229e-02 1.497117e-02
4.180556e+00 6.321125e-02 1.512030e-02
4.277778e+00 6.523380e-02 1.524946e-02
4.375000e+00 6.719478e-02 1.535881e-02
4.472222e+00 6.908930e-02 1.544854e-02
4.569444e+00 7.091269e-02 1.551889e-02
4.666667e+00 7.266055e-02 1.557012e-02
4.763889e+00 7.432872e-02 1.560253e-02
4.861111e+00 7.591330e-02 1.561645e-02
4.958333e+00 7.741065e-02 1.561223e-02
5.055556e+00 7.881740e-02 1.559026e-02
5.152778e+00 8.013044e-02 1.555092e-02
5.250000e+00 8.134689e-02 1.549465e-02
5.347222e+00 8.246416e-02 1.542187e-02
5.444444e+00 8.347990e-02 1.533304e-02
5.541667e+00 8.439200e-02 1.522863e-02
5.638889e+00 8.519860e-02 1.510911e-02
5.736111e+00 8.589807e-02 1.497497e-02
5.833333e+00 8.648902e-02 1.482669e-02
5.930556e+00 8.697038e-02 1.466479e-02
6.027778e+00 8.734125e-02 1.448979e-02
6.125000e+00 8.760095e-02 1.430220e-02
6.222222e+00 8.774902e-02 1.410252e-02
6.319444e+00 8.778523e-02 1.389129e-02
6.416667e+00 8.770957e-02 1.366902e-02
6.513889e+00 8.752221e-02 1.343625e-02
6.611111e+00 8.722354e-02 1.319348e-02
6.708333e+00 8.681412e-02 1.294124e-02
6.805556e+00 8.629473e-02 1.268004e-02
6.902778e+00 8.566629e-02 1.241041e-02
7.000000e+00 8.492991e-02 1.213284e-02
7.097222e+00 8.408686e-02 1.184786e-02
7.194444e+00 8.313858e-02 1.155594e-02
7.291667e+00 8.208664e-02 1.125760e-02
7.388889e+00 8.093276e-02 1.095331e-02
7.486111e+00 7.967881e-02 1.064355e-02
7.583333e+00 7.832677e-02 1.032880e-02
7.680556e+00 7.687876e-02 1.000953e-02
7.777778e+00 7.533702e-02 9.686188e-03
7.875000e+00 7.370388e-02 9.359223e-03
7.972222e+00 7.198179e-02 9.029075e-03
8.069444e+00 7.017329e-02 8.696173e-03
8.166667e+00 6.828100e-02 8.360939e-03
8.263889e+00 6.630765e-02 8.023783e-03
8.361111e+00 6.425603e-02 7.685107e-03
8.458333e+00 6.212899e-02 7.345299e-03
8.555556e+00 5.992946e-02 7.004742e-03
8.652778e+00 5.766042e-02 6.663805e-03
8.750000e+00 5.532490e-02 6.322845e-03
8.847222e+00 5.292599e-02 5.982216e-03
8.944444e+00 5.046682e-02 5.642253e-03
9.041667e+00 4.795054e-02 5.303286e-03
9.138889e+00 4.538034e-02 4.965630e-03
9.236111e+00 4.275945e-02 4.629594e-03
9.333333e+00 4.009109e-02 4.295473e-03
9.430556e+00 3.737850e-02 3.963553e-03
9.527778e+00 3.462497e-02 3.634107e-03
9.625000e+00 3.183374e-02 3.307401e-03
9.722222e+00 2.900808e-02 2.983688e-03
9.819444e+00 2.615126e-02 2.663211e-03
9.916667e+00 2.326653e-02 2.346204e-03
1.001389e+01 2.035713e-02 2.032890e-03
1.011111e+01 1.742630e-02 1.723480e-03
1.020833e+01 1.447724e-02 1.418179e-03
1.030556e+01 1.151314e-02 1.117178e-03
1.040278e+01 8.537152e-03 8.206608e-04
1.050000e+01 5.552415e-03 5.288014e-04
1.059722e+01 2.562023e-03 2.417636e-04
1.069444e+01 -4.309627e-04 -4.029781e-05
1.079167e+01 -3.423519e-03 -3.172372e-04
1.088889e+01 -6.412664e-03 -5.889181e-04
1.098611e+01 -9.395460e-03 -8.552126e-04
1.108333e+01 -1.236902e-02 -1.116002e-03
1.118056e+01 -1.533049e-02 -1.371175e-03
1.127778e+01 -1.827710e-02 -1.620629e-03
1.137500e+01 -2.120609e-02 -1.864271e-03
1.147222e+01 -2.411478e-02 -2.102015e-03
1.156944e+01 -2.700056e-02 -2.333782e-03
1.166667e+01 -2.986084e-02 -2.559500e-03
1.205556e+01 -4.098994e-02 -3.400087e-03
1.244444e+01 -5.153446e-02 -4.141162e-03
1.283333e+01 -6.135099e-02 -4.780597e-03
1.322222e+01 -7.031849e-02 -5.318205e-03
1.361111e+01 -7.833706e-02 -5.755376e-03
1.400000e+01 -8.532683e-02 -6.094773e-03
1.438889e+01 -9.122669e-02 -6.340079e-03
1.477778e+01 -9.599319e-02 -6.495779e-03
1.516667e+01 -9.959932e-02 -6.566988e-03
1.555556e+01 -1.020334e-01 -6.559291e-03
1.594444e+01 -1.032980e-01 -6.478618e-03
1.633333e+01 -1.034085e-01 -6.331130e-03
1.672222e+01 -1.023923e-01 -6.123128e-03
1.711111e+01 -1.002877e-01 -5.860971e-03
1.750000e+01 -9.714253e-02 -5.551002e-03
1.788889e+01 -9.301314e-02 -5.199492e-03
1.827778e+01 -8.796342e-02 -4.812588e-03
1.866667e+01 -8.206361e-02 -4.396265e-03
1.905556e+01 -7.538925e-02 -3.956287e-03
1.944444e+01 -6.802008e-02 -3.498176e-03
1.983333e+01 -6.003902e-02 -3.027178e-03
2.022222e+01 -5.153109e-02 -2.548240e-03
2.061111e+01 -4.258234e-02 -2.065990e-03
2.100000e+01 -3.327889e-02 -1.584709e-03
2.138889e+01 -2.370580e-02 -1.108323e-03
2.177778e+01 -1.394611e-02 -6.403826e-04
2.216667e+01 -4.079828e-03 -1.840524e-04
2.255556e+01 5.817102e-03 2.579011e-04
2.294444e+01 1.567378e-02 6.831188e-04
2.333333e+01 2.542535e-02 1.089658e-03
2.372222e+01 3.498876e-02 1.474936e-03
2.411111e+01 4.431066e-02 1.837769e-03
2.450000e+01 5.333149e-02 2.176795e-03
2.488889e+01 6.199701e-02 2.490951e-03
2.527778e+01 7.025820e-02 2.779445e-03
2.566667e+01 7.807117e-02 3.041734e-03
2.605556e+01 8.539704e-02 3.277498e-03
2.644444e+01 9.220183e-02 3.486624e-03
2.683333e+01 9.845633e-02 3.669180e-03
2.722222e+01 1.041360e-01 3.825403e-03
2.761111e+01 1.092207e-01 3.955678e-03
2.800000e+01 1.136947e-01 4.060524e-03
2.838889e+01 1.175464e-01 4.140579e-03
2.877778e+01 1.207684e-01 4.196585e-03
2.916667e+01 1.233568e-01 4.229376e-03
2.955556e+01 1.253116e-01 4.239867e-03
2.994444e+01 1.266362e-01 4.229038e-03
3.033333e+01 1.273371e-01 4.197928e-03
3.072222e+01 1.274241e-01 4.147620e-03
3.111111e+01 1.269096e-01 4.079236e-03
3.150000e+01 1.258085e-01 3.993921e-03
3.188889e+01 1.241384e-01 3.892842e-03
3.227778e+01 1.219186e-01 3.777169e-03
3.266667e+01 1.191706e-01 3.648079e-03
3.305556e+01 1.159171e-01 3.506736e-03
3.344444e+01 1.121825e-01 3.354293e-03
3.383333e+01 1.079918e-01 3.191876e-03
3.422222e+01 1.033711e-01 3.020585e-03
3.461111e+01 9.834680e-02 2.841481e-03
3.500000e+01 9.294536e-02 2.655582e-03
3.538889e+01 8.719773e-02 2.463986e-03
3.577778e+01 8.113070e-02 2.267628e-03
3.616667e+01 7.477292e-02 2.067454e-03
3.655556e+01 6.815292e-02 1.864366e-03
3.694444e+01 6.129901e-02 1.659221e-03
3.733333e+01 5.423919e-02 1.452835e-03
3.772222e+01 4.700101e-02 1.245977e-03
3.811111e+01 3.961153e-02 1.039370e-03
3.850000e+01 3.209723e-02 8.336943e-04
3.888889e+01 2.448390e-02 6.295861e-04
3.927778e+01 1.679662e-02 4.276366e-04
3.966667e+01 9.059630e-03 2.283940e-04
4.005556e+01 1.296357e-03 3.236398e-05
4.044444e+01 -6.470700e-03 -1.599898e-04
4.083333e+01 -1.421999e-02 -3.482446e-04
4.122222e+01 -2.193094e-02 -5.320175e-04
4.161111e+01 -2.958402e-02 -7.109644e-04
4.200000e+01 -3.716070e-02 -8.847786e-04
4.238889e+01 -4.464355e-02 -1.053190e-03
4.277778e+01 -5.201618e-02 -1.215963e-03
4.316667e+01 -5.926330e-02 -1.372895e-03
4.355556e+01 -6.637067e-02 -1.523816e-03
4.394444e+01 -7.332514e-02 -1.668587e-03
4.433333e+01 -8.011459e-02 -1.807096e-03
4.472222e+01 -8.672793e-02 -1.939258e-03
4.511111e+01 -9.315509e-02 -2.065014e-03
4.550000e+01 -9.938694e-02 -2.184328e-03
4.588889e+01 -1.054153e-01 -2.297186e-03
4.627778e+01 -1.112329e-01 -2.403592e-03
4.666667e+01 -1.168332e-01 -2.503568e-03
4.705556e+01 -1.222112e-01 -2.597168e-03
4.744444e+01 -1.273624e-01 -2.684453e-03
4.783333e+01 -1.322829e-01 -2.765496e-03
4.822222e+01 -1.369698e-01 -2.840387e-03
4.861111e+01 -1.414209e-01 -2.909231e-03
4.900000e+01 -1.456349e-01 -2.972140e-03
4.938889e+01 -1.496108e-01 -3.029240e-03
4.977778e+01 -1.533486e-01 -3.080664e-03
5.016667e+01 -1.568488e-01 -3.126555e-03
5.055556e+01 -1.601125e-01 -3.167061e-03
5.094444e+01 -1.631413e-01 -3.202337e-03
5.133333e+01 -1.659373e-01 -3.232544e-03
5.172222e+01 -1.685030e-01 -3.257846e-03
5.211111e+01 -1.708416e-01 -3.278410e-03
5.250000e+01 -1.729564e-01 -3.294407e-03
5.288889e+01 -1.748512e-01 -3.306011e-03
5.327778e+01 -1.765303e-01 -3.313394e-03
5.366667e+01 -1.779980e-01 -3.316732e-03
5.405556e+01 -1.792590e-01 -3.316200e-03
5.444444e+01 -1.803185e-01 -3.311972e-03
5.483333e+01 -1.811815e-01 -3.304222e-03
5.522222e+01 -1.818535e-01 -3.293122e-03
5.561111e+01 -1.823401e-01 -3.278843e-03
5.600000e+01 -1.826470e-01 -3.261554e-03
5.638889e+01 -1.827801e-01 -3.241421e-03
5.677778e+01 -1.827453e-01 -3.218606e-03
5.716667e+01 -1.825486e-01 -3.193271e-03
5.755556e+01 -1.821962e-01 -3.165571e-03
5.794444e+01 -1.816941e-01 -3.135660e-03
5.833333e+01 -1.810485e-01 -3.103688e-03
5.872222e+01 -1.802655e-01 -3.069801e-03
5.911111e+01 -1.793514e-01 -3.034140e-03
5.950000e+01 -1.783121e-01 -2.996843e-03
5.988889e+01 -1.771539e-01 -2.958043e-03
6.027778e+01 -1.758827e-01 -2.917870e-03
6.066667e+01 -1.745045e-01 -2.876448e-03
6.105556e+01 -1.730252e-01 -2.833898e-03
6.144444e+01 -1.714507e-01 -2.790336e-03
6.183333e+01 -1.697865e-01 -2.745873e-03
6.222222e+01 -1.680383e-01 -2.700616e-03
6.261111e+01 -1.662117e-01 -2.654668e-03
6.300000e+01 -1.643120e-01 -2.608127e-03
6.338889e+01 -1.623444e-01 -2.561087e-03
6.377778e+01 -1.603142e-01 -2.513637e-03
6.416667e+01 -1.582263e-01 -2.465864e-03
6.455556e+01 -1.560856e-01 -2.417849e-03
6.494444e+01 -1.538968e-01 -2.369668e-03
6.533333e+01 -1.516645e-01 -2.321395e-03
6.572222e+01 -1.493932e-01 -2.273100e-03
6.611111e+01 -1.470871e-01 -2.224847e-03
6.650000e+01 -1.447505e-01 -2.176699e-03
6.688889e+01 -1.423873e-01 -2.128713e-03
6.727778e+01 -1.400013e-01 -2.080945e-03
6.766667e+01 -1.375964e-01 -2.033444e-03
6.805556e+01 -1.351760e-01 -1.986259e-03
6.844444e+01 -1.327436e-01 -1.939435e-03
6.883333e+01 -1.303024e-01 -1.893013e-03
6.922222e+01 -1.278555e-01 -1.847030e-03
6.961111e+01 -1.254061e-01 -1.801524e-03
7.000000e+01 -1.229569e-01 -1.756527e-03
7.077778e+01 -1.180699e-01 -1.668177e-03
7.155556e+01 -1.132142e-01 -1.582186e-03
7.233333e+01 -1.084080e-01 -1.498729e-03
7.311111e+01 -1.036674e-01 -1.417943e-03
7.388889e+01 -9.900641e-02 -1.339936e-03
7.466667e+01 -9.443727e-02 -1.264785e-03
7.544444e+01 -8.997054e-02 -1.192540e-03
7.622222e+01 -8.561517e-02 -1.123231e-03
7.700000e+01 -8.137865e-02 -1.056866e-03
7.777778e+01 -7.726712e-02 -9.934344e-04
7.855556e+01 -7.328545e-02 -9.329124e-04
7.933333e+01 -6.943738e-02 -8.752611e-04
8.011111e+01 -6.572557e-02 -8.204302e-04
8.088889e+01 -6.215177e-02 -7.683598e-04
8.166667e+01 -5.871683e-02 -7.189816e-04
8.244444e+01 -5.542084e-02 -6.722204e-04
8.322222e+01 -5.226319e-02 -6.279956e-04
8.400000e+01 -4.924265e-02 -5.862220e-04
8.477778e+01 -4.635746e-02 -5.468114e-04
8.555556e+01 -4.360537e-02 -5.096732e-04
8.633333e+01 -4.098374e-02 -4.747151e-04
8.711111e+01 -3.848956e-02 -4.418445e-04
8.788889e+01 -3.611957e-02 -4.109685e-04
8.866667e+01 -3.387022e-02 -3.819950e-04
8.944444e+01 -3.173782e-02 -3.548328e-04
9.022222e+01 -2.971852e-02 -3.293924e-04
9.100000e+01 -2.780835e-02 -3.055863e-04
9.177778e+01 -2.600332e-02 -2.833292e-04
9.255556e+01 -2.429936e-02 -2.625381e-04
9.333333e+01 -2.269242e-02 -2.431330e-04
9.488889e+01 -1.975136e-02 -2.081525e-04
9.644444e+01 -1.715176e-02 -1.778408e-04
9.800000e+01 -1.486029e-02 -1.516356e-04
9.955556e+01 -1.284605e-02 -1.290340e-04
1.011111e+02 -1.108046e-02 -1.095869e-04
1.026667e+02 -9.537116e-03 -9.289399e-05
1.042222e+02 -8.191776e-03 -7.859913e-05
1.057778e+02 -7.022206e-03 -6.638640e-05
1.073333e+02 -6.008103e-03 -5.597612e-05
1.088889e+02 -5.131004e-03 -4.712146e-05
1.104444e+02 -4.374180e-03 -3.960525e-05
1.120000e+02 -3.722545e-03 -3.323701e-05
1.135556e+02 -3.162558e-03 -2.785031e-05
1.151111e+02 -2.682120e-03 -2.330027e-05
1.166667e+02 -2.270482e-03 -1.946127e-05
1.182222e+02 -1.918143e-03 -1.622489e-05
1.197778e+02 -1.616749e-03 -1.349790e-05
1.213333e+02 -1.358996e-03 -1.120051e-05
1.228889e+02 -1.138527e-03 -9.264689e-06
1.244444e+02 -9.498353e-04 -7.632605e-06
1.260000e+02 -7.881564e-04 -6.255210e-06
1.275556e+02 -6.493718e-04 -5.090894e-06
1.291111e+02 -5.299042e-04 -4.104250e-06
1.306667e+02 -4.266150e-04 -3.264911e-06
1.322222e+02 -3.367011e-04 -2.546479e-06
1.337778e+02 -2.575907e-04 -1.925512e-06
1.353333e+02 -1.868395e-04 -1.380588e-06
1.368889e+02 -1.220254e-04 -8.914195e-07
1.384444e+02 -6.064346e-05 -4.380346e-07
1.400000e+02 0.000000e+00
