# 
# Output from EIGENRAD program.
# 
# Eigenfunction for specific electronic state.
# The first column contains radius $r$ in bohr units.
# The second column holds value of eginefunction.
# 
# Use this file with gnuplot to create the plot.
#
0.000000e+00 0.000000e+00 3.371682e-04
3.472222e-02 -1.388706e-04 -3.999473e-03
6.944444e-02 -5.650686e-04 -8.136988e-03
1.041667e-01 -1.259196e-03 -1.208828e-02
1.388889e-01 -2.203495e-03 -1.586517e-02
1.736111e-01 -3.381676e-03 -1.947845e-02
2.083333e-01 -4.778742e-03 -2.293796e-02
2.430556e-01 -6.380840e-03 -2.625260e-02
2.777778e-01 -8.175113e-03 -2.943041e-02
3.125000e-01 -1.014957e-02 -3.247861e-02
3.472222e-01 -1.229294e-02 -3.540368e-02
3.819444e-01 -1.459462e-02 -3.821138e-02
4.166667e-01 -1.704451e-02 -4.090681e-02
4.513889e-01 -1.963293e-02 -4.349449e-02
4.861111e-01 -2.235060e-02 -4.597838e-02
5.208333e-01 -2.518851e-02 -4.836193e-02
5.555556e-01 -2.813789e-02 -5.064819e-02
5.902778e-01 -3.119016e-02 -5.283979e-02
6.250000e-01 -3.433690e-02 -5.493904e-02
6.597222e-01 -3.756984e-02 -5.694796e-02
6.944444e-01 -4.088080e-02 -5.886835e-02
7.291667e-01 -4.426175e-02 -6.070183e-02
7.638889e-01 -4.770479e-02 -6.244991e-02
7.986111e-01 -5.120217e-02 -6.411402e-02
8.333333e-01 -5.474631e-02 -6.569557e-02
8.680556e-01 -5.832988e-02 -6.719602e-02
9.027778e-01 -6.194584e-02 -6.861693e-02
9.375000e-01 -6.558748e-02 -6.995998e-02
9.722222e-01 -6.924853e-02 -7.122706e-02
1.006944e+00 -7.292324e-02 -7.242032e-02
1.041667e+00 -7.660646e-02 -7.354220e-02
1.076389e+00 -8.029352e-02 -7.459527e-02
1.111111e+00 -8.397859e-02 -7.558073e-02
1.145833e+00 -8.765670e-02 -7.650040e-02
1.180556e+00 -9.132310e-02 -7.735603e-02
1.215278e+00 -9.497321e-02 -7.814939e-02
1.250000e+00 -9.860269e-02 -7.888215e-02
1.284722e+00 -1.022073e-01 -7.955599e-02
1.319444e+00 -1.057832e-01 -8.017252e-02
1.354167e+00 -1.093264e-01 -8.073336e-02
1.388889e+00 -1.128334e-01 -8.124005e-02
1.423611e+00 -1.163007e-01 -8.169412e-02
1.458333e+00 -1.197249e-01 -8.209706e-02
1.493056e+00 -1.231029e-01 -8.245035e-02
1.527778e+00 -1.264319e-01 -8.275540e-02
1.562500e+00 -1.297088e-01 -8.301362e-02
1.597222e+00 -1.329310e-01 -8.322639e-02
1.631944e+00 -1.360961e-01 -8.339504e-02
1.666667e+00 -1.392015e-01 -8.352089e-02
1.701389e+00 -1.422450e-01 -8.360522e-02
1.736111e+00 -1.452245e-01 -8.364929e-02
1.770833e+00 -1.481379e-01 -8.365433e-02
1.805556e+00 -1.509833e-01 -8.362154e-02
1.840278e+00 -1.537591e-01 -8.355210e-02
1.875000e+00 -1.564634e-01 -8.344716e-02
1.909722e+00 -1.590948e-01 -8.330784e-02
1.944444e+00 -1.616519e-01 -8.313526e-02
1.979167e+00 -1.641332e-01 -8.293048e-02
2.013889e+00 -1.665376e-01 -8.269455e-02
2.048611e+00 -1.688640e-01 -8.242852e-02
2.083333e+00 -1.711112e-01 -8.213338e-02
2.152778e+00 -1.753647e-01 -8.145972e-02
2.222222e+00 -1.792914e-01 -8.068115e-02
2.291667e+00 -1.828863e-01 -7.980495e-02
2.361111e+00 -1.861455e-01 -7.883810e-02
2.430556e+00 -1.890662e-01 -7.778723e-02
2.500000e+00 -1.916467e-01 -7.665867e-02
2.569444e+00 -1.938863e-01 -7.545847e-02
2.638889e+00 -1.957854e-01 -7.419237e-02
2.708333e+00 -1.973450e-01 -7.286586e-02
2.777778e+00 -1.985672e-01 -7.148418e-02
2.847222e+00 -1.994545e-01 -7.005230e-02
2.916667e+00 -2.000103e-01 -6.857496e-02
2.986111e+00 -2.002387e-01 -6.705668e-02
3.055556e+00 -2.001443e-01 -6.550176e-02
3.125000e+00 -1.997321e-01 -6.391427e-02
3.194444e+00 -1.990078e-01 -6.229808e-02
3.263889e+00 -1.979773e-01 -6.065689e-02
3.333333e+00 -1.966473e-01 -5.899418e-02
3.402778e+00 -1.950243e-01 -5.731326e-02
3.472222e+00 -1.931155e-01 -5.561726e-02
3.541667e+00 -1.909283e-01 -5.390916e-02
3.611111e+00 -1.884702e-01 -5.219176e-02
3.680556e+00 -1.857492e-01 -5.046771e-02
3.750000e+00 -1.827732e-01 -4.873952e-02
3.819444e+00 -1.795504e-01 -4.700956e-02
3.888889e+00 -1.760891e-01 -4.528004e-02
3.958333e+00 -1.723976e-01 -4.355309e-02
4.027778e+00 -1.684846e-01 -4.183067e-02
4.097222e+00 -1.643586e-01 -4.011465e-02
4.166667e+00 -1.600283e-01 -3.840680e-02
4.305556e+00 -1.507899e-01 -3.502218e-02
4.444444e+00 -1.408356e-01 -3.168802e-02
4.583333e+00 -1.302353e-01 -2.841497e-02
4.722222e+00 -1.190571e-01 -2.521209e-02
4.861111e+00 -1.073678e-01 -2.208708e-02
5.000000e+00 -9.523205e-02 -1.904641e-02
5.138889e+00 -8.271279e-02 -1.609546e-02
5.277778e+00 -6.987065e-02 -1.323865e-02
5.416667e+00 -5.676402e-02 -1.047951e-02
5.555556e+00 -4.344898e-02 -7.820817e-03
5.694444e+00 -2.997913e-02 -5.264628e-03
5.833333e+00 -1.640554e-02 -2.812378e-03
5.972222e+00 -2.776685e-03 -4.649333e-04
6.111111e+00 1.086159e-02 1.777351e-03
6.250000e+00 2.446611e-02 3.914578e-03
6.388889e+00 3.799640e-02 5.947262e-03
6.527778e+00 5.141465e-02 7.876286e-03
6.666667e+00 6.468574e-02 9.702861e-03
6.805556e+00 7.777719e-02 1.142849e-02
6.944444e+00 9.065913e-02 1.305491e-02
7.083333e+00 1.033042e-01 1.458412e-02
7.222222e+00 1.156875e-01 1.601827e-02
7.361111e+00 1.277866e-01 1.735969e-02
7.500000e+00 1.395811e-01 1.861082e-02
7.638889e+00 1.510531e-01 1.977422e-02
7.777778e+00 1.621864e-01 2.085254e-02
7.916667e+00 1.729668e-01 2.184843e-02
8.055556e+00 1.833817e-01 2.276463e-02
8.194444e+00 1.934202e-01 2.360382e-02
8.333333e+00 2.030724e-01 2.436869e-02
8.472222e+00 2.123337e-01 2.506233e-02
8.611111e+00 2.211973e-01 2.568743e-02
8.750000e+00 2.296592e-01 2.624677e-02
8.888889e+00 2.377165e-01 2.674311e-02
9.027778e+00 2.453678e-01 2.717920e-02
9.166667e+00 2.526126e-01 2.755774e-02
9.305556e+00 2.594517e-01 2.788137e-02
9.444444e+00 2.658868e-01 2.815272e-02
9.583333e+00 2.719208e-01 2.837434e-02
9.722222e+00 2.775572e-01 2.854874e-02
9.861111e+00 2.828003e-01 2.867834e-02
1.000000e+01 2.876554e-01 2.876554e-02
1.013889e+01 2.921283e-01 2.881266e-02
1.027778e+01 2.962254e-01 2.882193e-02
1.041667e+01 2.999536e-01 2.879554e-02
1.055556e+01 3.033204e-01 2.873562e-02
1.069444e+01 3.063338e-01 2.864420e-02
1.083333e+01 3.090019e-01 2.852326e-02
1.097222e+01 3.113335e-01 2.837470e-02
1.111111e+01 3.133375e-01 2.820038e-02
1.125000e+01 3.150230e-01 2.800204e-02
1.138889e+01 3.163994e-01 2.778141e-02
1.152778e+01 3.174762e-01 2.754010e-02
1.166667e+01 3.182631e-01 2.727969e-02
1.180556e+01 3.187699e-01 2.700168e-02
1.194444e+01 3.190064e-01 2.670751e-02
1.208333e+01 3.189824e-01 2.639855e-02
1.222222e+01 3.187080e-01 2.607611e-02
1.236111e+01 3.181929e-01 2.574145e-02
1.250000e+01 3.174470e-01 2.539576e-02
1.263889e+01 3.164801e-01 2.504019e-02
1.277778e+01 3.153019e-01 2.467580e-02
1.291667e+01 3.139219e-01 2.430363e-02
1.305556e+01 3.123496e-01 2.392465e-02
1.319444e+01 3.105945e-01 2.353979e-02
1.333333e+01 3.086657e-01 2.314993e-02
1.347222e+01 3.065723e-01 2.275588e-02
1.361111e+01 3.043232e-01 2.235844e-02
1.375000e+01 3.019271e-01 2.195833e-02
1.388889e+01 2.993925e-01 2.155626e-02
1.402778e+01 2.967278e-01 2.115287e-02
1.416667e+01 2.939411e-01 2.074879e-02
1.430556e+01 2.910405e-01 2.034458e-02
1.444444e+01 2.880335e-01 1.994078e-02
1.458333e+01 2.849278e-01 1.953790e-02
1.472222e+01 2.817306e-01 1.913642e-02
1.486111e+01 2.784491e-01 1.873676e-02
1.500000e+01 2.750902e-01 1.833934e-02
1.513889e+01 2.716604e-01 1.794454e-02
1.527778e+01 2.681663e-01 1.755271e-02
1.541667e+01 2.646141e-01 1.716416e-02
1.555556e+01 2.610098e-01 1.677920e-02
1.569444e+01 2.573591e-01 1.639810e-02
1.583333e+01 2.536676e-01 1.602111e-02
1.597222e+01 2.499408e-01 1.564846e-02
1.611111e+01 2.461836e-01 1.528036e-02
1.625000e+01 2.424012e-01 1.491699e-02
1.638889e+01 2.385981e-01 1.455853e-02
1.652778e+01 2.347790e-01 1.420512e-02
1.666667e+01 2.309483e-01 1.385690e-02
1.694444e+01 2.232681e-01 1.317648e-02
1.722222e+01 2.155882e-01 1.251802e-02
1.750000e+01 2.079366e-01 1.188209e-02
1.777778e+01 2.003386e-01 1.126905e-02
1.805556e+01 1.928168e-01 1.067908e-02
1.833333e+01 1.853910e-01 1.011224e-02
1.861111e+01 1.780791e-01 9.568428e-03
1.888889e+01 1.708963e-01 9.047453e-03
1.916667e+01 1.638562e-01 8.549020e-03
1.944444e+01 1.569702e-01 8.072754e-03
1.972222e+01 1.502480e-01 7.618209e-03
2.000000e+01 1.436977e-01 7.184886e-03
2.027778e+01 1.373259e-01 6.772234e-03
2.055556e+01 1.311376e-01 6.379668e-03
2.083333e+01 1.251369e-01 6.006572e-03
2.111111e+01 1.193265e-01 5.652307e-03
2.138889e+01 1.137080e-01 5.316220e-03
2.166667e+01 1.082823e-01 4.997644e-03
2.194444e+01 1.030492e-01 4.695911e-03
2.222222e+01 9.800776e-02 4.410349e-03
2.250000e+01 9.315655e-02 4.140291e-03
2.277778e+01 8.849339e-02 3.885076e-03
2.305556e+01 8.401561e-02 3.644051e-03
2.333333e+01 7.972008e-02 3.416575e-03
2.361111e+01 7.560329e-02 3.202022e-03
2.388889e+01 7.166141e-02 2.999780e-03
2.416667e+01 6.789030e-02 2.809254e-03
2.444444e+01 6.428561e-02 2.629866e-03
2.472222e+01 6.084281e-02 2.461058e-03
2.500000e+01 5.755721e-02 2.302288e-03
2.527778e+01 5.442388e-02 2.153033e-03
2.555556e+01 5.143808e-02 2.012795e-03
2.583333e+01 4.859482e-02 1.881090e-03
2.611111e+01 4.588910e-02 1.757455e-03
2.638889e+01 4.331593e-02 1.641446e-03
2.666667e+01 4.087038e-02 1.532639e-03
2.694444e+01 3.854755e-02 1.430631e-03
2.722222e+01 3.634261e-02 1.335035e-03
2.750000e+01 3.425078e-02 1.245483e-03
2.777778e+01 3.226738e-02 1.161626e-03
2.805556e+01 3.038782e-02 1.083130e-03
2.833333e+01 2.860762e-02 1.009681e-03
2.861111e+01 2.692237e-02 9.409761e-04
2.888889e+01 2.532781e-02 8.767320e-04
2.916667e+01 2.381979e-02 8.166786e-04
2.944444e+01 2.239428e-02 7.605604e-04
2.972222e+01 2.104737e-02 7.081357e-04
3.000000e+01 1.977529e-02 6.591764e-04
3.027778e+01 1.857441e-02 6.134668e-04
3.055556e+01 1.744122e-02 5.708036e-04
3.083333e+01 1.637235e-02 5.309950e-04
3.111111e+01 1.536455e-02 4.938606e-04
3.138889e+01 1.441473e-02 4.592302e-04
3.166667e+01 1.351989e-02 4.269438e-04
3.194444e+01 1.267717e-02 3.968507e-04
3.222222e+01 1.188385e-02 3.688091e-04
3.250000e+01 1.113729e-02 3.426857e-04
3.277778e+01 1.043496e-02 3.183548e-04
3.305556e+01 9.774455e-03 2.956978e-04
3.333333e+01 9.153434e-03 2.746030e-04
3.361111e+01 8.569833e-03 2.549702e-04
3.388889e+01 8.021535e-03 2.367010e-04
3.416667e+01 7.506564e-03 2.197043e-04
3.444444e+01 7.023041e-03 2.038948e-04
3.472222e+01 6.569182e-03 1.891924e-04
3.500000e+01 6.143292e-03 1.755226e-04
3.527778e+01 5.743761e-03 1.628153e-04
3.555556e+01 5.369065e-03 1.510049e-04
3.583333e+01 5.017756e-03 1.400304e-04
3.611111e+01 4.688464e-03 1.298344e-04
3.638889e+01 4.379891e-03 1.203634e-04
3.666667e+01 4.090809e-03 1.115675e-04
3.694444e+01 3.820054e-03 1.034000e-04
3.722222e+01 3.566530e-03 9.581722e-05
3.750000e+01 3.329196e-03 8.877857e-05
3.777778e+01 3.107074e-03 8.224606e-05
3.805556e+01 2.899235e-03 7.618429e-05
3.833333e+01 2.704808e-03 7.056022e-05
3.861111e+01 2.522968e-03 6.534306e-05
3.888889e+01 2.352939e-03 6.050414e-05
3.916667e+01 2.193987e-03 5.601669e-05
3.944444e+01 2.045424e-03 5.185582e-05
3.972222e+01 1.906600e-03 4.799832e-05
4.000000e+01 1.776904e-03 4.442260e-05
4.027778e+01 1.655760e-03 4.110853e-05
4.055556e+01 1.542628e-03 3.803741e-05
4.083333e+01 1.436998e-03 3.519180e-05
4.111111e+01 1.338393e-03 3.255549e-05
4.138889e+01 1.246361e-03 3.011342e-05
4.166667e+01 1.160481e-03 2.785154e-05
4.194444e+01 1.080358e-03 2.575688e-05
4.222222e+01 1.005618e-03 2.381726e-05
4.250000e+01 9.359113e-04 2.202144e-05
4.277778e+01 8.709120e-04 2.035898e-05
4.305556e+01 8.103127e-04 1.882017e-05
4.333333e+01 7.538253e-04 1.739597e-05
4.361111e+01 7.011795e-04 1.607800e-05
4.388889e+01 6.521221e-04 1.485848e-05
4.416667e+01 6.064159e-04 1.373017e-05
4.444444e+01 5.638386e-04 1.268637e-05
4.472222e+01 5.241822e-04 1.172085e-05
4.500000e+01 4.872521e-04 1.082782e-05
4.527778e+01 4.528660e-04 1.000195e-05
4.555556e+01 4.208536e-04 9.238250e-06
4.583333e+01 3.910556e-04 8.532121e-06
4.611111e+01 3.633229e-04 7.879292e-06
4.638889e+01 3.375163e-04 7.275801e-06
4.666667e+01 3.135056e-04 6.717977e-06
4.694444e+01 2.911690e-04 6.202417e-06
4.722222e+01 2.703927e-04 5.725964e-06
4.750000e+01 2.510704e-04 5.285693e-06
4.777778e+01 2.331027e-04 4.878894e-06
4.805556e+01 2.163967e-04 4.503053e-06
4.833333e+01 2.008657e-04 4.155842e-06
4.861111e+01 1.864288e-04 3.835107e-06
4.888889e+01 1.730105e-04 3.538851e-06
4.916667e+01 1.605404e-04 3.265229e-06
4.944444e+01 1.489533e-04 3.012538e-06
4.972222e+01 1.381883e-04 2.779207e-06
5.000000e+01 1.281894e-04 2.563789e-06
5.055556e+01 1.102875e-04 2.181511e-06
5.111111e+01 9.483224e-05 1.855413e-06
5.166667e+01 8.150491e-05 1.577514e-06
5.222222e+01 7.002379e-05 1.340881e-06
5.277778e+01 6.014083e-05 1.139511e-06
5.333333e+01 5.163850e-05 9.682219e-07
5.388889e+01 4.432680e-05 8.225591e-07
5.444444e+01 3.804044e-05 6.987020e-07
5.500000e+01 3.263620e-05 5.933855e-07
5.555556e+01 2.799042e-05 5.038276e-07
5.611111e+01 2.399670e-05 4.276640e-07
5.666667e+01 2.056373e-05 3.628893e-07
5.722222e+01 1.761331e-05 3.078055e-07
5.777778e+01 1.507857e-05 2.609752e-07
5.833333e+01 1.290226e-05 2.211816e-07
5.888889e+01 1.103532e-05 1.873922e-07
5.944444e+01 9.435540e-06 1.587287e-07
6.000000e+01 8.066431e-06 1.344405e-07
6.055556e+01 6.896230e-06 1.138827e-07
6.111111e+01 5.897105e-06 9.649808e-08
6.166667e+01 5.044503e-06 8.180276e-08
6.222222e+01 4.316680e-06 6.937522e-08
6.277778e+01 3.694392e-06 5.884871e-08
6.333333e+01 3.160753e-06 4.990663e-08
6.388889e+01 2.701269e-06 4.228074e-08
6.444444e+01 2.304029e-06 3.575218e-08
6.500000e+01 1.960068e-06 3.015489e-08
6.555556e+01 1.663900e-06 2.538152e-08
6.611111e+01 1.414215e-06 2.139149e-08
6.666667e+01 1.214749e-06 1.822124e-08
6.777778e+01 8.878696e-07 1.309972e-08
6.888889e+01 6.434916e-07 9.341007e-09
7.000000e+01 4.634251e-07 6.620359e-09
7.111111e+01 3.326661e-07 4.678117e-09
7.222222e+01 2.390113e-07 3.309387e-09
7.333333e+01 1.726961e-07 2.354947e-09
7.444444e+01 1.260564e-07 1.693294e-09
7.555556e+01 9.321470e-08 1.233724e-09
7.666667e+01 6.979007e-08 9.103053e-10
7.777778e+01 5.263183e-08 6.766949e-10
7.888889e+01 3.957746e-08 5.016861e-10
8.000000e+01 2.923445e-08 3.654307e-10
8.111111e+01 2.078599e-08 2.562657e-10
8.222222e+01 1.382073e-08 1.680899e-10
8.333333e+01 8.186429e-09 9.823714e-11
8.444444e+01 3.867654e-09 4.580117e-11
8.555556e+01 8.873531e-10 1.037166e-11
8.666667e+01 -7.675590e-10 -8.856451e-12
8.777778e+01 -1.196659e-09 -1.363283e-11
8.888889e+01 -6.125167e-10 -6.890813e-12
9.000000e+01 6.567718e-10 7.297465e-12
9.111111e+01 2.189011e-09 2.402573e-11
9.222222e+01 3.513298e-09 3.809600e-11
9.333333e+01 4.179376e-09 4.477903e-11
9.444444e+01 3.850957e-09 4.077484e-11
9.555556e+01 2.422995e-09 2.535692e-11
9.666667e+01 1.629375e-10 1.685560e-12
9.777778e+01 -2.124069e-09 -2.172343e-11
9.888889e+01 -2.906008e-09 -2.938660e-11
1.000000e+02 2.891407e-10 2.891407e-12
1.003333e+02 2.613903e-10 2.605219e-12
1.006667e+02 2.362902e-10 2.347253e-12
1.010000e+02 2.135911e-10 2.114764e-12
1.013333e+02 1.930663e-10 1.905259e-12
1.016667e+02 1.745091e-10 1.716483e-12
1.020000e+02 1.577317e-10 1.546389e-12
1.023333e+02 1.425639e-10 1.393133e-12
1.026667e+02 1.288513e-10 1.255045e-12
1.030000e+02 1.164541e-10 1.130623e-12
1.033333e+02 1.052461e-10 1.018511e-12
1.036667e+02 9.511306e-11 9.174894e-13
1.040000e+02 8.595195e-11 8.264610e-13
1.043333e+02 7.766973e-11 7.444383e-13
1.046667e+02 7.018243e-11 6.705328e-13
1.050000e+02 6.341424e-11 6.039451e-13
1.053333e+02 5.729664e-11 5.439555e-13
1.056667e+02 5.176770e-11 4.899151e-13
1.060000e+02 4.677131e-11 4.412388e-13
1.063333e+02 4.225665e-11 3.973980e-13
1.066667e+02 3.817758e-11 3.579148e-13
1.070000e+02 3.449216e-11 3.223567e-13
1.073333e+02 3.116230e-11 2.903320e-13
1.076667e+02 2.815336e-11 2.614864e-13
1.080000e+02 2.543394e-11 2.354995e-13
1.083333e+02 2.297564e-11 2.120828e-13
1.086667e+02 2.075298e-11 1.909783e-13
1.090000e+02 1.874332e-11 1.719571e-13
1.093333e+02 1.692691e-11 1.548193e-13
1.096667e+02 1.528696e-11 1.393947e-13
1.100000e+02 1.380979e-11 1.255435e-13
1.103667e+02 1.234633e-11 1.118665e-13
1.107333e+02 1.103715e-11 9.967326e-14
1.111000e+02 9.866310e-12 8.880567e-14
1.114667e+02 8.819392e-12 7.912134e-14
1.118333e+02 7.883399e-12 7.049239e-14
1.122000e+02 7.046636e-12 6.280424e-14
1.125667e+02 6.298593e-12 5.595434e-14
1.129333e+02 5.629850e-12 4.985109e-14
1.133000e+02 5.031974e-12 4.441284e-14
1.136667e+02 4.497428e-12 3.956681e-14
1.140333e+02 4.019481e-12 3.524830e-14
1.144000e+02 3.592133e-12 3.139976e-14
1.147667e+02 3.210031e-12 2.797006e-14
1.151333e+02 2.868404e-12 2.491376e-14
1.155000e+02 2.562996e-12 2.219044e-14
1.158667e+02 2.290008e-12 1.976417e-14
1.162333e+02 2.046042e-12 1.760288e-14
1.166000e+02 1.828054e-12 1.567799e-14
1.169667e+02 1.633313e-12 1.396392e-14
1.173333e+02 1.459361e-12 1.243774e-14
1.177000e+02 1.303984e-12 1.107888e-14
1.180667e+02 1.165183e-12 9.868854e-15
1.184333e+02 1.041157e-12 8.791078e-15
1.188000e+02 9.302857e-13 7.830688e-15
1.191667e+02 8.311222e-13 6.974452e-15
1.195333e+02 7.423869e-13 6.210710e-15
1.199000e+02 6.629711e-13 5.529367e-15
1.202667e+02 5.919437e-13 4.921927e-15
1.206333e+02 5.285643e-13 4.381578e-15
1.210000e+02 4.723018e-13 3.903320e-15
1.214033e+02 4.171549e-13 3.436108e-15
1.218067e+02 3.683886e-13 3.024372e-15
1.222100e+02 3.252895e-13 2.661725e-15
1.226133e+02 2.872162e-13 2.342455e-15
1.230167e+02 2.535940e-13 2.061461e-15
1.234200e+02 2.239088e-13 1.814202e-15
1.238233e+02 1.977024e-13 1.596649e-15
1.242267e+02 1.745670e-13 1.405230e-15
1.246300e+02 1.541413e-13 1.236791e-15
1.250333e+02 1.361055e-13 1.088554e-15
1.254367e+02 1.201772e-13 9.580710e-16
1.258400e+02 1.061078e-13 8.431961e-16
1.262433e+02 9.367839e-14 7.420463e-16
1.266467e+02 8.269677e-14 6.529723e-16
1.270500e+02 7.299406e-14 5.745302e-16
1.274533e+02 6.442192e-14 5.054550e-16
1.278567e+02 5.684989e-14 4.446376e-16
1.282600e+02 5.016301e-14 3.911041e-16
1.286633e+02 4.425975e-14 3.439966e-16
1.290667e+02 3.905009e-14 3.025575e-16
1.294700e+02 3.445397e-14 2.661155e-16
1.298733e+02 3.039992e-14 2.340736e-16
1.302767e+02 2.682397e-14 2.059001e-16
1.306800e+02 2.366885e-14 1.811207e-16
1.310833e+02 2.088336e-14 1.593137e-16
1.314867e+02 1.842211e-14 1.401063e-16
1.318900e+02 1.624540e-14 1.231739e-16
1.322933e+02 1.431947e-14 1.082403e-16
1.326967e+02 1.261690e-14 9.508079e-17
1.331000e+02 1.111736e-14 8.352639e-17
1.335437e+02 9.708311e-15 7.269765e-17
1.339873e+02 8.472243e-15 6.323167e-17
1.344310e+02 7.389262e-15 5.496695e-17
1.348747e+02 6.441580e-15 4.775975e-17
1.353183e+02 5.613324e-15 4.148236e-17
1.357620e+02 4.890351e-15 3.602150e-17
1.362057e+02 4.260077e-15 3.127680e-17
1.366493e+02 3.711317e-15 2.715943e-17
1.370930e+02 3.234137e-15 2.359083e-17
1.375367e+02 2.819715e-15 2.050155e-17
1.379803e+02 2.460217e-15 1.783020e-17
1.384240e+02 2.148682e-15 1.552247e-17
1.388677e+02 1.878923e-15 1.353031e-17
1.393113e+02 1.645429e-15 1.181116e-17
1.397550e+02 1.443292e-15 1.032730e-17
1.401987e+02 1.268138e-15 9.045290e-18
1.406423e+02 1.116066e-15 7.935489e-18
1.410860e+02 9.836090e-16 6.971698e-18
1.415297e+02 8.676986e-16 6.130860e-18
1.419733e+02 7.656420e-16 5.392858e-18
1.424170e+02 6.751129e-16 4.740396e-18
1.428607e+02 5.941529e-16 4.158967e-18
1.433043e+02 5.211837e-16 3.636901e-18
1.437480e+02 4.550322e-16 3.165486e-18
1.441917e+02 3.949659e-16 2.739173e-18
1.446353e+02 3.407404e-16 2.355859e-18
1.450790e+02 2.926585e-16 2.017236e-18
1.455227e+02 2.516407e-16 1.729220e-18
1.459663e+02 2.193069e-16 1.502449e-18
1.464100e+02 1.980705e-16 1.352848e-18
1.468980e+02 1.722300e-16 1.172446e-18
1.473861e+02 1.527650e-16 1.036496e-18
1.478741e+02 1.367671e-16 9.248889e-19
1.483621e+02 1.222316e-16 8.238734e-19
1.488502e+02 1.079009e-16 7.248962e-19
1.493382e+02 9.311996e-17 6.235508e-19
1.498262e+02 7.770372e-17 5.186256e-19
1.503143e+02 6.181684e-17 4.112506e-19
1.508023e+02 4.586523e-17 3.041415e-19
1.512903e+02 3.039983e-17 2.009370e-19
1.517784e+02 1.603234e-17 1.056299e-19
1.522664e+02 3.363087e-18 2.208686e-20
1.527544e+02 -7.079041e-18 -4.634263e-20
1.532425e+02 -1.488465e-17 -9.713136e-20
1.537305e+02 -1.979977e-17 -1.287953e-19
1.542185e+02 -2.174976e-17 -1.410321e-19
1.547066e+02 -2.085113e-17 -1.347785e-19
1.551946e+02 -1.741127e-17 -1.121899e-19
1.556826e+02 -1.191618e-17 -7.654151e-20
1.561707e+02 -5.006086e-18 -3.205522e-20
1.566587e+02 2.561037e-18 1.634788e-20
1.571467e+02 9.957931e-18 6.336709e-20
1.576348e+02 1.634865e-17 1.037122e-19
1.581228e+02 2.096119e-17 1.325627e-19
1.586108e+02 2.317221e-17 1.460947e-19
1.590989e+02 2.260378e-17 1.420738e-19
1.595869e+02 1.923226e-17 1.205128e-19
1.600749e+02 1.350916e-17 8.439270e-20
1.605630e+02 6.494125e-18 4.044597e-20
1.610510e+02 1.531631e-31
