# 
# Output from EIGENRAD program.
# 
# Eigenfunction for specific electronic state.
# The first column contains radius $r$ in bohr units.
# The second column holds value of eginefunction.
# 
# Use this file with gnuplot to create the plot.
#
0.000000e+00 0.000000e+00 -2.248762e-04
3.472222e-02 9.263440e-05 2.667871e-03
6.944444e-02 3.769234e-04 5.427697e-03
1.041667e-01 8.399081e-04 8.063117e-03
1.388889e-01 1.469713e-03 1.058193e-02
1.736111e-01 2.255428e-03 1.299126e-02
2.083333e-01 3.186998e-03 1.529759e-02
2.430556e-01 4.255119e-03 1.750678e-02
2.777778e-01 5.451145e-03 1.962412e-02
3.125000e-01 6.766995e-03 2.165438e-02
3.472222e-01 8.195076e-03 2.360182e-02
3.819444e-01 9.728206e-03 2.547021e-02
4.166667e-01 1.135955e-02 2.726292e-02
4.513889e-01 1.308256e-02 2.898291e-02
4.861111e-01 1.489093e-02 3.063277e-02
5.208333e-01 1.677853e-02 3.221478e-02
5.555556e-01 1.873940e-02 3.373092e-02
5.902778e-01 2.076770e-02 3.518292e-02
6.250000e-01 2.285768e-02 3.657229e-02
6.597222e-01 2.500370e-02 3.790034e-02
6.944444e-01 2.720018e-02 3.916826e-02
7.291667e-01 2.944164e-02 4.037711e-02
7.638889e-01 3.172268e-02 4.152787e-02
7.986111e-01 3.403798e-02 4.262147e-02
8.333333e-01 3.638239e-02 4.365886e-02
8.680556e-01 3.875086e-02 4.464099e-02
9.027778e-01 4.113858e-02 4.556889e-02
9.375000e-01 4.354094e-02 4.644367e-02
9.722222e-01 4.595364e-02 4.726660e-02
1.006944e+00 4.837271e-02 4.803910e-02
1.041667e+00 5.079458e-02 4.876280e-02
1.076389e+00 5.321603e-02 4.943941e-02
1.111111e+00 5.563304e-02 5.006974e-02
1.145833e+00 5.804218e-02 5.065500e-02
1.180556e+00 6.044017e-02 5.119638e-02
1.215278e+00 6.282383e-02 5.169504e-02
1.250000e+00 6.519016e-02 5.215213e-02
1.284722e+00 6.753626e-02 5.256877e-02
1.319444e+00 6.985937e-02 5.294605e-02
1.354167e+00 7.215685e-02 5.328506e-02
1.388889e+00 7.442616e-02 5.358684e-02
1.423611e+00 7.666492e-02 5.385243e-02
1.458333e+00 7.887082e-02 5.408285e-02
1.493056e+00 8.104169e-02 5.427909e-02
1.527778e+00 8.317545e-02 5.444211e-02
1.562500e+00 8.527014e-02 5.457289e-02
1.597222e+00 8.732389e-02 5.467235e-02
1.631944e+00 8.933493e-02 5.474141e-02
1.666667e+00 9.130160e-02 5.478096e-02
1.701389e+00 9.322232e-02 5.479190e-02
1.736111e+00 9.509561e-02 5.477507e-02
1.770833e+00 9.692007e-02 5.473134e-02
1.805556e+00 9.869440e-02 5.466151e-02
1.840278e+00 1.004174e-01 5.456641e-02
1.875000e+00 1.020878e-01 5.444684e-02
1.909722e+00 1.037047e-01 5.430355e-02
1.944444e+00 1.052670e-01 5.413733e-02
1.979167e+00 1.067739e-01 5.394892e-02
2.013889e+00 1.082245e-01 5.373905e-02
2.048611e+00 1.096180e-01 5.350842e-02
2.083333e+00 1.109537e-01 5.325776e-02
2.152778e+00 1.134493e-01 5.269903e-02
2.222222e+00 1.157070e-01 5.206814e-02
2.291667e+00 1.177234e-01 5.137021e-02
2.361111e+00 1.194961e-01 5.061012e-02
2.430556e+00 1.210235e-01 4.979253e-02
2.500000e+00 1.223048e-01 4.892192e-02
2.569444e+00 1.233399e-01 4.800257e-02
2.638889e+00 1.241295e-01 4.703854e-02
2.708333e+00 1.246747e-01 4.603374e-02
2.777778e+00 1.249775e-01 4.499191e-02
2.847222e+00 1.250403e-01 4.391659e-02
2.916667e+00 1.248660e-01 4.281119e-02
2.986111e+00 1.244580e-01 4.167895e-02
3.055556e+00 1.238202e-01 4.052296e-02
3.125000e+00 1.229567e-01 3.934615e-02
3.194444e+00 1.218723e-01 3.815134e-02
3.263889e+00 1.205719e-01 3.694119e-02
3.333333e+00 1.190607e-01 3.571822e-02
3.402778e+00 1.173443e-01 3.448486e-02
3.472222e+00 1.154284e-01 3.324339e-02
3.541667e+00 1.133191e-01 3.199598e-02
3.611111e+00 1.110224e-01 3.074467e-02
3.680556e+00 1.085448e-01 2.949142e-02
3.750000e+00 1.058928e-01 2.823808e-02
3.819444e+00 1.030729e-01 2.698637e-02
3.888889e+00 1.000920e-01 2.573794e-02
3.958333e+00 9.695680e-02 2.449435e-02
4.027778e+00 9.367427e-02 2.325706e-02
4.097222e+00 9.025136e-02 2.202745e-02
4.166667e+00 8.669510e-02 2.080682e-02
4.305556e+00 7.921118e-02 1.839743e-02
4.444444e+00 7.127656e-02 1.603723e-02
4.583333e+00 6.294800e-02 1.373411e-02
4.722222e+00 5.428117e-02 1.149484e-02
4.861111e+00 4.533050e-02 9.325132e-03
5.000000e+00 3.614898e-02 7.229795e-03
5.138889e+00 2.678802e-02 5.212804e-03
5.277778e+00 1.729735e-02 3.277392e-03
5.416667e+00 7.724849e-03 1.426126e-03
5.555556e+00 -1.883519e-03 -3.390334e-04
5.694444e+00 -1.148383e-02 -2.016673e-03
5.833333e+00 -2.103428e-02 -3.605877e-03
5.972222e+00 -3.049524e-02 -5.106179e-03
6.111111e+00 -3.982929e-02 -6.517521e-03
6.250000e+00 -4.900134e-02 -7.840214e-03
6.388889e+00 -5.797854e-02 -9.074902e-03
6.527778e+00 -6.673041e-02 -1.022253e-02
6.666667e+00 -7.522877e-02 -1.128431e-02
6.805556e+00 -8.344773e-02 -1.226171e-02
6.944444e+00 -9.136370e-02 -1.315637e-02
7.083333e+00 -9.895533e-02 -1.397016e-02
7.222222e+00 -1.062035e-01 -1.470509e-02
7.361111e+00 -1.130910e-01 -1.536331e-02
7.500000e+00 -1.196031e-01 -1.594708e-02
7.638889e+00 -1.257265e-01 -1.645874e-02
7.777778e+00 -1.314501e-01 -1.690073e-02
7.916667e+00 -1.367645e-01 -1.727552e-02
8.055556e+00 -1.416617e-01 -1.758559e-02
8.194444e+00 -1.461352e-01 -1.783345e-02
8.333333e+00 -1.501800e-01 -1.802160e-02
8.472222e+00 -1.537948e-01 -1.815283e-02
8.611111e+00 -1.569774e-01 -1.822964e-02
8.750000e+00 -1.597278e-01 -1.825461e-02
8.888889e+00 -1.620471e-01 -1.823030e-02
9.027778e+00 -1.639376e-01 -1.815924e-02
9.166667e+00 -1.654029e-01 -1.804395e-02
9.305556e+00 -1.664474e-01 -1.788689e-02
9.444444e+00 -1.670768e-01 -1.769048e-02
9.583333e+00 -1.672974e-01 -1.745712e-02
9.722222e+00 -1.671166e-01 -1.718913e-02
9.861111e+00 -1.665423e-01 -1.688880e-02
1.000000e+01 -1.655834e-01 -1.655834e-02
1.013889e+01 -1.642492e-01 -1.619992e-02
1.027778e+01 -1.625497e-01 -1.581565e-02
1.041667e+01 -1.604955e-01 -1.540756e-02
1.055556e+01 -1.580974e-01 -1.497764e-02
1.069444e+01 -1.553668e-01 -1.452780e-02
1.083333e+01 -1.523155e-01 -1.405989e-02
1.097222e+01 -1.489554e-01 -1.357568e-02
1.111111e+01 -1.452989e-01 -1.307691e-02
1.125000e+01 -1.413586e-01 -1.256521e-02
1.138889e+01 -1.371469e-01 -1.204217e-02
1.152778e+01 -1.326769e-01 -1.150932e-02
1.166667e+01 -1.279612e-01 -1.096811e-02
1.180556e+01 -1.230130e-01 -1.041992e-02
1.194444e+01 -1.178451e-01 -9.866102e-03
1.208333e+01 -1.124705e-01 -9.307905e-03
1.222222e+01 -1.069021e-01 -8.746539e-03
1.236111e+01 -1.011528e-01 -8.183147e-03
1.250000e+01 -9.523521e-02 -7.618817e-03
1.263889e+01 -8.916204e-02 -7.054579e-03
1.277778e+01 -8.294568e-02 -6.491401e-03
1.291667e+01 -7.659845e-02 -5.930202e-03
1.305556e+01 -7.013248e-02 -5.371849e-03
1.319444e+01 -6.355967e-02 -4.817154e-03
1.333333e+01 -5.689173e-02 -4.266880e-03
1.347222e+01 -5.014009e-02 -3.721739e-03
1.361111e+01 -4.331595e-02 -3.182397e-03
1.375000e+01 -3.643026e-02 -2.649473e-03
1.388889e+01 -2.949367e-02 -2.123544e-03
1.402778e+01 -2.251659e-02 -1.605143e-03
1.416667e+01 -1.550910e-02 -1.094760e-03
1.430556e+01 -8.481022e-03 -5.928481e-04
1.444444e+01 -1.441866e-03 -9.982147e-05
1.458333e+01 5.599165e-03 3.839428e-04
1.472222e+01 1.263318e-02 8.581025e-04
1.486111e+01 1.965158e-02 1.322349e-03
1.500000e+01 2.664612e-02 1.776408e-03
1.513889e+01 3.360883e-02 2.220033e-03
1.527778e+01 4.053209e-02 2.653009e-03
1.541667e+01 4.740858e-02 3.075151e-03
1.555556e+01 5.423130e-02 3.486298e-03
1.569444e+01 6.099357e-02 3.886316e-03
1.583333e+01 6.768903e-02 4.275097e-03
1.597222e+01 7.431161e-02 4.652553e-03
1.611111e+01 8.085555e-02 5.018620e-03
1.625000e+01 8.731541e-02 5.373256e-03
1.638889e+01 9.368601e-02 5.716435e-03
1.652778e+01 9.996250e-02 6.048151e-03
1.666667e+01 1.061403e-01 6.368416e-03
1.694444e+01 1.181827e-01 6.974716e-03
1.722222e+01 1.297830e-01 7.535785e-03
1.750000e+01 1.409141e-01 8.052234e-03
1.777778e+01 1.515534e-01 8.524879e-03
1.805556e+01 1.616822e-01 8.954705e-03
1.833333e+01 1.712855e-01 9.342843e-03
1.861111e+01 1.803518e-01 9.690543e-03
1.888889e+01 1.888730e-01 9.999156e-03
1.916667e+01 1.968438e-01 1.027011e-02
1.944444e+01 2.042620e-01 1.050490e-02
1.972222e+01 2.111277e-01 1.070507e-02
2.000000e+01 2.174436e-01 1.087218e-02
2.027778e+01 2.232143e-01 1.100783e-02
2.055556e+01 2.284467e-01 1.111362e-02
2.083333e+01 2.331492e-01 1.119116e-02
2.111111e+01 2.373320e-01 1.124204e-02
2.138889e+01 2.410067e-01 1.126785e-02
2.166667e+01 2.441861e-01 1.127013e-02
2.194444e+01 2.468841e-01 1.125041e-02
2.222222e+01 2.491156e-01 1.121020e-02
2.250000e+01 2.508963e-01 1.115095e-02
2.277778e+01 2.522427e-01 1.107407e-02
2.305556e+01 2.531716e-01 1.098094e-02
2.333333e+01 2.537003e-01 1.087287e-02
2.361111e+01 2.538465e-01 1.075115e-02
2.388889e+01 2.536282e-01 1.061699e-02
2.416667e+01 2.530631e-01 1.047158e-02
2.444444e+01 2.521692e-01 1.031601e-02
2.472222e+01 2.509645e-01 1.015137e-02
2.500000e+01 2.494666e-01 9.978663e-03
2.527778e+01 2.476936e-01 9.798867e-03
2.555556e+01 2.456625e-01 9.612882e-03
2.583333e+01 2.433907e-01 9.421574e-03
2.611111e+01 2.408948e-01 9.225760e-03
2.638889e+01 2.381915e-01 9.026204e-03
2.666667e+01 2.352967e-01 8.823625e-03
2.694444e+01 2.322259e-01 8.618694e-03
2.722222e+01 2.289943e-01 8.412037e-03
2.750000e+01 2.256165e-01 8.204237e-03
2.777778e+01 2.221066e-01 7.995838e-03
2.805556e+01 2.184782e-01 7.787342e-03
2.833333e+01 2.147444e-01 7.579214e-03
2.861111e+01 2.109177e-01 7.371881e-03
2.888889e+01 2.070102e-01 7.165738e-03
2.916667e+01 2.030334e-01 6.961145e-03
2.944444e+01 1.989982e-01 6.758430e-03
2.972222e+01 1.949151e-01 6.557891e-03
3.000000e+01 1.907939e-01 6.359798e-03
3.027778e+01 1.866441e-01 6.164392e-03
3.055556e+01 1.824744e-01 5.971891e-03
3.083333e+01 1.782933e-01 5.782485e-03
3.111111e+01 1.741085e-01 5.596345e-03
3.138889e+01 1.699274e-01 5.413616e-03
3.166667e+01 1.657569e-01 5.234428e-03
3.194444e+01 1.616033e-01 5.058887e-03
3.222222e+01 1.574728e-01 4.887087e-03
3.250000e+01 1.533708e-01 4.719101e-03
3.277778e+01 1.493025e-01 4.554991e-03
3.305556e+01 1.452727e-01 4.394804e-03
3.333333e+01 1.412859e-01 4.238576e-03
3.361111e+01 1.373458e-01 4.086320e-03
3.388889e+01 1.334561e-01 3.938050e-03
3.416667e+01 1.296203e-01 3.793763e-03
3.444444e+01 1.258411e-01 3.653451e-03
3.472222e+01 1.221213e-01 3.517094e-03
3.500000e+01 1.184633e-01 3.384667e-03
3.527778e+01 1.148692e-01 3.256134e-03
3.555556e+01 1.113407e-01 3.131457e-03
3.583333e+01 1.078795e-01 3.010590e-03
3.611111e+01 1.044868e-01 2.893481e-03
3.638889e+01 1.011639e-01 2.780075e-03
3.666667e+01 9.791150e-02 2.670314e-03
3.694444e+01 9.473044e-02 2.564132e-03
3.722222e+01 9.162120e-02 2.461465e-03
3.750000e+01 8.858412e-02 2.362243e-03
3.777778e+01 8.561940e-02 2.266396e-03
3.805556e+01 8.272706e-02 2.173850e-03
3.833333e+01 7.990699e-02 2.084530e-03
3.861111e+01 7.715895e-02 1.998361e-03
3.888889e+01 7.448259e-02 1.915267e-03
3.916667e+01 7.187744e-02 1.835169e-03
3.944444e+01 6.934293e-02 1.757990e-03
3.972222e+01 6.687839e-02 1.683652e-03
4.000000e+01 6.448307e-02 1.612077e-03
4.027778e+01 6.215615e-02 1.543187e-03
4.055556e+01 5.989672e-02 1.476905e-03
4.083333e+01 5.770384e-02 1.413155e-03
4.111111e+01 5.557648e-02 1.351860e-03
4.138889e+01 5.351359e-02 1.292946e-03
4.166667e+01 5.151404e-02 1.236337e-03
4.194444e+01 4.957669e-02 1.181961e-03
4.222222e+01 4.770037e-02 1.129746e-03
4.250000e+01 4.588386e-02 1.079620e-03
4.277778e+01 4.412594e-02 1.031515e-03
4.305556e+01 4.242533e-02 9.853625e-04
4.333333e+01 4.078078e-02 9.410950e-04
4.361111e+01 3.919101e-02 8.986474e-04
4.388889e+01 3.765473e-02 8.579560e-04
4.416667e+01 3.617066e-02 8.189582e-04
4.444444e+01 3.473749e-02 7.815934e-04
4.472222e+01 3.335393e-02 7.458022e-04
4.500000e+01 3.201870e-02 7.115267e-04
4.527778e+01 3.073052e-02 6.787108e-04
4.555556e+01 2.948810e-02 6.472998e-04
4.583333e+01 2.829019e-02 6.172406e-04
4.611111e+01 2.713553e-02 5.884814e-04
4.638889e+01 2.602289e-02 5.609724e-04
4.666667e+01 2.495103e-02 5.346649e-04
4.694444e+01 2.391875e-02 5.095118e-04
4.722222e+01 2.292486e-02 4.854677e-04
4.750000e+01 2.196820e-02 4.624884e-04
4.777778e+01 2.104760e-02 4.405312e-04
4.805556e+01 2.016195e-02 4.195550e-04
4.833333e+01 1.931013e-02 3.995199e-04
4.861111e+01 1.849105e-02 3.803873e-04
4.888889e+01 1.770365e-02 3.621202e-04
4.916667e+01 1.694689e-02 3.446825e-04
4.944444e+01 1.621975e-02 3.280399e-04
4.972222e+01 1.552122e-02 3.121587e-04
5.000000e+01 1.485034e-02 2.970068e-04
5.055556e+01 1.358770e-02 2.687677e-04
5.111111e+01 1.242464e-02 2.430908e-04
5.166667e+01 1.135417e-02 2.197581e-04
5.222222e+01 1.036970e-02 1.985688e-04
5.277778e+01 9.465046e-03 1.793377e-04
5.333333e+01 8.634368e-03 1.618944e-04
5.388889e+01 7.872196e-03 1.460820e-04
5.444444e+01 7.173396e-03 1.317563e-04
5.500000e+01 6.533159e-03 1.187847e-04
5.555556e+01 5.946986e-03 1.070457e-04
5.611111e+01 5.410675e-03 9.642786e-05
5.666667e+01 4.920304e-03 8.682890e-05
5.722222e+01 4.472224e-03 7.815537e-05
5.777778e+01 4.063036e-03 7.032177e-05
5.833333e+01 3.689585e-03 6.325003e-05
5.888889e+01 3.348945e-03 5.686888e-05
5.944444e+01 3.038407e-03 5.111338e-05
6.000000e+01 2.755462e-03 4.592437e-05
6.055556e+01 2.497797e-03 4.124803e-05
6.111111e+01 2.263276e-03 3.703543e-05
6.166667e+01 2.049930e-03 3.324212e-05
6.222222e+01 1.855949e-03 2.982775e-05
6.277778e+01 1.679665e-03 2.675573e-05
6.333333e+01 1.519547e-03 2.399284e-05
6.388889e+01 1.374185e-03 2.150898e-05
6.444444e+01 1.242284e-03 1.927682e-05
6.500000e+01 1.122651e-03 1.727156e-05
6.555556e+01 1.014186e-03 1.547064e-05
6.611111e+01 9.158728e-04 1.385354e-05
6.666667e+01 8.267678e-04 1.240152e-05
6.777778e+01 6.734550e-04 9.936222e-06
6.888889e+01 5.474580e-04 7.946970e-06
7.000000e+01 4.442937e-04 6.347052e-06
7.111111e+01 3.601038e-04 5.063960e-06
7.222222e+01 2.915907e-04 4.037410e-06
7.333333e+01 2.359568e-04 3.217593e-06
7.444444e+01 1.908478e-04 2.563627e-06
7.555556e+01 1.542992e-04 2.042195e-06
7.666667e+01 1.246863e-04 1.626343e-06
7.777778e+01 1.006782e-04 1.294434e-06
7.888889e+01 8.119450e-05 1.029226e-06
8.000000e+01 6.536642e-05 8.170803e-07
8.111111e+01 5.250072e-05 6.472691e-07
8.222222e+01 4.204755e-05 5.113892e-07
8.333333e+01 3.357174e-05 4.028609e-07
8.444444e+01 2.672754e-05 3.165103e-07
8.555556e+01 2.123696e-05 2.482243e-07
8.666667e+01 1.687164e-05 1.946727e-07
8.777778e+01 1.343814e-05 1.530927e-07
8.888889e+01 1.076691e-05 1.211277e-07
9.000000e+01 8.704671e-06 9.671857e-08
9.111111e+01 7.110355e-06 7.804048e-08
9.222222e+01 5.854577e-06 6.348336e-08
9.333333e+01 4.822626e-06 5.167099e-08
9.444444e+01 3.920982e-06 4.151628e-08
9.555556e+01 3.087357e-06 3.230955e-08
9.666667e+01 2.304260e-06 2.383717e-08
9.777778e+01 1.616090e-06 1.652819e-08
9.888889e+01 1.149751e-06 1.162669e-08
1.000000e+02 1.138793e-06 1.138793e-08
1.003333e+02 1.062587e-06 1.059056e-08
1.006667e+02 9.914289e-07 9.848632e-09
1.010000e+02 9.249904e-07 9.158320e-09
1.013333e+02 8.629620e-07 8.516073e-09
1.016667e+02 8.050547e-07 7.918571e-09
1.020000e+02 7.509976e-07 7.362721e-09
1.023333e+02 7.005372e-07 6.845640e-09
1.026667e+02 6.534366e-07 6.364642e-09
1.030000e+02 6.094742e-07 5.917225e-09
1.033333e+02 5.684428e-07 5.501059e-09
1.036667e+02 5.301488e-07 5.113975e-09
1.040000e+02 4.944113e-07 4.753955e-09
1.043333e+02 4.610614e-07 4.419119e-09
1.046667e+02 4.299411e-07 4.107718e-09
1.050000e+02 4.009030e-07 3.818124e-09
1.053333e+02 3.738093e-07 3.548822e-09
1.056667e+02 3.485311e-07 3.298401e-09
1.060000e+02 3.249480e-07 3.065548e-09
1.063333e+02 3.029477e-07 2.849038e-09
1.066667e+02 2.824250e-07 2.647734e-09
1.070000e+02 2.632814e-07 2.460574e-09
1.073333e+02 2.454251e-07 2.286569e-09
1.076667e+02 2.287701e-07 2.124800e-09
1.080000e+02 2.132362e-07 1.974409e-09
1.083333e+02 1.987482e-07 1.834599e-09
1.086667e+02 1.852363e-07 1.704629e-09
1.090000e+02 1.726352e-07 1.583810e-09
1.093333e+02 1.608844e-07 1.471504e-09
1.096667e+02 1.499276e-07 1.367121e-09
1.100000e+02 1.397130e-07 1.270118e-09
1.103667e+02 1.292719e-07 1.171295e-09
1.107333e+02 1.196049e-07 1.080116e-09
1.111000e+02 1.106551e-07 9.959959e-10
1.114667e+02 1.023702e-07 9.183930e-10
1.118333e+02 9.470116e-08 8.468062e-10
1.122000e+02 8.760262e-08 7.807720e-10
1.125667e+02 8.103247e-08 7.198620e-10
1.129333e+02 7.495163e-08 6.636803e-10
1.133000e+02 6.932391e-08 6.118615e-10
1.136667e+02 6.411575e-08 5.640682e-10
1.140333e+02 5.929607e-08 5.199889e-10
1.144000e+02 5.483610e-08 4.793366e-10
1.147667e+02 5.070920e-08 4.418460e-10
1.151333e+02 4.689068e-08 4.072728e-10
1.155000e+02 4.335770e-08 3.753913e-10
1.158667e+02 4.008911e-08 3.459935e-10
1.162333e+02 3.706530e-08 3.188870e-10
1.166000e+02 3.426813e-08 2.938948e-10
1.169667e+02 3.168075e-08 2.708528e-10
1.173333e+02 2.928755e-08 2.496098e-10
1.177000e+02 2.707407e-08 2.300261e-10
1.180667e+02 2.502688e-08 2.119724e-10
1.184333e+02 2.313352e-08 1.953295e-10
1.188000e+02 2.138248e-08 1.799872e-10
1.191667e+02 1.976305e-08 1.658438e-10
1.195333e+02 1.826538e-08 1.528058e-10
1.199000e+02 1.688037e-08 1.407870e-10
1.202667e+02 1.559965e-08 1.297089e-10
1.206333e+02 1.441561e-08 1.194994e-10
1.210000e+02 1.332134e-08 1.100937e-10
1.214033e+02 1.221253e-08 1.005947e-10
1.218067e+02 1.119539e-08 9.191112e-11
1.222100e+02 1.026243e-08 8.397374e-11
1.226133e+02 9.406778e-09 7.671904e-11
1.230167e+02 8.622080e-09 7.008872e-11
1.234200e+02 7.902497e-09 6.402931e-11
1.238233e+02 7.242654e-09 5.849184e-11
1.242267e+02 6.637615e-09 5.343148e-11
1.246300e+02 6.082844e-09 4.880722e-11
1.250333e+02 5.574181e-09 4.458156e-11
1.254367e+02 5.107809e-09 4.072022e-11
1.258400e+02 4.680228e-09 3.719189e-11
1.262433e+02 4.288229e-09 3.396796e-11
1.266467e+02 3.928871e-09 3.102230e-11
1.270500e+02 3.599456e-09 2.833102e-11
1.274533e+02 3.297510e-09 2.587229e-11
1.278567e+02 3.020764e-09 2.362617e-11
1.282600e+02 2.767133e-09 2.157441e-11
1.286633e+02 2.534704e-09 1.970029e-11
1.290667e+02 2.321717e-09 1.798851e-11
1.294700e+02 2.126554e-09 1.642507e-11
1.298733e+02 1.947728e-09 1.499713e-11
1.302767e+02 1.783869e-09 1.369293e-11
1.306800e+02 1.633722e-09 1.250170e-11
1.310833e+02 1.496134e-09 1.141361e-11
1.314867e+02 1.370051e-09 1.041969e-11
1.318900e+02 1.254514e-09 9.511822e-12
1.322933e+02 1.148659e-09 8.682665e-12
1.326967e+02 1.051710e-09 7.925669e-12
1.331000e+02 9.629867e-10 7.235062e-12
1.335437e+02 8.739261e-10 6.544122e-12
1.339873e+02 7.930509e-10 5.918850e-12
1.344310e+02 7.196211e-10 5.353089e-12
1.348747e+02 6.529597e-10 4.841233e-12
1.353183e+02 5.924486e-10 4.378184e-12
1.357620e+02 5.375237e-10 3.959309e-12
1.362057e+02 4.876714e-10 3.580405e-12
1.366493e+02 4.424243e-10 3.237661e-12
1.370930e+02 4.013575e-10 2.927629e-12
1.375367e+02 3.640852e-10 2.647186e-12
1.379803e+02 3.302572e-10 2.393509e-12
1.384240e+02 2.995561e-10 2.164048e-12
1.388677e+02 2.716939e-10 1.956495e-12
1.393113e+02 2.464095e-10 1.768768e-12
1.397550e+02 2.234660e-10 1.598984e-12
1.401987e+02 2.026486e-10 1.445439e-12
1.406423e+02 1.837621e-10 1.306592e-12
1.410860e+02 1.666292e-10 1.181047e-12
1.415297e+02 1.510885e-10 1.067540e-12
1.419733e+02 1.369930e-10 9.649209e-13
1.424170e+02 1.242088e-10 8.721488e-13
1.428607e+02 1.126137e-10 7.882765e-13
1.433043e+02 1.020963e-10 7.124443e-13
1.437480e+02 9.255539e-11 6.438725e-13
1.441917e+02 8.389884e-11 5.818564e-13
1.446353e+02 7.604367e-11 5.257614e-13
1.450790e+02 6.891556e-11 4.750209e-13
1.455227e+02 6.244890e-11 4.291352e-13
1.459663e+02 5.658690e-11 3.876709e-13
1.464100e+02 5.128202e-11 3.502631e-13
1.468980e+02 4.600757e-11 3.131939e-13
1.473861e+02 4.126875e-11 2.800044e-13
1.478741e+02 3.701184e-11 2.502929e-13
1.483621e+02 3.318809e-11 2.236965e-13
1.488502e+02 2.975335e-11 1.998879e-13
1.493382e+02 2.666774e-11 1.785728e-13
1.498262e+02 2.389522e-11 1.594862e-13
1.503143e+02 2.140334e-11 1.423906e-13
1.508023e+02 1.916287e-11 1.270728e-13
1.512903e+02 1.714754e-11 1.133420e-13
1.517784e+02 1.533374e-11 1.010272e-13
1.522664e+02 1.370025e-11 8.997553e-14
1.527544e+02 1.222799e-11 8.005000e-14
1.532425e+02 1.089982e-11 7.112794e-14
1.537305e+02 9.700285e-12 6.309929e-14
1.542185e+02 8.615441e-12 5.586515e-14
1.547066e+02 7.632666e-12 4.933641e-14
1.551946e+02 6.740500e-12 4.343257e-14
1.556826e+02 5.928492e-12 3.808063e-14
1.561707e+02 5.187071e-12 3.321412e-14
1.566587e+02 4.507432e-12 2.877231e-14
1.571467e+02 3.881439e-12 2.469946e-14
1.576348e+02 3.301541e-12 2.094424e-14
1.581228e+02 2.760710e-12 1.745928e-14
1.586108e+02 2.252396e-12 1.420077e-14
1.590989e+02 1.770489e-12 1.112823e-14
1.595869e+02 1.309312e-12 8.204382e-15
1.600749e+02 8.636192e-13 5.395093e-15
1.605630e+02 4.286172e-13 2.669465e-15
1.610510e+02 1.208097e-26
