# 
# Output from EIGENRAD program.
# 
# Eigenfunction for specific electronic state.
# The first column contains radius $r$ in bohr units.
# The second column holds value of eginefunction.
# 
# Use this file with gnuplot to create the plot.
#
0.000000e+00 0.000000e+00 -1.628179e-04
3.472222e-02 6.707520e-05 1.931766e-03
6.944444e-02 2.729217e-04 3.930072e-03
1.041667e-01 6.081497e-04 5.838237e-03
1.388889e-01 1.064150e-03 7.661879e-03
1.736111e-01 1.633008e-03 9.406128e-03
2.083333e-01 2.307427e-03 1.107565e-02
2.430556e-01 3.080648e-03 1.267466e-02
2.777778e-01 3.946386e-03 1.420699e-02
3.125000e-01 4.898765e-03 1.567605e-02
3.472222e-01 5.932257e-03 1.708490e-02
3.819444e-01 7.041631e-03 1.843627e-02
4.166667e-01 8.221905e-03 1.973257e-02
4.513889e-01 9.468303e-03 2.097593e-02
4.861111e-01 1.077622e-02 2.216822e-02
5.208333e-01 1.214118e-02 2.331107e-02
5.555556e-01 1.355883e-02 2.440590e-02
5.902778e-01 1.502490e-02 2.545395e-02
6.250000e-01 1.653519e-02 2.645630e-02
6.597222e-01 1.808557e-02 2.741391e-02
6.944444e-01 1.967196e-02 2.832762e-02
7.291667e-01 2.129034e-02 2.919818e-02
7.638889e-01 2.293677e-02 3.002631e-02
7.986111e-01 2.460735e-02 3.081268e-02
8.333333e-01 2.629830e-02 3.155796e-02
8.680556e-01 2.800594e-02 3.226284e-02
9.027778e-01 2.972673e-02 3.292807e-02
9.375000e-01 3.145729e-02 3.355444e-02
9.722222e-01 3.319446e-02 3.414287e-02
1.006944e+00 3.493533e-02 3.469440e-02
1.041667e+00 3.667729e-02 3.521020e-02
1.076389e+00 3.841794e-02 3.569151e-02
1.111111e+00 4.015435e-02 3.613891e-02
1.145833e+00 4.188399e-02 3.655330e-02
1.180556e+00 4.360443e-02 3.693552e-02
1.215278e+00 4.531337e-02 3.728643e-02
1.250000e+00 4.700858e-02 3.760686e-02
1.284722e+00 4.868792e-02 3.789762e-02
1.319444e+00 5.034937e-02 3.815952e-02
1.354167e+00 5.199097e-02 3.839333e-02
1.388889e+00 5.361088e-02 3.859983e-02
1.423611e+00 5.520732e-02 3.877978e-02
1.458333e+00 5.677860e-02 3.893390e-02
1.493056e+00 5.832313e-02 3.906293e-02
1.527778e+00 5.983936e-02 3.916758e-02
1.562500e+00 6.132587e-02 3.924855e-02
1.597222e+00 6.278126e-02 3.930653e-02
1.631944e+00 6.420425e-02 3.934218e-02
1.666667e+00 6.559361e-02 3.935617e-02
1.701389e+00 6.694818e-02 3.934914e-02
1.736111e+00 6.826687e-02 3.932172e-02
1.770833e+00 6.954865e-02 3.927453e-02
1.805556e+00 7.079257e-02 3.920819e-02
1.840278e+00 7.199773e-02 3.912330e-02
1.875000e+00 7.316329e-02 3.902042e-02
1.909722e+00 7.428848e-02 3.890015e-02
1.944444e+00 7.537257e-02 3.876304e-02
1.979167e+00 7.641490e-02 3.860964e-02
2.013889e+00 7.741487e-02 3.844049e-02
2.048611e+00 7.837190e-02 3.825611e-02
2.083333e+00 7.928550e-02 3.805704e-02
2.152778e+00 8.098064e-02 3.761682e-02
2.222222e+00 8.249715e-02 3.712372e-02
2.291667e+00 8.383269e-02 3.658154e-02
2.361111e+00 8.498559e-02 3.599390e-02
2.430556e+00 8.595481e-02 3.536427e-02
2.500000e+00 8.673991e-02 3.469597e-02
2.569444e+00 8.734101e-02 3.399218e-02
2.638889e+00 8.775874e-02 3.325594e-02
2.708333e+00 8.799423e-02 3.249018e-02
2.777778e+00 8.804906e-02 3.169766e-02
2.847222e+00 8.792524e-02 3.088106e-02
2.916667e+00 8.762517e-02 3.004291e-02
2.986111e+00 8.715160e-02 2.918565e-02
3.055556e+00 8.650763e-02 2.831159e-02
3.125000e+00 8.569667e-02 2.742294e-02
3.194444e+00 8.472241e-02 2.652180e-02
3.263889e+00 8.358879e-02 2.561018e-02
3.333333e+00 8.229998e-02 2.468999e-02
3.402778e+00 8.086037e-02 2.376305e-02
3.472222e+00 7.927454e-02 2.283107e-02
3.541667e+00 7.754723e-02 2.189569e-02
3.611111e+00 7.568334e-02 2.095846e-02
3.680556e+00 7.368789e-02 2.002086e-02
3.750000e+00 7.156602e-02 1.908427e-02
3.819444e+00 6.932297e-02 1.815001e-02
3.888889e+00 6.696407e-02 1.721933e-02
3.958333e+00 6.449470e-02 1.629340e-02
4.027778e+00 6.192032e-02 1.537332e-02
4.097222e+00 5.924644e-02 1.446015e-02
4.166667e+00 5.647859e-02 1.355486e-02
4.305556e+00 5.068359e-02 1.177167e-02
4.444444e+00 4.457807e-02 1.003007e-02
4.583333e+00 3.820677e-02 8.336022e-03
4.722222e+00 3.161358e-02 6.694641e-03
4.861111e+00 2.484141e-02 5.110232e-03
5.000000e+00 1.793198e-02 3.586397e-03
5.138889e+00 1.092580e-02 2.126102e-03
5.277778e+00 3.861949e-03 7.317378e-04
5.416667e+00 -3.221958e-03 -5.948229e-04
5.555556e+00 -1.028989e-02 -1.852180e-03
5.694444e+00 -1.730749e-02 -3.039363e-03
5.833333e+00 -2.424210e-02 -4.155789e-03
5.972222e+00 -3.106291e-02 -5.201231e-03
6.111111e+00 -3.774090e-02 -6.175783e-03
6.250000e+00 -4.424895e-02 -7.079832e-03
6.388889e+00 -5.056185e-02 -7.914028e-03
6.527778e+00 -5.665630e-02 -8.679263e-03
6.666667e+00 -6.251093e-02 -9.376639e-03
6.805556e+00 -6.810628e-02 -1.000745e-02
6.944444e+00 -7.342481e-02 -1.057317e-02
7.083333e+00 -7.845082e-02 -1.107541e-02
7.222222e+00 -8.317047e-02 -1.151591e-02
7.361111e+00 -8.757168e-02 -1.189653e-02
7.500000e+00 -9.164408e-02 -1.221921e-02
7.638889e+00 -9.537896e-02 -1.248597e-02
7.777778e+00 -9.876917e-02 -1.269889e-02
7.916667e+00 -1.018090e-01 -1.286008e-02
8.055556e+00 -1.044941e-01 -1.297168e-02
8.194444e+00 -1.068214e-01 -1.303583e-02
8.333333e+00 -1.087889e-01 -1.305467e-02
8.472222e+00 -1.103977e-01 -1.303055e-02
8.611111e+00 -1.116484e-01 -1.296563e-02
8.750000e+00 -1.125433e-01 -1.286209e-02
8.888889e+00 -1.130856e-01 -1.272213e-02
9.027778e+00 -1.132796e-01 -1.254789e-02
9.166667e+00 -1.131305e-01 -1.234151e-02
9.305556e+00 -1.126447e-01 -1.210510e-02
9.444444e+00 -1.118289e-01 -1.184071e-02
9.583333e+00 -1.106911e-01 -1.155038e-02
9.722222e+00 -1.092396e-01 -1.123608e-02
9.861111e+00 -1.074836e-01 -1.089975e-02
1.000000e+01 -1.054327e-01 -1.054327e-02
1.013889e+01 -1.030971e-01 -1.016848e-02
1.027778e+01 -1.004874e-01 -9.777153e-03
1.041667e+01 -9.761482e-02 -9.371023e-03
1.055556e+01 -9.449075e-02 -8.951756e-03
1.069444e+01 -9.112697e-02 -8.520963e-03
1.083333e+01 -8.753551e-02 -8.080201e-03
1.097222e+01 -8.372864e-02 -7.630964e-03
1.111111e+01 -7.971880e-02 -7.174692e-03
1.125000e+01 -7.551860e-02 -6.712764e-03
1.138889e+01 -7.114070e-02 -6.246501e-03
1.152778e+01 -6.659787e-02 -5.777165e-03
1.166667e+01 -6.190288e-02 -5.305961e-03
1.180556e+01 -5.706850e-02 -4.834038e-03
1.194444e+01 -5.210745e-02 -4.362484e-03
1.208333e+01 -4.703238e-02 -3.892335e-03
1.222222e+01 -4.185585e-02 -3.424570e-03
1.236111e+01 -3.659029e-02 -2.960114e-03
1.250000e+01 -3.124797e-02 -2.499838e-03
1.263889e+01 -2.584105e-02 -2.044566e-03
1.277778e+01 -2.038137e-02 -1.595064e-03
1.291667e+01 -1.488067e-02 -1.152052e-03
1.305556e+01 -9.350432e-03 -7.162033e-04
1.319444e+01 -3.801880e-03 -2.881425e-04
1.333333e+01 1.754025e-03 1.315519e-04
1.347222e+01 7.306605e-03 5.423459e-04
1.361111e+01 1.284547e-02 9.437490e-04
1.375000e+01 1.836054e-02 1.335312e-03
1.388889e+01 2.384204e-02 1.716627e-03
1.402778e+01 2.928051e-02 2.087323e-03
1.416667e+01 3.466681e-02 2.447069e-03
1.430556e+01 3.999216e-02 2.795568e-03
1.444444e+01 4.524808e-02 3.132559e-03
1.458333e+01 5.042646e-02 3.457814e-03
1.472222e+01 5.551952e-02 3.771137e-03
1.486111e+01 6.051983e-02 4.072362e-03
1.500000e+01 6.542032e-02 4.361355e-03
1.513889e+01 7.021427e-02 4.638007e-03
1.527778e+01 7.489530e-02 4.902238e-03
1.541667e+01 7.945739e-02 5.153993e-03
1.555556e+01 8.389487e-02 5.393242e-03
1.569444e+01 8.820242e-02 5.619977e-03
1.583333e+01 9.237504e-02 5.834213e-03
1.597222e+01 9.640811e-02 6.035986e-03
1.611111e+01 1.002973e-01 6.225351e-03
1.625000e+01 1.040387e-01 6.402380e-03
1.638889e+01 1.076285e-01 6.567165e-03
1.652778e+01 1.110635e-01 6.719811e-03
1.666667e+01 1.143407e-01 6.860441e-03
1.694444e+01 1.204107e-01 7.106202e-03
1.722222e+01 1.258212e-01 7.305748e-03
1.750000e+01 1.305586e-01 7.460493e-03
1.777778e+01 1.346137e-01 7.572021e-03
1.805556e+01 1.379816e-01 7.642059e-03
1.833333e+01 1.406615e-01 7.672448e-03
1.861111e+01 1.426563e-01 7.665117e-03
1.888889e+01 1.439723e-01 7.622065e-03
1.916667e+01 1.446190e-01 7.545337e-03
1.944444e+01 1.446086e-01 7.437012e-03
1.972222e+01 1.439561e-01 7.299183e-03
2.000000e+01 1.426789e-01 7.133946e-03
2.027778e+01 1.407964e-01 6.943387e-03
2.055556e+01 1.383300e-01 6.729569e-03
2.083333e+01 1.353027e-01 6.494529e-03
2.111111e+01 1.317389e-01 6.240263e-03
2.138889e+01 1.276643e-01 5.968721e-03
2.166667e+01 1.231057e-01 5.681802e-03
2.194444e+01 1.180907e-01 5.381348e-03
2.222222e+01 1.126475e-01 5.069137e-03
2.250000e+01 1.068049e-01 4.746882e-03
2.277778e+01 1.005919e-01 4.416228e-03
2.305556e+01 9.403776e-02 4.078746e-03
2.333333e+01 8.717180e-02 3.735934e-03
2.361111e+01 8.002313e-02 3.389215e-03
2.388889e+01 7.262063e-02 3.039933e-03
2.416667e+01 6.499282e-02 2.689358e-03
2.444444e+01 5.716772e-02 2.338679e-03
2.472222e+01 4.917275e-02 1.989010e-03
2.500000e+01 4.103466e-02 1.641386e-03
2.527778e+01 3.278035e-02 1.296805e-03
2.555556e+01 2.443471e-02 9.561407e-04
2.583333e+01 1.602257e-02 6.202286e-04
2.611111e+01 7.567834e-03 2.898319e-04
2.638889e+01 -9.065736e-04 -3.435437e-05
2.666667e+01 -9.378691e-03 -3.517009e-04
2.694444e+01 -1.782755e-02 -6.616409e-04
2.722222e+01 -2.623317e-02 -9.636674e-04
2.750000e+01 -3.457659e-02 -1.257331e-03
2.777778e+01 -4.283986e-02 -1.542235e-03
2.805556e+01 -5.100604e-02 -1.818037e-03
2.833333e+01 -5.905922e-02 -2.084443e-03
2.861111e+01 -6.698447e-02 -2.341205e-03
2.888889e+01 -7.476791e-02 -2.588120e-03
2.916667e+01 -8.239663e-02 -2.825027e-03
2.944444e+01 -8.985872e-02 -3.051806e-03
2.972222e+01 -9.714324e-02 -3.268371e-03
3.000000e+01 -1.042402e-01 -3.474674e-03
3.027778e+01 -1.111406e-01 -3.670698e-03
3.055556e+01 -1.178363e-01 -3.856459e-03
3.083333e+01 -1.243200e-01 -4.032000e-03
3.111111e+01 -1.305854e-01 -4.197388e-03
3.138889e+01 -1.366270e-01 -4.352719e-03
3.166667e+01 -1.424401e-01 -4.498108e-03
3.194444e+01 -1.480206e-01 -4.633689e-03
3.222222e+01 -1.533655e-01 -4.759618e-03
3.250000e+01 -1.584720e-01 -4.876062e-03
3.277778e+01 -1.633384e-01 -4.983206e-03
3.305556e+01 -1.679634e-01 -5.081245e-03
3.333333e+01 -1.723462e-01 -5.170385e-03
3.361111e+01 -1.764871e-01 -5.250855e-03
3.388889e+01 -1.803865e-01 -5.322881e-03
3.416667e+01 -1.840456e-01 -5.386699e-03
3.444444e+01 -1.874657e-01 -5.442553e-03
3.472222e+01 -1.906489e-01 -5.490690e-03
3.500000e+01 -1.935977e-01 -5.531363e-03
3.527778e+01 -1.963148e-01 -5.564828e-03
3.555556e+01 -1.988033e-01 -5.591344e-03
3.583333e+01 -2.010669e-01 -5.611169e-03
3.611111e+01 -2.031093e-01 -5.624565e-03
3.638889e+01 -2.049346e-01 -5.631791e-03
3.666667e+01 -2.065472e-01 -5.633107e-03
3.694444e+01 -2.079518e-01 -5.628769e-03
3.722222e+01 -2.091530e-01 -5.619035e-03
3.750000e+01 -2.101559e-01 -5.604156e-03
3.777778e+01 -2.109656e-01 -5.584384e-03
3.805556e+01 -2.115875e-01 -5.559964e-03
3.833333e+01 -2.120270e-01 -5.531138e-03
3.861111e+01 -2.122895e-01 -5.498145e-03
3.888889e+01 -2.123807e-01 -5.461219e-03
3.916667e+01 -2.123063e-01 -5.420587e-03
3.944444e+01 -2.120720e-01 -5.376474e-03
3.972222e+01 -2.116836e-01 -5.329098e-03
4.000000e+01 -2.111468e-01 -5.278670e-03
4.027778e+01 -2.104674e-01 -5.225398e-03
4.055556e+01 -2.096513e-01 -5.169483e-03
4.083333e+01 -2.087040e-01 -5.111119e-03
4.111111e+01 -2.076315e-01 -5.050496e-03
4.138889e+01 -2.064394e-01 -4.987797e-03
4.166667e+01 -2.051332e-01 -4.923197e-03
4.194444e+01 -2.037187e-01 -4.856869e-03
4.222222e+01 -2.022012e-01 -4.788976e-03
4.250000e+01 -2.005862e-01 -4.719676e-03
4.277778e+01 -1.988791e-01 -4.649123e-03
4.305556e+01 -1.970852e-01 -4.577462e-03
4.333333e+01 -1.952094e-01 -4.504833e-03
4.361111e+01 -1.932571e-01 -4.431372e-03
4.388889e+01 -1.912330e-01 -4.357207e-03
4.416667e+01 -1.891420e-01 -4.282460e-03
4.444444e+01 -1.869888e-01 -4.207248e-03
4.472222e+01 -1.847781e-01 -4.131684e-03
4.500000e+01 -1.825143e-01 -4.055873e-03
4.527778e+01 -1.802018e-01 -3.979916e-03
4.555556e+01 -1.778448e-01 -3.903910e-03
4.583333e+01 -1.754474e-01 -3.827944e-03
4.611111e+01 -1.730137e-01 -3.752105e-03
4.638889e+01 -1.705475e-01 -3.676473e-03
4.666667e+01 -1.680525e-01 -3.601126e-03
4.694444e+01 -1.655324e-01 -3.526134e-03
4.722222e+01 -1.629906e-01 -3.451565e-03
4.750000e+01 -1.604304e-01 -3.377482e-03
4.777778e+01 -1.578551e-01 -3.303944e-03
4.805556e+01 -1.552678e-01 -3.231007e-03
4.833333e+01 -1.526715e-01 -3.158721e-03
4.861111e+01 -1.500690e-01 -3.087133e-03
4.888889e+01 -1.474630e-01 -3.016289e-03
4.916667e+01 -1.448562e-01 -2.946227e-03
4.944444e+01 -1.422510e-01 -2.876986e-03
4.972222e+01 -1.396498e-01 -2.808600e-03
5.000000e+01 -1.370550e-01 -2.741099e-03
5.055556e+01 -1.318926e-01 -2.608865e-03
5.111111e+01 -1.267798e-01 -2.480474e-03
5.166667e+01 -1.217307e-01 -2.356078e-03
5.222222e+01 -1.167581e-01 -2.235793e-03
5.277778e+01 -1.118731e-01 -2.119702e-03
5.333333e+01 -1.070855e-01 -2.007854e-03
5.388889e+01 -1.024037e-01 -1.900274e-03
5.444444e+01 -9.783468e-02 -1.796963e-03
5.500000e+01 -9.338452e-02 -1.697900e-03
5.555556e+01 -8.905809e-02 -1.603046e-03
5.611111e+01 -8.485930e-02 -1.512344e-03
5.666667e+01 -8.079113e-02 -1.425726e-03
5.722222e+01 -7.685573e-02 -1.343110e-03
5.777778e+01 -7.305448e-02 -1.264404e-03
5.833333e+01 -6.938807e-02 -1.189510e-03
5.888889e+01 -6.585657e-02 -1.118319e-03
5.944444e+01 -6.245945e-02 -1.050720e-03
6.000000e+01 -5.919571e-02 -9.865952e-04
6.055556e+01 -5.606388e-02 -9.258255e-04
6.111111e+01 -5.306209e-02 -8.682888e-04
6.166667e+01 -5.018814e-02 -8.138618e-04
6.222222e+01 -4.743952e-02 -7.624209e-04
6.277778e+01 -4.481347e-02 -7.138428e-04
6.333333e+01 -4.230699e-02 -6.680052e-04
6.388889e+01 -3.991695e-02 -6.247871e-04
6.444444e+01 -3.764005e-02 -5.840697e-04
6.500000e+01 -3.547286e-02 -5.457363e-04
6.555556e+01 -3.341191e-02 -5.096731e-04
6.611111e+01 -3.145363e-02 -4.757692e-04
6.666667e+01 -2.959444e-02 -4.439166e-04
6.777778e+01 -2.615733e-02 -3.859278e-04
6.888889e+01 -2.307531e-02 -3.349642e-04
7.000000e+01 -2.031826e-02 -2.902608e-04
7.111111e+01 -1.785779e-02 -2.511251e-04
7.222222e+01 -1.566724e-02 -2.169310e-04
7.333333e+01 -1.372162e-02 -1.871130e-04
7.444444e+01 -1.199760e-02 -1.611618e-04
7.555556e+01 -1.047343e-02 -1.386190e-04
7.666667e+01 -9.128969e-03 -1.190735e-04
7.777778e+01 -7.945559e-03 -1.021572e-04
7.888889e+01 -6.906035e-03 -8.754129e-05
8.000000e+01 -5.994656e-03 -7.493319e-05
8.111111e+01 -5.197043e-03 -6.407313e-05
8.222222e+01 -4.500132e-03 -5.473133e-05
8.333333e+01 -3.892106e-03 -4.670528e-05
8.444444e+01 -3.362336e-03 -3.981714e-05
8.555556e+01 -2.901308e-03 -3.391139e-05
8.666667e+01 -2.500554e-03 -2.885255e-05
8.777778e+01 -2.152580e-03 -2.452307e-05
8.888889e+01 -1.850785e-03 -2.082134e-05
9.000000e+01 -1.589383e-03 -1.765981e-05
9.111111e+01 -1.363314e-03 -1.496320e-05
9.222222e+01 -1.168164e-03 -1.266684e-05
9.333333e+01 -1.000069e-03 -1.071502e-05
9.444444e+01 -8.556202e-04 -9.059508e-06
9.555556e+01 -7.317707e-04 -7.658065e-06
9.666667e+01 -6.257321e-04 -6.473091e-06
9.777778e+01 -5.348713e-04 -5.470274e-06
9.888889e+01 -4.566032e-04 -4.617336e-06
1.000000e+02 -3.882804e-04 -3.882804e-06
1.003333e+02 -3.700310e-04 -3.688017e-06
1.006667e+02 -3.526149e-04 -3.502797e-06
1.010000e+02 -3.359953e-04 -3.326686e-06
1.013333e+02 -3.201372e-04 -3.159248e-06
1.016667e+02 -3.050068e-04 -3.000067e-06
1.020000e+02 -2.905720e-04 -2.848745e-06
1.023333e+02 -2.768019e-04 -2.704905e-06
1.026667e+02 -2.636669e-04 -2.568184e-06
1.030000e+02 -2.511386e-04 -2.438239e-06
1.033333e+02 -2.391900e-04 -2.314742e-06
1.036667e+02 -2.277951e-04 -2.197380e-06
1.040000e+02 -2.169290e-04 -2.085856e-06
1.043333e+02 -2.065681e-04 -1.979886e-06
1.046667e+02 -1.966896e-04 -1.879200e-06
1.050000e+02 -1.872717e-04 -1.783540e-06
1.053333e+02 -1.782935e-04 -1.692660e-06
1.056667e+02 -1.697353e-04 -1.606328e-06
1.060000e+02 -1.615779e-04 -1.524320e-06
1.063333e+02 -1.538032e-04 -1.446425e-06
1.066667e+02 -1.463936e-04 -1.372440e-06
1.070000e+02 -1.393326e-04 -1.302174e-06
1.073333e+02 -1.326043e-04 -1.235444e-06
1.076667e+02 -1.261933e-04 -1.172074e-06
1.080000e+02 -1.200853e-04 -1.111901e-06
1.083333e+02 -1.142661e-04 -1.054764e-06
1.086667e+02 -1.087226e-04 -1.000515e-06
1.090000e+02 -1.034420e-04 -9.490094e-07
1.093333e+02 -9.841228e-05 -9.001123e-07
1.096667e+02 -9.362176e-05 -8.536938e-07
1.100000e+02 -8.905942e-05 -8.096310e-07
1.103667e+02 -8.429173e-05 -7.637426e-07
1.107333e+02 -7.977386e-05 -7.204141e-07
1.111000e+02 -7.549306e-05 -6.795055e-07
1.114667e+02 -7.143722e-05 -6.408842e-07
1.118333e+02 -6.759483e-05 -6.044247e-07
1.122000e+02 -6.395491e-05 -5.700081e-07
1.125667e+02 -6.050707e-05 -5.375220e-07
1.129333e+02 -5.724140e-05 -5.068601e-07
1.133000e+02 -5.414851e-05 -4.779216e-07
1.136667e+02 -5.121948e-05 -4.506112e-07
1.140333e+02 -4.844581e-05 -4.248390e-07
1.144000e+02 -4.581946e-05 -4.005198e-07
1.147667e+02 -4.333279e-05 -3.775730e-07
1.151333e+02 -4.097853e-05 -3.559224e-07
1.155000e+02 -3.874979e-05 -3.354960e-07
1.158667e+02 -3.664003e-05 -3.162258e-07
1.162333e+02 -3.464304e-05 -2.980473e-07
1.166000e+02 -3.275292e-05 -2.808998e-07
1.169667e+02 -3.096408e-05 -2.647257e-07
1.173333e+02 -2.927121e-05 -2.494705e-07
1.177000e+02 -2.766927e-05 -2.350830e-07
1.180667e+02 -2.615347e-05 -2.215144e-07
1.184333e+02 -2.471927e-05 -2.087188e-07
1.188000e+02 -2.336237e-05 -1.966529e-07
1.191667e+02 -2.207868e-05 -1.852757e-07
1.195333e+02 -2.086434e-05 -1.745483e-07
1.199000e+02 -1.971566e-05 -1.644342e-07
1.202667e+02 -1.862917e-05 -1.548988e-07
1.206333e+02 -1.760157e-05 -1.459097e-07
1.210000e+02 -1.662977e-05 -1.374361e-07
1.214033e+02 -1.562163e-05 -1.286755e-07
1.218067e+02 -1.467363e-05 -1.204666e-07
1.222100e+02 -1.378225e-05 -1.127752e-07
1.226133e+02 -1.294418e-05 -1.055691e-07
1.230167e+02 -1.215628e-05 -9.881818e-08
1.234200e+02 -1.141562e-05 -9.249406e-08
1.238233e+02 -1.071940e-05 -8.657009e-08
1.242267e+02 -1.006500e-05 -8.102127e-08
1.246300e+02 -9.449964e-06 -7.582415e-08
1.250333e+02 -8.871953e-06 -7.095670e-08
1.254367e+02 -8.328777e-06 -6.639827e-08
1.258400e+02 -7.818373e-06 -6.212947e-08
1.262433e+02 -7.338795e-06 -5.813214e-08
1.266467e+02 -6.888214e-06 -5.438922e-08
1.270500e+02 -6.464905e-06 -5.088473e-08
1.274533e+02 -6.067245e-06 -4.760366e-08
1.278567e+02 -5.693706e-06 -4.453195e-08
1.282600e+02 -5.342850e-06 -4.165640e-08
1.286633e+02 -5.013321e-06 -3.896464e-08
1.290667e+02 -4.703843e-06 -3.644506e-08
1.294700e+02 -4.413215e-06 -3.408678e-08
1.298733e+02 -4.140305e-06 -3.187957e-08
1.302767e+02 -3.884049e-06 -2.981385e-08
1.306800e+02 -3.643444e-06 -2.788065e-08
1.310833e+02 -3.417546e-06 -2.607155e-08
1.314867e+02 -3.205468e-06 -2.437866e-08
1.318900e+02 -3.006378e-06 -2.279458e-08
1.322933e+02 -2.819492e-06 -2.131243e-08
1.326967e+02 -2.644077e-06 -1.992573e-08
1.331000e+02 -2.479450e-06 -1.862847e-08
1.335437e+02 -2.310019e-06 -1.729786e-08
1.339873e+02 -2.152017e-06 -1.606135e-08
1.344310e+02 -2.004686e-06 -1.491238e-08
1.348747e+02 -1.867316e-06 -1.384482e-08
1.353183e+02 -1.739243e-06 -1.285297e-08
1.357620e+02 -1.619846e-06 -1.193151e-08
1.362057e+02 -1.508544e-06 -1.107549e-08
1.366493e+02 -1.404795e-06 -1.028029e-08
1.370930e+02 -1.308092e-06 -9.541640e-09
1.375367e+02 -1.217961e-06 -8.855536e-09
1.379803e+02 -1.133960e-06 -8.218271e-09
1.384240e+02 -1.055676e-06 -7.626395e-09
1.388677e+02 -9.827248e-07 -7.076700e-09
1.393113e+02 -9.147461e-07 -6.566200e-09
1.397550e+02 -8.514048e-07 -6.092124e-09
1.401987e+02 -7.923874e-07 -5.651890e-09
1.406423e+02 -7.374018e-07 -5.243100e-09
1.410860e+02 -6.861748e-07 -4.863521e-09
1.415297e+02 -6.384515e-07 -4.511079e-09
1.419733e+02 -5.939939e-07 -4.183842e-09
1.424170e+02 -5.525796e-07 -3.880011e-09
1.428607e+02 -5.140007e-07 -3.597916e-09
1.433043e+02 -4.780632e-07 -3.336000e-09
1.437480e+02 -4.445859e-07 -3.092815e-09
1.441917e+02 -4.133998e-07 -2.867016e-09
1.446353e+02 -3.843472e-07 -2.657353e-09
1.450790e+02 -3.572813e-07 -2.462667e-09
1.455227e+02 -3.320659e-07 -2.281885e-09
1.459663e+02 -3.085749e-07 -2.114014e-09
1.464100e+02 -2.866917e-07 -1.958143e-09
1.468980e+02 -2.643374e-07 -1.799462e-09
1.473861e+02 -2.436495e-07 -1.653138e-09
1.478741e+02 -2.245010e-07 -1.518190e-09
1.483621e+02 -2.067740e-07 -1.393711e-09
1.488502e+02 -1.903584e-07 -1.278859e-09
1.493382e+02 -1.751523e-07 -1.172857e-09
1.498262e+02 -1.610608e-07 -1.074984e-09
1.503143e+02 -1.479957e-07 -9.845754e-10
1.508023e+02 -1.358751e-07 -9.010149e-10
1.512903e+02 -1.246229e-07 -8.237332e-10
1.517784e+02 -1.141683e-07 -7.522037e-10
1.522664e+02 -1.044454e-07 -6.859387e-10
1.527544e+02 -9.539309e-08 -6.244865e-10
1.532425e+02 -8.695413e-08 -5.674284e-10
1.537305e+02 -7.907523e-08 -5.143757e-10
1.542185e+02 -7.170651e-08 -4.649669e-10
1.547066e+02 -6.480123e-08 -4.188654e-10
1.551946e+02 -5.831549e-08 -3.757572e-10
1.556826e+02 -5.220793e-08 -3.353485e-10
1.561707e+02 -4.643948e-08 -2.973636e-10
1.566587e+02 -4.097307e-08 -2.615435e-10
1.571467e+02 -3.577347e-08 -2.276437e-10
1.576348e+02 -3.080702e-08 -1.954329e-10
1.581228e+02 -2.604150e-08 -1.646916e-10
1.586108e+02 -2.144588e-08 -1.352107e-10
1.590989e+02 -1.699025e-08 -1.067905e-10
1.595869e+02 -1.264562e-08 -7.923971e-11
1.600749e+02 -8.383859e-09 -5.237459e-11
1.605630e+02 -4.177564e-09 -2.601823e-11
1.610510e+02 -1.181110e-22
