# 
# Output from EIGENRAD program.
# 
# Eigenfunction for specific electronic state.
# The first column contains radius $r$ in bohr units.
# The second column holds value of eginefunction.
# 
# Use this file with gnuplot to create the plot.
#
0.000000e+00 0.000000e+00 7.835508e-08
1.111111e-01 3.356578e-08 3.020920e-07
2.222222e-01 3.637031e-07 1.636664e-06
3.333333e-01 1.791902e-06 5.375705e-06
4.444444e-01 5.639784e-06 1.268952e-05
5.555556e-01 1.368320e-05 2.462976e-05
6.666667e-01 2.808944e-05 4.213417e-05
7.777778e-01 5.135763e-05 6.603123e-05
8.888889e-01 8.626216e-05 9.704493e-05
1.000000e+00 1.357994e-04 1.357994e-04
1.111111e+00 2.031373e-04 1.828236e-04
1.222222e+00 2.915685e-04 2.385561e-04
1.333333e+00 4.044663e-04 3.033497e-04
1.444444e+00 5.452436e-04 3.774763e-04
1.555556e+00 7.173154e-04 4.611313e-04
1.666667e+00 9.240644e-04 5.544386e-04
1.777778e+00 1.168809e-03 6.574551e-04
1.888889e+00 1.454776e-03 7.701753e-04
2.000000e+00 1.785073e-03 8.925366e-04
2.111111e+00 2.162671e-03 1.024423e-03
2.222222e+00 2.590380e-03 1.165671e-03
2.333333e+00 3.070838e-03 1.316074e-03
2.444444e+00 3.606495e-03 1.475384e-03
2.555556e+00 4.199603e-03 1.643323e-03
2.666667e+00 4.852216e-03 1.819581e-03
2.777778e+00 5.566177e-03 2.003824e-03
2.888889e+00 6.343127e-03 2.195698e-03
3.000000e+00 7.184502e-03 2.394834e-03
3.111111e+00 8.091541e-03 2.600852e-03
3.222222e+00 9.065297e-03 2.813368e-03
3.333333e+00 1.010665e-02 3.031994e-03
3.444444e+00 1.121591e-02 3.256231e-03
3.555556e+00 1.239348e-02 3.485666e-03
3.666667e+00 1.363950e-02 3.719864e-03
3.777778e+00 1.495390e-02 3.958386e-03
3.888889e+00 1.633639e-02 4.200786e-03
4.000000e+00 1.778648e-02 4.446619e-03
4.111111e+00 1.930347e-02 4.695438e-03
4.222222e+00 2.088649e-02 4.946800e-03
4.333333e+00 2.253448e-02 5.200264e-03
4.444444e+00 2.424620e-02 5.455395e-03
4.555556e+00 2.602025e-02 5.711762e-03
4.666667e+00 2.785507e-02 5.968944e-03
4.777778e+00 2.974895e-02 6.226524e-03
4.888889e+00 3.170003e-02 6.484096e-03
5.000000e+00 3.370630e-02 6.741261e-03
5.111111e+00 3.576566e-02 6.997630e-03
5.222222e+00 3.787586e-02 7.252824e-03
5.333333e+00 4.003454e-02 7.506476e-03
5.444444e+00 4.223923e-02 7.758226e-03
5.555556e+00 4.448739e-02 8.007729e-03
5.666667e+00 4.677635e-02 8.254649e-03
5.777778e+00 4.910339e-02 8.498663e-03
5.888889e+00 5.146570e-02 8.739459e-03
6.000000e+00 5.386043e-02 8.976738e-03
6.111111e+00 5.628463e-02 9.210212e-03
6.222222e+00 5.873534e-02 9.439608e-03
6.333333e+00 6.120954e-02 9.664664e-03
6.444444e+00 6.370418e-02 9.885132e-03
6.555556e+00 6.621619e-02 1.010078e-02
6.666667e+00 6.874249e-02 1.031137e-02
6.777778e+00 7.127992e-02 1.051671e-02
6.888889e+00 7.382537e-02 1.071659e-02
7.000000e+00 7.637570e-02 1.091081e-02
7.111111e+00 7.892781e-02 1.109922e-02
7.222222e+00 8.147855e-02 1.128165e-02
7.333333e+00 8.402484e-02 1.145793e-02
7.444444e+00 8.656359e-02 1.162795e-02
7.555556e+00 8.909174e-02 1.179155e-02
7.666667e+00 9.160626e-02 1.194864e-02
7.777778e+00 9.410415e-02 1.209910e-02
7.888889e+00 9.658245e-02 1.224285e-02
8.000000e+00 9.903825e-02 1.237978e-02
8.111111e+00 1.014687e-01 1.250984e-02
8.222222e+00 1.038709e-01 1.263295e-02
8.333333e+00 1.062422e-01 1.274906e-02
8.444444e+00 1.085798e-01 1.285813e-02
8.555556e+00 1.108811e-01 1.296013e-02
8.666667e+00 1.131434e-01 1.305501e-02
8.777778e+00 1.153644e-01 1.314278e-02
8.888889e+00 1.175414e-01 1.322341e-02
9.000000e+00 1.196721e-01 1.329690e-02
9.111111e+00 1.217543e-01 1.336327e-02
9.222222e+00 1.237856e-01 1.342253e-02
9.333333e+00 1.257638e-01 1.347470e-02
9.444444e+00 1.276870e-01 1.351980e-02
9.555556e+00 1.295531e-01 1.355788e-02
9.666667e+00 1.313601e-01 1.358897e-02
9.777778e+00 1.331062e-01 1.361313e-02
9.888889e+00 1.347895e-01 1.363040e-02
1.000000e+01 1.364085e-01 1.364085e-02
1.011111e+01 1.379616e-01 1.364455e-02
1.022222e+01 1.394470e-01 1.364156e-02
1.033333e+01 1.408636e-01 1.363196e-02
1.044444e+01 1.422097e-01 1.361582e-02
1.055556e+01 1.434843e-01 1.359325e-02
1.066667e+01 1.446860e-01 1.356431e-02
1.077778e+01 1.458138e-01 1.352911e-02
1.088889e+01 1.468666e-01 1.348775e-02
1.100000e+01 1.478435e-01 1.344032e-02
1.111111e+01 1.487435e-01 1.338692e-02
1.122222e+01 1.495660e-01 1.332766e-02
1.133333e+01 1.503102e-01 1.326266e-02
1.144444e+01 1.509754e-01 1.319202e-02
1.155556e+01 1.515611e-01 1.311586e-02
1.166667e+01 1.520668e-01 1.303430e-02
1.177778e+01 1.524921e-01 1.294745e-02
1.188889e+01 1.528368e-01 1.285543e-02
1.200000e+01 1.531004e-01 1.275837e-02
1.211111e+01 1.532829e-01 1.265638e-02
1.222222e+01 1.533840e-01 1.254960e-02
1.233333e+01 1.534039e-01 1.243816e-02
1.244444e+01 1.533425e-01 1.232216e-02
1.255556e+01 1.531999e-01 1.220176e-02
1.266667e+01 1.529762e-01 1.207707e-02
1.277778e+01 1.526717e-01 1.194822e-02
1.288889e+01 1.522867e-01 1.181535e-02
1.300000e+01 1.518215e-01 1.167857e-02
1.311111e+01 1.512765e-01 1.153803e-02
1.322222e+01 1.506521e-01 1.139386e-02
1.333333e+01 1.499490e-01 1.124617e-02
1.355556e+01 1.483085e-01 1.094079e-02
1.377778e+01 1.463605e-01 1.062294e-02
1.400000e+01 1.441107e-01 1.029362e-02
1.422222e+01 1.415660e-01 9.953856e-03
1.444444e+01 1.387337e-01 9.604639e-03
1.466667e+01 1.356219e-01 9.246947e-03
1.488889e+01 1.322392e-01 8.881740e-03
1.511111e+01 1.285949e-01 8.509957e-03
1.533333e+01 1.246985e-01 8.132511e-03
1.555556e+01 1.205601e-01 7.750293e-03
1.577778e+01 1.161902e-01 7.364165e-03
1.600000e+01 1.115994e-01 6.974962e-03
1.622222e+01 1.067989e-01 6.583492e-03
1.644444e+01 1.017999e-01 6.190532e-03
1.666667e+01 9.661381e-02 5.796829e-03
1.688889e+01 9.125234e-02 5.403099e-03
1.711111e+01 8.572716e-02 5.010029e-03
1.733333e+01 8.005006e-02 4.618273e-03
1.755556e+01 7.423286e-02 4.228454e-03
1.777778e+01 6.828740e-02 3.841166e-03
1.800000e+01 6.222545e-02 3.456969e-03
1.822222e+01 5.605874e-02 3.076394e-03
1.844444e+01 4.979890e-02 2.699940e-03
1.866667e+01 4.345744e-02 2.328077e-03
1.888889e+01 3.704572e-02 1.961244e-03
1.911111e+01 3.057493e-02 1.599851e-03
1.933333e+01 2.405606e-02 1.244279e-03
1.955556e+01 1.749988e-02 8.948802e-04
1.977778e+01 1.091692e-02 5.519793e-04
2.000000e+01 4.317477e-03 2.158739e-04
2.022222e+01 -2.288358e-03 -1.131606e-04
2.044444e+01 -8.890908e-03 -4.348814e-04
2.066667e+01 -1.548068e-02 -7.490651e-04
2.088889e+01 -2.204849e-02 -1.055513e-03
2.111111e+01 -2.858549e-02 -1.354049e-03
2.133333e+01 -3.508312e-02 -1.644521e-03
2.155556e+01 -4.153319e-02 -1.926798e-03
2.177778e+01 -4.792782e-02 -2.200767e-03
2.200000e+01 -5.425947e-02 -2.466340e-03
2.222222e+01 -6.052093e-02 -2.723442e-03
2.244444e+01 -6.670532e-02 -2.972019e-03
2.266667e+01 -7.280614e-02 -3.212036e-03
2.288889e+01 -7.881718e-02 -3.443469e-03
2.311111e+01 -8.473261e-02 -3.666315e-03
2.333333e+01 -9.054690e-02 -3.880581e-03
2.355556e+01 -9.625489e-02 -4.086292e-03
2.377778e+01 -1.018517e-01 -4.283484e-03
2.400000e+01 -1.073329e-01 -4.472205e-03
2.422222e+01 -1.126943e-01 -4.652515e-03
2.444444e+01 -1.179319e-01 -4.824487e-03
2.466667e+01 -1.230423e-01 -4.988202e-03
2.488889e+01 -1.280222e-01 -5.143750e-03
2.511111e+01 -1.328687e-01 -5.291233e-03
2.533333e+01 -1.375792e-01 -5.430758e-03
2.555556e+01 -1.421513e-01 -5.562442e-03
2.577778e+01 -1.465829e-01 -5.686406e-03
2.600000e+01 -1.508723e-01 -5.802781e-03
2.622222e+01 -1.550179e-01 -5.911701e-03
2.644444e+01 -1.590185e-01 -6.013305e-03
2.666667e+01 -1.628730e-01 -6.107737e-03
2.688889e+01 -1.665807e-01 -6.195149e-03
2.711111e+01 -1.701410e-01 -6.275692e-03
2.733333e+01 -1.735536e-01 -6.349522e-03
2.755556e+01 -1.768184e-01 -6.416798e-03
2.777778e+01 -1.799356e-01 -6.477681e-03
2.800000e+01 -1.829054e-01 -6.532335e-03
2.822222e+01 -1.857283e-01 -6.580924e-03
2.844444e+01 -1.884050e-01 -6.623613e-03
2.866667e+01 -1.909364e-01 -6.660571e-03
2.888889e+01 -1.933234e-01 -6.691965e-03
2.911111e+01 -1.955673e-01 -6.717961e-03
2.933333e+01 -1.976694e-01 -6.738729e-03
2.955556e+01 -1.996311e-01 -6.754435e-03
2.977778e+01 -2.014540e-01 -6.765246e-03
3.000000e+01 -2.031398e-01 -6.771328e-03
3.022222e+01 -2.046905e-01 -6.772846e-03
3.044444e+01 -2.061078e-01 -6.769963e-03
3.066667e+01 -2.073938e-01 -6.762842e-03
3.088889e+01 -2.085508e-01 -6.751643e-03
3.111111e+01 -2.095808e-01 -6.736525e-03
3.133333e+01 -2.104862e-01 -6.717645e-03
3.155556e+01 -2.112694e-01 -6.695157e-03
3.177778e+01 -2.119328e-01 -6.669214e-03
3.200000e+01 -2.124789e-01 -6.639966e-03
3.222222e+01 -2.129103e-01 -6.607560e-03
3.244444e+01 -2.132295e-01 -6.572141e-03
3.266667e+01 -2.134392e-01 -6.533852e-03
3.288889e+01 -2.135420e-01 -6.492832e-03
3.311111e+01 -2.135407e-01 -6.449217e-03
3.333333e+01 -2.134381e-01 -6.403143e-03
3.355556e+01 -2.132368e-01 -6.354739e-03
3.377778e+01 -2.129396e-01 -6.304134e-03
3.400000e+01 -2.125494e-01 -6.251452e-03
3.422222e+01 -2.120688e-01 -6.196816e-03
3.444444e+01 -2.115008e-01 -6.140345e-03
3.466667e+01 -2.108480e-01 -6.082153e-03
3.488889e+01 -2.101133e-01 -6.022355e-03
3.511111e+01 -2.092994e-01 -5.961059e-03
3.533333e+01 -2.084092e-01 -5.898373e-03
3.555556e+01 -2.074453e-01 -5.834399e-03
3.577778e+01 -2.064105e-01 -5.769238e-03
3.600000e+01 -2.053075e-01 -5.702987e-03
3.622222e+01 -2.041391e-01 -5.635741e-03
3.644444e+01 -2.029077e-01 -5.567591e-03
3.666667e+01 -2.016162e-01 -5.498624e-03
3.688889e+01 -2.002671e-01 -5.428928e-03
3.711111e+01 -1.988630e-01 -5.358583e-03
3.733333e+01 -1.974063e-01 -5.287669e-03
3.755556e+01 -1.958997e-01 -5.216264e-03
3.777778e+01 -1.943455e-01 -5.144440e-03
3.800000e+01 -1.927462e-01 -5.072269e-03
3.822222e+01 -1.911042e-01 -4.999820e-03
3.844444e+01 -1.894218e-01 -4.927158e-03
3.866667e+01 -1.877014e-01 -4.854345e-03
3.888889e+01 -1.859450e-01 -4.781444e-03
3.911111e+01 -1.841551e-01 -4.708510e-03
3.933333e+01 -1.823336e-01 -4.635601e-03
3.955556e+01 -1.804829e-01 -4.562769e-03
3.977778e+01 -1.786048e-01 -4.490064e-03
4.000000e+01 -1.767014e-01 -4.417535e-03
4.044444e+01 -1.728268e-01 -4.273191e-03
4.088889e+01 -1.688740e-01 -4.130071e-03
4.133333e+01 -1.648575e-01 -3.988488e-03
4.177778e+01 -1.607910e-01 -3.848721e-03
4.222222e+01 -1.566873e-01 -3.711016e-03
4.266667e+01 -1.525586e-01 -3.575593e-03
4.311111e+01 -1.484161e-01 -3.442642e-03
4.355556e+01 -1.442704e-01 -3.312331e-03
4.400000e+01 -1.401313e-01 -3.184802e-03
4.444444e+01 -1.360079e-01 -3.060177e-03
4.488889e+01 -1.319086e-01 -2.938558e-03
4.533333e+01 -1.278412e-01 -2.820026e-03
4.577778e+01 -1.238127e-01 -2.704647e-03
4.622222e+01 -1.198298e-01 -2.592471e-03
4.666667e+01 -1.158981e-01 -2.483532e-03
4.711111e+01 -1.120232e-01 -2.377851e-03
4.755556e+01 -1.082097e-01 -2.275438e-03
4.800000e+01 -1.044619e-01 -2.176289e-03
4.844444e+01 -1.007835e-01 -2.080393e-03
4.888889e+01 -9.717781e-02 -1.987728e-03
4.933333e+01 -9.364763e-02 -1.898263e-03
4.977778e+01 -9.019535e-02 -1.811960e-03
5.022222e+01 -8.682299e-02 -1.728776e-03
5.066667e+01 -8.353217e-02 -1.648661e-03
5.111111e+01 -8.032416e-02 -1.571560e-03
5.155556e+01 -7.719996e-02 -1.497413e-03
5.200000e+01 -7.416023e-02 -1.426158e-03
5.244444e+01 -7.120540e-02 -1.357730e-03
5.288889e+01 -6.833566e-02 -1.292061e-03
5.333333e+01 -6.555101e-02 -1.229081e-03
5.377778e+01 -6.285093e-02 -1.168716e-03
5.422222e+01 -6.023504e-02 -1.110892e-03
5.466667e+01 -5.770262e-02 -1.055536e-03
5.511111e+01 -5.525284e-02 -1.002572e-03
5.555556e+01 -5.288468e-02 -9.519243e-04
5.600000e+01 -5.059704e-02 -9.035186e-04
5.644444e+01 -4.838866e-02 -8.572795e-04
5.688889e+01 -4.625821e-02 -8.131326e-04
5.733333e+01 -4.420425e-02 -7.710043e-04
5.777778e+01 -4.222525e-02 -7.308217e-04
5.822222e+01 -4.031965e-02 -6.925131e-04
5.866667e+01 -3.848580e-02 -6.560079e-04
5.911111e+01 -3.672199e-02 -6.212367e-04
5.955556e+01 -3.502652e-02 -5.881318e-04
6.000000e+01 -3.339760e-02 -5.566267e-04
6.044444e+01 -3.183346e-02 -5.266566e-04
6.088889e+01 -3.033230e-02 -4.981582e-04
6.133333e+01 -2.889230e-02 -4.710701e-04
6.177778e+01 -2.751165e-02 -4.453325e-04
6.222222e+01 -2.618854e-02 -4.208873e-04
6.266667e+01 -2.492117e-02 -3.976783e-04
6.311111e+01 -2.370775e-02 -3.756510e-04
6.355556e+01 -2.254651e-02 -3.547528e-04
6.400000e+01 -2.143569e-02 -3.349326e-04
6.444444e+01 -2.037356e-02 -3.161414e-04
6.488889e+01 -1.935841e-02 -2.983317e-04
6.533333e+01 -1.838857e-02 -2.814578e-04
6.577778e+01 -1.746239e-02 -2.654755e-04
6.622222e+01 -1.657824e-02 -2.503426e-04
6.666667e+01 -1.573453e-02 -2.360179e-04
6.711111e+01 -1.492973e-02 -2.224629e-04
6.755556e+01 -1.416234e-02 -2.096399e-04
6.800000e+01 -1.343088e-02 -1.975129e-04
6.844444e+01 -1.273391e-02 -1.860474e-04
6.888889e+01 -1.207005e-02 -1.752104e-04
6.933333e+01 -1.143793e-02 -1.649701e-04
6.977778e+01 -1.083623e-02 -1.552963e-04
7.022222e+01 -1.026370e-02 -1.461602e-04
7.066667e+01 -9.719082e-03 -1.375342e-04
7.111111e+01 -9.201191e-03 -1.293917e-04
7.155556e+01 -8.708868e-03 -1.217078e-04
7.200000e+01 -8.240996e-03 -1.144583e-04
7.244444e+01 -7.796494e-03 -1.076203e-04
7.288889e+01 -7.374322e-03 -1.011721e-04
7.333333e+01 -6.973473e-03 -9.509282e-05
7.377778e+01 -6.592981e-03 -8.936269e-05
7.422222e+01 -6.231912e-03 -8.396289e-05
7.466667e+01 -5.889372e-03 -7.887551e-05
7.511111e+01 -5.564496e-03 -7.408353e-05
7.555556e+01 -5.256458e-03 -6.957076e-05
7.600000e+01 -4.964461e-03 -6.532186e-05
7.644444e+01 -4.687744e-03 -6.132223e-05
7.688889e+01 -4.425574e-03 -5.755804e-05
7.733333e+01 -4.177250e-03 -5.401616e-05
7.777778e+01 -3.942099e-03 -5.068414e-05
7.822222e+01 -3.719479e-03 -4.755015e-05
7.866667e+01 -3.508771e-03 -4.460302e-05
7.911111e+01 -3.309385e-03 -4.183212e-05
7.955556e+01 -3.120756e-03 -3.922738e-05
8.000000e+01 -2.942340e-03 -3.677925e-05
8.088889e+01 -2.614158e-03 -3.231789e-05
8.177778e+01 -2.320925e-03 -2.838088e-05
8.266667e+01 -2.059165e-03 -2.490926e-05
8.355556e+01 -1.825709e-03 -2.185023e-05
8.444444e+01 -1.617673e-03 -1.915665e-05
8.533333e+01 -1.432441e-03 -1.678642e-05
8.622222e+01 -1.267641e-03 -1.470202e-05
8.711111e+01 -1.121127e-03 -1.287008e-05
8.800000e+01 -9.909620e-04 -1.126093e-05
8.888889e+01 -8.754011e-04 -9.848262e-06
8.977778e+01 -7.728735e-04 -8.608740e-06
9.066667e+01 -6.819686e-04 -7.521712e-06
9.155556e+01 -6.014206e-04 -6.568915e-06
9.244444e+01 -5.300959e-04 -5.734211e-06
9.333333e+01 -4.669795e-04 -5.003352e-06
9.422222e+01 -4.111636e-04 -4.363764e-06
9.511111e+01 -3.618366e-04 -3.804357e-06
9.600000e+01 -3.182733e-04 -3.315347e-06
9.688889e+01 -2.798254e-04 -2.888107e-06
9.777778e+01 -2.459135e-04 -2.515024e-06
9.866667e+01 -2.160195e-04 -2.189387e-06
9.955556e+01 -1.896805e-04 -1.905273e-06
1.004444e+02 -1.664831e-04 -1.657465e-06
1.013333e+02 -1.460584e-04 -1.441366e-06
1.022222e+02 -1.280788e-04 -1.252945e-06
1.031111e+02 -1.122544e-04 -1.088674e-06
1.040000e+02 -9.833171e-05 -9.454972e-07
1.048889e+02 -8.609201e-05 -8.207924e-07
1.057778e+02 -7.535135e-05 -7.123552e-07
1.066667e+02 -6.596117e-05 -6.183860e-07
1.075556e+02 -5.770144e-05 -5.364804e-07
1.084444e+02 -5.045288e-05 -4.652418e-07
1.093333e+02 -4.409696e-05 -4.033259e-07
1.102222e+02 -3.852769e-05 -3.495456e-07
1.111111e+02 -3.365061e-05 -3.028555e-07
1.120000e+02 -2.938172e-05 -2.623368e-07
1.128889e+02 -2.564662e-05 -2.271846e-07
1.137778e+02 -2.237952e-05 -1.966950e-07
1.146667e+02 -1.952247e-05 -1.702541e-07
1.155556e+02 -1.702452e-05 -1.473275e-07
1.164444e+02 -1.484095e-05 -1.274509e-07
1.173333e+02 -1.293264e-05 -1.102214e-07
1.182222e+02 -1.126537e-05 -9.528977e-08
1.191111e+02 -9.809225e-06 -8.235357e-08
1.200000e+02 -8.538081e-06 -7.115067e-08
1.208889e+02 -7.429076e-06 -6.145375e-08
1.217778e+02 -6.462181e-06 -5.306535e-08
1.226667e+02 -5.619798e-06 -4.581357e-08
1.235556e+02 -4.886418e-06 -3.954835e-08
1.244444e+02 -4.248323e-06 -3.413831e-08
1.253333e+02 -3.693344e-06 -2.946817e-08
1.262222e+02 -3.210663e-06 -2.543659e-08
1.271111e+02 -2.790672e-06 -2.195459e-08
1.280000e+02 -2.424879e-06 -1.894437e-08
1.288889e+02 -2.105863e-06 -1.633859e-08
1.297778e+02 -1.827281e-06 -1.408007e-08
1.306667e+02 -1.583925e-06 -1.212188e-08
1.315556e+02 -1.371831e-06 -1.042777e-08
1.324444e+02 -1.188436e-06 -8.973094e-09
1.333333e+02 -1.032785e-06 -7.745887e-09
1.342222e+02 -8.953630e-07 -6.670751e-09
1.351111e+02 -7.759362e-07 -5.742949e-09
1.360000e+02 -6.722408e-07 -4.942947e-09
1.368889e+02 -5.822689e-07 -4.253587e-09
1.377778e+02 -5.042465e-07 -3.659854e-09
1.386667e+02 -4.366118e-07 -3.148642e-09
1.395556e+02 -3.779944e-07 -2.708558e-09
1.404444e+02 -3.271965e-07 -2.329722e-09
1.413333e+02 -2.831748e-07 -2.003595e-09
1.422222e+02 -2.450229e-07 -1.722817e-09
1.431111e+02 -2.119561e-07 -1.481060e-09
1.440000e+02 -1.832964e-07 -1.272892e-09
1.448889e+02 -1.584589e-07 -1.093658e-09
1.457778e+02 -1.369393e-07 -9.393705e-10
1.466667e+02 -1.183026e-07 -8.066089e-10
1.475556e+02 -1.021729e-07 -6.924371e-10
1.484444e+02 -8.822436e-08 -5.943258e-10
1.493333e+02 -7.617305e-08 -5.100874e-10
1.502222e+02 -6.577047e-08 -4.378212e-10
1.511111e+02 -5.679763e-08 -3.758667e-10
1.520000e+02 -4.906055e-08 -3.227668e-10
1.528889e+02 -4.238689e-08 -2.772398e-10
1.537778e+02 -3.662361e-08 -2.381593e-10
1.546667e+02 -3.163587e-08 -2.045422e-10
1.555556e+02 -2.730694e-08 -1.755446e-10
1.564444e+02 -2.353937e-08 -1.504647e-10
1.573333e+02 -2.025722e-08 -1.287535e-10
1.582222e+02 -1.740939e-08 -1.100313e-10
1.591111e+02 -1.497420e-08 -9.411161e-11
1.600000e+02 -1.296496e-08 -8.103099e-11
1.605333e+02 -1.185793e-08 -7.386586e-11
1.610667e+02 -1.084469e-08 -6.733045e-11
1.616000e+02 -9.917415e-09 -6.137014e-11
1.621333e+02 -9.068905e-09 -5.593486e-11
1.626667e+02 -8.292541e-09 -5.097873e-11
1.632000e+02 -7.582236e-09 -4.645978e-11
1.637333e+02 -6.932408e-09 -4.233962e-11
1.642667e+02 -6.337933e-09 -3.858319e-11
1.648000e+02 -5.794118e-09 -3.515848e-11
1.653333e+02 -5.296664e-09 -3.203627e-11
1.658667e+02 -4.841638e-09 -2.918994e-11
1.664000e+02 -4.425440e-09 -2.659519e-11
1.669333e+02 -4.044779e-09 -2.422990e-11
1.674667e+02 -3.696641e-09 -2.207389e-11
1.680000e+02 -3.378273e-09 -2.010877e-11
1.685333e+02 -3.087153e-09 -1.831776e-11
1.690667e+02 -2.820973e-09 -1.668556e-11
1.696000e+02 -2.577618e-09 -1.519822e-11
1.701333e+02 -2.355150e-09 -1.384297e-11
1.706667e+02 -2.151791e-09 -1.260815e-11
1.712000e+02 -1.965910e-09 -1.148312e-11
1.717333e+02 -1.796008e-09 -1.045812e-11
1.722667e+02 -1.640713e-09 -9.524262e-12
1.728000e+02 -1.498763e-09 -8.673398e-12
1.733333e+02 -1.369007e-09 -7.898118e-12
1.738667e+02 -1.250393e-09 -7.191680e-12
1.744000e+02 -1.141969e-09 -6.547989e-12
1.749333e+02 -1.042878e-09 -5.961572e-12
1.754667e+02 -9.523567e-10 -5.427565e-12
1.760000e+02 -8.697417e-10 -4.941714e-12
1.765867e+02 -7.870236e-10 -4.456869e-12
1.771733e+02 -7.121173e-10 -4.019326e-12
1.777600e+02 -6.442982e-10 -3.624540e-12
1.783467e+02 -5.829050e-10 -3.268382e-12
1.789333e+02 -5.273349e-10 -2.947102e-12
1.795200e+02 -4.770394e-10 -2.657305e-12
1.801067e+02 -4.315203e-10 -2.395915e-12
1.806933e+02 -3.903252e-10 -2.160153e-12
1.812800e+02 -3.530440e-10 -1.947507e-12
1.818667e+02 -3.193055e-10 -1.755712e-12
1.824533e+02 -2.887736e-10 -1.582726e-12
1.830400e+02 -2.611444e-10 -1.426707e-12
1.836267e+02 -2.361431e-10 -1.285996e-12
1.842133e+02 -2.135215e-10 -1.159099e-12
1.848000e+02 -1.930547e-10 -1.044668e-12
1.853867e+02 -1.745397e-10 -9.414899e-13
1.859733e+02 -1.577923e-10 -8.484671e-13
1.865600e+02 -1.426457e-10 -7.646101e-13
1.871467e+02 -1.289485e-10 -6.890237e-13
1.877333e+02 -1.165632e-10 -6.208976e-13
1.883200e+02 -1.053647e-10 -5.594980e-13
1.889067e+02 -9.523915e-11 -5.041598e-13
1.894933e+02 -8.608318e-11 -4.542808e-13
1.900800e+02 -7.780279e-11 -4.093160e-13
1.906667e+02 -7.031297e-11 -3.687743e-13
1.912533e+02 -6.353729e-11 -3.322154e-13
1.918400e+02 -5.740770e-11 -2.992478e-13
1.924267e+02 -5.186456e-11 -2.695289e-13
1.930133e+02 -4.685685e-11 -2.427648e-13
1.936000e+02 -4.234264e-11 -2.187120e-13
1.942453e+02 -3.786838e-11 -1.949513e-13
1.948907e+02 -3.386370e-11 -1.737574e-13
1.955360e+02 -3.028034e-11 -1.548581e-13
1.961813e+02 -2.707468e-11 -1.380084e-13
1.968267e+02 -2.420732e-11 -1.229880e-13
1.974720e+02 -2.164280e-11 -1.095993e-13
1.981173e+02 -1.934922e-11 -9.766546e-14
1.987627e+02 -1.729798e-11 -8.702831e-14
1.994080e+02 -1.546343e-11 -7.754670e-14
2.000533e+02 -1.382265e-11 -6.909482e-14
2.006987e+02 -1.235514e-11 -6.156063e-14
2.013440e+02 -1.104260e-11 -5.484444e-14
2.019893e+02 -9.868711e-12 -4.885759e-14
2.026347e+02 -8.818906e-12 -4.352121e-14
2.032800e+02 -7.880182e-12 -3.876516e-14
2.039253e+02 -7.040919e-12 -3.452695e-14
2.045707e+02 -6.290725e-12 -3.075087e-14
2.052160e+02 -5.620286e-12 -2.738717e-14
2.058613e+02 -5.021237e-12 -2.439136e-14
2.065067e+02 -4.486054e-12 -2.172353e-14
2.071520e+02 -4.007953e-12 -1.934789e-14
2.077973e+02 -3.580817e-12 -1.723226e-14
2.084427e+02 -3.199130e-12 -1.534777e-14
2.090880e+02 -2.857928e-12 -1.366854e-14
2.097333e+02 -2.552779e-12 -1.217155e-14
2.103787e+02 -2.279760e-12 -1.083646e-14
2.110240e+02 -2.035467e-12 -9.645668e-15
2.116693e+02 -1.817033e-12 -8.584299e-15
2.123147e+02 -1.622163e-12 -7.640372e-15
2.129600e+02 -1.449192e-12 -6.804995e-15
2.136699e+02 -1.279479e-12 -5.988112e-15
2.143797e+02 -1.129496e-12 -5.268669e-15
2.150896e+02 -9.970064e-13 -4.635308e-15
2.157995e+02 -8.800087e-13 -4.077900e-15
2.165093e+02 -7.767133e-13 -3.587436e-15
2.172192e+02 -6.855260e-13 -3.155918e-15
2.179291e+02 -6.050300e-13 -2.776270e-15
2.186389e+02 -5.339689e-13 -2.442241e-15
2.193488e+02 -4.712319e-13 -2.148322e-15
2.200587e+02 -4.158384e-13 -1.889671e-15
2.207685e+02 -3.669245e-13 -1.662033e-15
2.214784e+02 -3.237299e-13 -1.461677e-15
2.221883e+02 -2.855865e-13 -1.285336e-15
2.228981e+02 -2.519066e-13 -1.130142e-15
2.236080e+02 -2.221735e-13 -9.935847e-16
2.243179e+02 -1.959321e-13 -8.734572e-16
2.250277e+02 -1.727805e-13 -7.678185e-16
2.257376e+02 -1.523630e-13 -6.749561e-16
2.264475e+02 -1.343635e-13 -5.933540e-16
2.271573e+02 -1.185003e-13 -5.216661e-16
2.278672e+02 -1.045212e-13 -4.586937e-16
2.285771e+02 -9.220042e-14 -4.033669e-16
2.292869e+02 -8.133537e-14 -3.547318e-16
2.299968e+02 -7.174539e-14 -3.119408e-16
2.307067e+02 -6.327070e-14 -2.742474e-16
2.314165e+02 -5.577260e-14 -2.410053e-16
2.321264e+02 -4.913449e-14 -2.116713e-16
2.328363e+02 -4.326383e-14 -1.858122e-16
2.335461e+02 -3.809511e-14 -1.631160e-16
2.342560e+02 -3.359360e-14 -1.434055e-16
2.350369e+02 -2.921063e-14 -1.242811e-16
2.358177e+02 -2.539797e-14 -1.077017e-16
2.365986e+02 -2.208240e-14 -9.333280e-17
2.373794e+02 -1.919939e-14 -8.088061e-17
2.381603e+02 -1.669223e-14 -7.008820e-17
2.389411e+02 -1.451129e-14 -6.073167e-17
2.397220e+02 -1.261334e-14 -5.261653e-17
2.405028e+02 -1.096078e-14 -4.557443e-17
2.412837e+02 -9.521067e-15 -3.946005e-17
2.420645e+02 -8.266094e-15 -3.414831e-17
2.428454e+02 -7.171629e-15 -2.953167e-17
2.436262e+02 -6.216809e-15 -2.551781e-17
2.444071e+02 -5.383663e-15 -2.202744e-17
2.451879e+02 -4.656687e-15 -1.899232e-17
2.459688e+02 -4.022454e-15 -1.635351e-17
2.467497e+02 -3.469268e-15 -1.405987e-17
2.475305e+02 -2.986866e-15 -1.206666e-17
2.483114e+02 -2.566151e-15 -1.033441e-17
2.490922e+02 -2.198979e-15 -8.827972e-18
2.498731e+02 -1.877982e-15 -7.515743e-18
2.506539e+02 -1.596432e-15 -6.369068e-18
2.514348e+02 -1.348152e-15 -5.361836e-18
2.522156e+02 -1.127466e-15 -4.470245e-18
2.529965e+02 -9.291910e-16 -3.672743e-18
2.537773e+02 -7.486748e-16 -2.950125e-18
2.545582e+02 -5.818712e-16 -2.285808e-18
2.553390e+02 -4.254610e-16 -1.666259e-18
2.561199e+02 -2.770138e-16 -1.081579e-18
2.569007e+02 -1.351926e-16 -5.262445e-19
2.576816e+02 0.000000e+00
