# 
# Output from EIGENRAD program.
# 
# Eigenfunction for specific electronic state.
# The first column contains radius $r$ in bohr units.
# The second column holds value of eginefunction.
# 
# Use this file with gnuplot to create the plot.
#
0.000000e+00 0.000000e+00 -2.670714e-08
1.111111e-01 -2.380730e-08 -2.142657e-07
2.222222e-01 -2.642418e-07 -1.189088e-06
3.333333e-01 -1.296605e-06 -3.889814e-06
4.444444e-01 -4.072972e-06 -9.164187e-06
5.555556e-01 -9.873610e-06 -1.777250e-05
6.666667e-01 -2.026069e-05 -3.039104e-05
7.777778e-01 -3.703430e-05 -4.761553e-05
8.888889e-01 -6.219074e-05 -6.996458e-05
1.000000e+00 -9.788315e-05 -9.788315e-05
1.111111e+00 -1.463844e-04 -1.317460e-04
1.222222e+00 -2.100522e-04 -1.718609e-04
1.333333e+00 -2.912969e-04 -2.184727e-04
1.444444e+00 -3.925508e-04 -2.717660e-04
1.555556e+00 -5.162407e-04 -3.318690e-04
1.666667e+00 -6.647620e-04 -3.988572e-04
1.777778e+00 -8.404554e-04 -4.727561e-04
1.888889e+00 -1.045586e-03 -5.535456e-04
2.000000e+00 -1.282325e-03 -6.411624e-04
2.111111e+00 -1.552732e-03 -7.355045e-04
2.222222e+00 -1.858742e-03 -8.364337e-04
2.333333e+00 -2.202153e-03 -9.437797e-04
2.444444e+00 -2.584617e-03 -1.057343e-03
2.555556e+00 -3.007634e-03 -1.176900e-03
2.666667e+00 -3.472542e-03 -1.302203e-03
2.777778e+00 -3.980521e-03 -1.432988e-03
2.888889e+00 -4.532588e-03 -1.568973e-03
3.000000e+00 -5.129602e-03 -1.709867e-03
3.111111e+00 -5.772264e-03 -1.855370e-03
3.222222e+00 -6.461128e-03 -2.005178e-03
3.333333e+00 -7.196610e-03 -2.158983e-03
3.444444e+00 -7.978723e-03 -2.316403e-03
3.555556e+00 -8.807509e-03 -2.477112e-03
3.666667e+00 -9.682821e-03 -2.640769e-03
3.777778e+00 -1.060435e-02 -2.807033e-03
3.888889e+00 -1.157161e-02 -2.975556e-03
4.000000e+00 -1.258396e-02 -3.145991e-03
4.111111e+00 -1.364063e-02 -3.317992e-03
4.222222e+00 -1.474068e-02 -3.491214e-03
4.333333e+00 -1.588303e-02 -3.665316e-03
4.444444e+00 -1.706649e-02 -3.839960e-03
4.555556e+00 -1.828971e-02 -4.014815e-03
4.666667e+00 -1.955126e-02 -4.189555e-03
4.777778e+00 -2.084955e-02 -4.363859e-03
4.888889e+00 -2.218291e-02 -4.537413e-03
5.000000e+00 -2.354957e-02 -4.709914e-03
5.111111e+00 -2.494766e-02 -4.881063e-03
5.222222e+00 -2.637520e-02 -5.050571e-03
5.333333e+00 -2.783017e-02 -5.218156e-03
5.444444e+00 -2.931043e-02 -5.383549e-03
5.555556e+00 -3.081381e-02 -5.546485e-03
5.666667e+00 -3.233804e-02 -5.706713e-03
5.777778e+00 -3.388082e-02 -5.863989e-03
5.888889e+00 -3.543980e-02 -6.018080e-03
6.000000e+00 -3.701258e-02 -6.168763e-03
6.111111e+00 -3.859671e-02 -6.315825e-03
6.222222e+00 -4.018974e-02 -6.459065e-03
6.333333e+00 -4.178918e-02 -6.598291e-03
6.444444e+00 -4.339253e-02 -6.733324e-03
6.555556e+00 -4.499728e-02 -6.863992e-03
6.666667e+00 -4.660093e-02 -6.990139e-03
6.777778e+00 -4.820091e-02 -7.111610e-03
6.888889e+00 -4.979473e-02 -7.228268e-03
7.000000e+00 -5.137988e-02 -7.339983e-03
7.111111e+00 -5.295387e-02 -7.446637e-03
7.222222e+00 -5.451421e-02 -7.548122e-03
7.333333e+00 -5.605847e-02 -7.644337e-03
7.444444e+00 -5.758422e-02 -7.735194e-03
7.555556e+00 -5.908908e-02 -7.820613e-03
7.666667e+00 -6.057069e-02 -7.900525e-03
7.777778e+00 -6.202675e-02 -7.974867e-03
7.888889e+00 -6.345498e-02 -8.043589e-03
8.000000e+00 -6.485318e-02 -8.106648e-03
8.111111e+00 -6.621917e-02 -8.164008e-03
8.222222e+00 -6.755085e-02 -8.215644e-03
8.333333e+00 -6.884616e-02 -8.261539e-03
8.444444e+00 -7.010309e-02 -8.301682e-03
8.555556e+00 -7.131972e-02 -8.336071e-03
8.666667e+00 -7.249417e-02 -8.364712e-03
8.777778e+00 -7.362465e-02 -8.387618e-03
8.888889e+00 -7.470941e-02 -8.404809e-03
9.000000e+00 -7.574679e-02 -8.416311e-03
9.111111e+00 -7.673521e-02 -8.422157e-03
9.222222e+00 -7.767313e-02 -8.422387e-03
9.333333e+00 -7.855911e-02 -8.417048e-03
9.444444e+00 -7.939179e-02 -8.406189e-03
9.555556e+00 -8.016986e-02 -8.389870e-03
9.666667e+00 -8.089212e-02 -8.368151e-03
9.777778e+00 -8.155742e-02 -8.341100e-03
9.888889e+00 -8.216471e-02 -8.308791e-03
1.000000e+01 -8.271299e-02 -8.271299e-03
1.011111e+01 -8.320138e-02 -8.228708e-03
1.022222e+01 -8.362904e-02 -8.181102e-03
1.033333e+01 -8.399523e-02 -8.128571e-03
1.044444e+01 -8.429929e-02 -8.071209e-03
1.055556e+01 -8.454063e-02 -8.009112e-03
1.066667e+01 -8.471874e-02 -7.942382e-03
1.077778e+01 -8.483318e-02 -7.871120e-03
1.088889e+01 -8.488362e-02 -7.795434e-03
1.100000e+01 -8.486976e-02 -7.715432e-03
1.111111e+01 -8.479141e-02 -7.631227e-03
1.122222e+01 -8.464844e-02 -7.542930e-03
1.133333e+01 -8.444080e-02 -7.450659e-03
1.144444e+01 -8.416851e-02 -7.354530e-03
1.155556e+01 -8.383167e-02 -7.254664e-03
1.166667e+01 -8.343043e-02 -7.151180e-03
1.177778e+01 -8.296503e-02 -7.044201e-03
1.188889e+01 -8.243577e-02 -6.933850e-03
1.200000e+01 -8.184301e-02 -6.820251e-03
1.211111e+01 -8.118719e-02 -6.703530e-03
1.222222e+01 -8.046881e-02 -6.583812e-03
1.233333e+01 -7.968842e-02 -6.461223e-03
1.244444e+01 -7.884665e-02 -6.335891e-03
1.255556e+01 -7.794416e-02 -6.207942e-03
1.266667e+01 -7.698171e-02 -6.077503e-03
1.277778e+01 -7.596008e-02 -5.944702e-03
1.288889e+01 -7.488012e-02 -5.809664e-03
1.300000e+01 -7.374272e-02 -5.672517e-03
1.311111e+01 -7.254885e-02 -5.533387e-03
1.322222e+01 -7.129948e-02 -5.392398e-03
1.333333e+01 -6.999568e-02 -5.249676e-03
1.355556e+01 -6.722913e-02 -4.959526e-03
1.377778e+01 -6.425853e-02 -4.663926e-03
1.400000e+01 -6.109371e-02 -4.363836e-03
1.422222e+01 -5.774510e-02 -4.060202e-03
1.444444e+01 -5.422367e-02 -3.753946e-03
1.466667e+01 -5.054085e-02 -3.445967e-03
1.488889e+01 -4.670850e-02 -3.137138e-03
1.511111e+01 -4.273881e-02 -2.828303e-03
1.533333e+01 -3.864425e-02 -2.520277e-03
1.555556e+01 -3.443755e-02 -2.213842e-03
1.577778e+01 -3.013159e-02 -1.909749e-03
1.600000e+01 -2.573941e-02 -1.608713e-03
1.622222e+01 -2.127409e-02 -1.311417e-03
1.644444e+01 -1.674878e-02 -1.018507e-03
1.666667e+01 -1.217659e-02 -7.305951e-04
1.688889e+01 -7.570558e-03 -4.482567e-04
1.711111e+01 -2.943651e-03 -1.720315e-04
1.733333e+01 1.691326e-03 9.757653e-05
1.755556e+01 6.321744e-03 3.600993e-04
1.777778e+01 1.093519e-02 6.151043e-04
1.800000e+01 1.551949e-02 8.621940e-04
1.822222e+01 2.006277e-02 1.101006e-03
1.844444e+01 2.455346e-02 1.331212e-03
1.866667e+01 2.898032e-02 1.552517e-03
1.888889e+01 3.333249e-02 1.764661e-03
1.911111e+01 3.759948e-02 1.967414e-03
1.933333e+01 4.177122e-02 2.160580e-03
1.955556e+01 4.583807e-02 2.343992e-03
1.977778e+01 4.979084e-02 2.517514e-03
2.000000e+01 5.362080e-02 2.681040e-03
2.022222e+01 5.731958e-02 2.834485e-03
2.044444e+01 6.087949e-02 2.977801e-03
2.066667e+01 6.429316e-02 3.110959e-03
2.088889e+01 6.755375e-02 3.233956e-03
2.111111e+01 7.065493e-02 3.346812e-03
2.133333e+01 7.359087e-02 3.449572e-03
2.155556e+01 7.635627e-02 3.542301e-03
2.177778e+01 7.894630e-02 3.625085e-03
2.200000e+01 8.135665e-02 3.698030e-03
2.222222e+01 8.358353e-02 3.761259e-03
2.244444e+01 8.562360e-02 3.814913e-03
2.266667e+01 8.747405e-02 3.859149e-03
2.288889e+01 8.913253e-02 3.894140e-03
2.311111e+01 9.059716e-02 3.920069e-03
2.333333e+01 9.186655e-02 3.937138e-03
2.355556e+01 9.293975e-02 3.945555e-03
2.377778e+01 9.381626e-02 3.945543e-03
2.400000e+01 9.449602e-02 3.937334e-03
2.422222e+01 9.497942e-02 3.921169e-03
2.444444e+01 9.526722e-02 3.897295e-03
2.466667e+01 9.536063e-02 3.865971e-03
2.488889e+01 9.526122e-02 3.827460e-03
2.511111e+01 9.497093e-02 3.782028e-03
2.533333e+01 9.449210e-02 3.729951e-03
2.555556e+01 9.382736e-02 3.671505e-03
2.577778e+01 9.297971e-02 3.606971e-03
2.600000e+01 9.195243e-02 3.536632e-03
2.622222e+01 9.074912e-02 3.460772e-03
2.644444e+01 8.937363e-02 3.379675e-03
2.666667e+01 8.783006e-02 3.293627e-03
2.688889e+01 8.612288e-02 3.202917e-03
2.711111e+01 8.425671e-02 3.107829e-03
2.733333e+01 8.223638e-02 3.008648e-03
2.755556e+01 8.006695e-02 2.905655e-03
2.777778e+01 7.775366e-02 2.799132e-03
2.800000e+01 7.530191e-02 2.689354e-03
2.822222e+01 7.271728e-02 2.576597e-03
2.844444e+01 7.000549e-02 2.461130e-03
2.866667e+01 6.717238e-02 2.343222e-03
2.888889e+01 6.422389e-02 2.223135e-03
2.911111e+01 6.116610e-02 2.101126e-03
2.933333e+01 5.800513e-02 1.977447e-03
2.955556e+01 5.474718e-02 1.852348e-03
2.977778e+01 5.139853e-02 1.726070e-03
3.000000e+01 4.796548e-02 1.598849e-03
3.022222e+01 4.445438e-02 1.470917e-03
3.044444e+01 4.087157e-02 1.342497e-03
3.066667e+01 3.722342e-02 1.213807e-03
3.088889e+01 3.351630e-02 1.085060e-03
3.111111e+01 2.975654e-02 9.564603e-04
3.133333e+01 2.595048e-02 8.282067e-04
3.155556e+01 2.210438e-02 7.004909e-04
3.177778e+01 1.822449e-02 5.734978e-04
3.200000e+01 1.431697e-02 4.474055e-04
3.222222e+01 1.038796e-02 3.223849e-04
3.244444e+01 6.443477e-03 1.986003e-04
3.266667e+01 2.489484e-03 7.620870e-05
3.288889e+01 -1.468157e-03 -4.463990e-05
3.311111e+01 -5.423681e-03 -1.638024e-04
3.333333e+01 -9.371430e-03 -2.811429e-04
3.355556e+01 -1.330584e-02 -3.965315e-04
3.377778e+01 -1.722148e-02 -5.098465e-04
3.400000e+01 -2.111305e-02 -6.209720e-04
3.422222e+01 -2.497535e-02 -7.297993e-04
3.444444e+01 -2.880335e-02 -8.362261e-04
3.466667e+01 -3.259211e-02 -9.401570e-04
3.488889e+01 -3.633688e-02 -1.041503e-03
3.511111e+01 -4.003302e-02 -1.140181e-03
3.533333e+01 -4.367607e-02 -1.236115e-03
3.555556e+01 -4.726170e-02 -1.329235e-03
3.577778e+01 -5.078574e-02 -1.419477e-03
3.600000e+01 -5.424418e-02 -1.506783e-03
3.622222e+01 -5.763316e-02 -1.591100e-03
3.644444e+01 -6.094900e-02 -1.672381e-03
3.666667e+01 -6.418815e-02 -1.750586e-03
3.688889e+01 -6.734725e-02 -1.825678e-03
3.711111e+01 -7.042309e-02 -1.897628e-03
3.733333e+01 -7.341263e-02 -1.966410e-03
3.755556e+01 -7.631300e-02 -2.032003e-03
3.777778e+01 -7.912148e-02 -2.094392e-03
3.800000e+01 -8.183551e-02 -2.153566e-03
3.822222e+01 -8.445272e-02 -2.209519e-03
3.844444e+01 -8.697088e-02 -2.262248e-03
3.866667e+01 -8.938793e-02 -2.311757e-03
3.888889e+01 -9.170197e-02 -2.358051e-03
3.911111e+01 -9.391125e-02 -2.401140e-03
3.933333e+01 -9.601418e-02 -2.441039e-03
3.955556e+01 -9.800934e-02 -2.477764e-03
3.977778e+01 -9.989544e-02 -2.511338e-03
4.000000e+01 -1.016713e-01 -2.541783e-03
4.044444e+01 -1.048886e-01 -2.593400e-03
4.088889e+01 -1.076556e-01 -2.632881e-03
4.133333e+01 -1.099681e-01 -2.660520e-03
4.177778e+01 -1.118245e-01 -2.676650e-03
4.222222e+01 -1.132249e-01 -2.681643e-03
4.266667e+01 -1.141718e-01 -2.675901e-03
4.311111e+01 -1.146693e-01 -2.659854e-03
4.355556e+01 -1.147233e-01 -2.633953e-03
4.400000e+01 -1.143415e-01 -2.598669e-03
4.444444e+01 -1.135328e-01 -2.554488e-03
4.488889e+01 -1.123078e-01 -2.501907e-03
4.533333e+01 -1.106782e-01 -2.441430e-03
4.577778e+01 -1.086567e-01 -2.373569e-03
4.622222e+01 -1.062574e-01 -2.298838e-03
4.666667e+01 -1.034950e-01 -2.217750e-03
4.711111e+01 -1.003852e-01 -2.130818e-03
4.755556e+01 -9.694433e-02 -2.038549e-03
4.800000e+01 -9.318942e-02 -1.941446e-03
4.844444e+01 -8.913797e-02 -1.840004e-03
4.888889e+01 -8.480792e-02 -1.734707e-03
4.933333e+01 -8.021752e-02 -1.626031e-03
4.977778e+01 -7.538531e-02 -1.514437e-03
5.022222e+01 -7.032994e-02 -1.400375e-03
5.066667e+01 -6.507015e-02 -1.284279e-03
5.111111e+01 -5.962468e-02 -1.166570e-03
5.155556e+01 -5.401216e-02 -1.047650e-03
5.200000e+01 -4.825106e-02 -9.279051e-04
5.244444e+01 -4.235962e-02 -8.077046e-04
5.288889e+01 -3.635575e-02 -6.873986e-04
5.333333e+01 -3.025698e-02 -5.673183e-04
5.377778e+01 -2.408111e-02 -4.477892e-04
5.422222e+01 -1.784470e-02 -3.291031e-04
5.466667e+01 -1.156432e-02 -2.115424e-04
5.511111e+01 -5.255987e-03 -9.537074e-05
5.555556e+01 1.064808e-03 1.916654e-05
5.600000e+01 7.383140e-03 1.318418e-04
5.644444e+01 1.368466e-02 2.424448e-04
5.688889e+01 1.995562e-02 3.507824e-04
5.733333e+01 2.618287e-02 4.566779e-04
5.777778e+01 3.235387e-02 5.599709e-04
5.822222e+01 3.845673e-02 6.605164e-04
5.866667e+01 4.448017e-02 7.581847e-04
5.911111e+01 5.041355e-02 8.528607e-04
5.955556e+01 5.624687e-02 9.444436e-04
6.000000e+01 6.197077e-02 1.032846e-03
6.044444e+01 6.757655e-02 1.117994e-03
6.088889e+01 7.305611e-02 1.199827e-03
6.133333e+01 7.840200e-02 1.278294e-03
6.177778e+01 8.360740e-02 1.353357e-03
6.222222e+01 8.866609e-02 1.424991e-03
6.266667e+01 9.357246e-02 1.493178e-03
6.311111e+01 9.832150e-02 1.557911e-03
6.355556e+01 1.029087e-01 1.619193e-03
6.400000e+01 1.073303e-01 1.677036e-03
6.444444e+01 1.115829e-01 1.731458e-03
6.488889e+01 1.156635e-01 1.782486e-03
6.533333e+01 1.195700e-01 1.830153e-03
6.577778e+01 1.233004e-01 1.874500e-03
6.622222e+01 1.268534e-01 1.915571e-03
6.666667e+01 1.302278e-01 1.953417e-03
6.711111e+01 1.334234e-01 1.988097e-03
6.755556e+01 1.364400e-01 2.019671e-03
6.800000e+01 1.392779e-01 2.048205e-03
6.844444e+01 1.419378e-01 2.073766e-03
6.888889e+01 1.444206e-01 2.096428e-03
6.933333e+01 1.467277e-01 2.116265e-03
6.977778e+01 1.488607e-01 2.133354e-03
7.022222e+01 1.508217e-01 2.147777e-03
7.066667e+01 1.526127e-01 2.159613e-03
7.111111e+01 1.542363e-01 2.168947e-03
7.155556e+01 1.556951e-01 2.175863e-03
7.200000e+01 1.569920e-01 2.180445e-03
7.244444e+01 1.581303e-01 2.182780e-03
7.288889e+01 1.591130e-01 2.182953e-03
7.333333e+01 1.599438e-01 2.181051e-03
7.377778e+01 1.606261e-01 2.177161e-03
7.422222e+01 1.611637e-01 2.171367e-03
7.466667e+01 1.615605e-01 2.163756e-03
7.511111e+01 1.618203e-01 2.154413e-03
7.555556e+01 1.619473e-01 2.143420e-03
7.600000e+01 1.619455e-01 2.130862e-03
7.644444e+01 1.618191e-01 2.116820e-03
7.688889e+01 1.615724e-01 2.101375e-03
7.733333e+01 1.612095e-01 2.084605e-03
7.777778e+01 1.607347e-01 2.066589e-03
7.822222e+01 1.601524e-01 2.047403e-03
7.866667e+01 1.594668e-01 2.027120e-03
7.911111e+01 1.586822e-01 2.005815e-03
7.955556e+01 1.578030e-01 1.983557e-03
8.000000e+01 1.568333e-01 1.960416e-03
8.088889e+01 1.546402e-01 1.911761e-03
8.177778e+01 1.521346e-01 1.860342e-03
8.266667e+01 1.493499e-01 1.806652e-03
8.355556e+01 1.463180e-01 1.751146e-03
8.444444e+01 1.430695e-01 1.694244e-03
8.533333e+01 1.396336e-01 1.636331e-03
8.622222e+01 1.360382e-01 1.577762e-03
8.711111e+01 1.323095e-01 1.518859e-03
8.800000e+01 1.284724e-01 1.459914e-03
8.888889e+01 1.245503e-01 1.401190e-03
8.977778e+01 1.205649e-01 1.342926e-03
9.066667e+01 1.165367e-01 1.285331e-03
9.155556e+01 1.124845e-01 1.228593e-03
9.244444e+01 1.084258e-01 1.172875e-03
9.333333e+01 1.043764e-01 1.118319e-03
9.422222e+01 1.003509e-01 1.065045e-03
9.511111e+01 9.636247e-02 1.013157e-03
9.600000e+01 9.242280e-02 9.627375e-04
9.688889e+01 8.854241e-02 9.138552e-04
9.777778e+01 8.473052e-02 8.665621e-04
9.866667e+01 8.099515e-02 8.208968e-04
9.955556e+01 7.734324e-02 7.768852e-04
1.004444e+02 7.378064e-02 7.345418e-04
1.013333e+02 7.031227e-02 6.938710e-04
1.022222e+02 6.694213e-02 6.548687e-04
1.031111e+02 6.367348e-02 6.175230e-04
1.040000e+02 6.050886e-02 5.818160e-04
1.048889e+02 5.745026e-02 5.477249e-04
1.057778e+02 5.449919e-02 5.152234e-04
1.066667e+02 5.165682e-02 4.842827e-04
1.075556e+02 4.892180e-02 4.548515e-04
1.084444e+02 4.629443e-02 4.268954e-04
1.093333e+02 4.377384e-02 4.003704e-04
1.102222e+02 4.135878e-02 3.752309e-04
1.111111e+02 3.904773e-02 3.514296e-04
1.120000e+02 3.683886e-02 3.289184e-04
1.128889e+02 3.473010e-02 3.076486e-04
1.137778e+02 3.271919e-02 2.875710e-04
1.146667e+02 3.080367e-02 2.686367e-04
1.155556e+02 2.898093e-02 2.507965e-04
1.164444e+02 2.724823e-02 2.340020e-04
1.173333e+02 2.560276e-02 2.182054e-04
1.182222e+02 2.404161e-02 2.033595e-04
1.191111e+02 2.256182e-02 1.894182e-04
1.200000e+02 2.116040e-02 1.763366e-04
1.208889e+02 1.983435e-02 1.640709e-04
1.217778e+02 1.858067e-02 1.525785e-04
1.226667e+02 1.739637e-02 1.418183e-04
1.235556e+02 1.627852e-02 1.317506e-04
1.244444e+02 1.522419e-02 1.223372e-04
1.253333e+02 1.423054e-02 1.135415e-04
1.262222e+02 1.329476e-02 1.053282e-04
1.271111e+02 1.241413e-02 9.766359e-05
1.280000e+02 1.158598e-02 9.051551e-05
1.288889e+02 1.080775e-02 8.385321e-05
1.297778e+02 1.007690e-02 7.764736e-05
1.306667e+02 9.391014e-03 7.187001e-05
1.315556e+02 8.747718e-03 6.649448e-05
1.324444e+02 8.144715e-03 6.149533e-05
1.333333e+02 7.579767e-03 5.684825e-05
1.342222e+02 7.050902e-03 5.253155e-05
1.351111e+02 6.556074e-03 4.852357e-05
1.360000e+02 6.093351e-03 4.480405e-05
1.368889e+02 5.660887e-03 4.135389e-05
1.377778e+02 5.256924e-03 3.815509e-05
1.386667e+02 4.879784e-03 3.519075e-05
1.395556e+02 4.527873e-03 3.244495e-05
1.404444e+02 4.199671e-03 2.990272e-05
1.413333e+02 3.893738e-03 2.755004e-05
1.422222e+02 3.608705e-03 2.537371e-05
1.431111e+02 3.343273e-03 2.336138e-05
1.440000e+02 3.096212e-03 2.150147e-05
1.448889e+02 2.866359e-03 1.978315e-05
1.457778e+02 2.652612e-03 1.819627e-05
1.466667e+02 2.453932e-03 1.673135e-05
1.475556e+02 2.269337e-03 1.537954e-05
1.484444e+02 2.097903e-03 1.413258e-05
1.493333e+02 1.938759e-03 1.298276e-05
1.502222e+02 1.791085e-03 1.192291e-05
1.511111e+02 1.654111e-03 1.094632e-05
1.520000e+02 1.527113e-03 1.004679e-05
1.528889e+02 1.409411e-03 9.218531e-06
1.537778e+02 1.300369e-03 8.456156e-06
1.546667e+02 1.199389e-03 7.754671e-06
1.555556e+02 1.105912e-03 7.109434e-06
1.564444e+02 1.019413e-03 6.516133e-06
1.573333e+02 9.394001e-04 5.970764e-06
1.582222e+02 8.654130e-04 5.469605e-06
1.591111e+02 7.970190e-04 5.009198e-06
1.600000e+02 7.338119e-04 4.586325e-06
1.605333e+02 6.982274e-04 4.349423e-06
1.610667e+02 6.643011e-04 4.124386e-06
1.616000e+02 6.319597e-04 3.910642e-06
1.621333e+02 6.011329e-04 3.707645e-06
1.626667e+02 5.717531e-04 3.514876e-06
1.632000e+02 5.437559e-04 3.331838e-06
1.637333e+02 5.170793e-04 3.158057e-06
1.642667e+02 4.916638e-04 2.993083e-06
1.648000e+02 4.674527e-04 2.836485e-06
1.653333e+02 4.443916e-04 2.687852e-06
1.658667e+02 4.224282e-04 2.546794e-06
1.664000e+02 4.015126e-04 2.412936e-06
1.669333e+02 3.815971e-04 2.285925e-06
1.674667e+02 3.626359e-04 2.165421e-06
1.680000e+02 3.445853e-04 2.051103e-06
1.685333e+02 3.274033e-04 1.942662e-06
1.690667e+02 3.110501e-04 1.839807e-06
1.696000e+02 2.954871e-04 1.742259e-06
1.701333e+02 2.806779e-04 1.649752e-06
1.706667e+02 2.665873e-04 1.562035e-06
1.712000e+02 2.531819e-04 1.478866e-06
1.717333e+02 2.404297e-04 1.400017e-06
1.722667e+02 2.283000e-04 1.325271e-06
1.728000e+02 2.167637e-04 1.254420e-06
1.733333e+02 2.057928e-04 1.187266e-06
1.738667e+02 1.953606e-04 1.123623e-06
1.744000e+02 1.854417e-04 1.063313e-06
1.749333e+02 1.760117e-04 1.006164e-06
1.754667e+02 1.670474e-04 9.520180e-07
1.760000e+02 1.585267e-04 9.007199e-07
1.765867e+02 1.496410e-04 8.474080e-07
1.771733e+02 1.412394e-04 7.971819e-07
1.777600e+02 1.332965e-04 7.498680e-07
1.783467e+02 1.257882e-04 7.053018e-07
1.789333e+02 1.186915e-04 6.633281e-07
1.795200e+02 1.119845e-04 6.237998e-07
1.801067e+02 1.056466e-04 5.865780e-07
1.806933e+02 9.965808e-05 5.515316e-07
1.812800e+02 9.400027e-05 5.185363e-07
1.818667e+02 8.865549e-05 4.874752e-07
1.824533e+02 8.360695e-05 4.582375e-07
1.830400e+02 7.883874e-05 4.307186e-07
1.836267e+02 7.433575e-05 4.048200e-07
1.842133e+02 7.008367e-05 3.804484e-07
1.848000e+02 6.606894e-05 3.575159e-07
1.853867e+02 6.227870e-05 3.359395e-07
1.859733e+02 5.870076e-05 3.156407e-07
1.865600e+02 5.532357e-05 2.965457e-07
1.871467e+02 5.213619e-05 2.785847e-07
1.877333e+02 4.912825e-05 2.616917e-07
1.883200e+02 4.628992e-05 2.458046e-07
1.889067e+02 4.361189e-05 2.308648e-07
1.894933e+02 4.108535e-05 2.168169e-07
1.900800e+02 3.870196e-05 2.036088e-07
1.906667e+02 3.645380e-05 1.911913e-07
1.912533e+02 3.433341e-05 1.795180e-07
1.918400e+02 3.233370e-05 1.685451e-07
1.924267e+02 3.044798e-05 1.582316e-07
1.930133e+02 2.866995e-05 1.485387e-07
1.936000e+02 2.699364e-05 1.394300e-07
1.942453e+02 2.526036e-05 1.300436e-07
1.948907e+02 2.363609e-05 1.212787e-07
1.955360e+02 2.211416e-05 1.130951e-07
1.961813e+02 2.068830e-05 1.054550e-07
1.968267e+02 1.935257e-05 9.832291e-08
1.974720e+02 1.810142e-05 9.166576e-08
1.981173e+02 1.692961e-05 8.545245e-08
1.987627e+02 1.583222e-05 7.965391e-08
1.994080e+02 1.480463e-05 7.424291e-08
2.000533e+02 1.384249e-05 6.919400e-08
2.006987e+02 1.294172e-05 6.448335e-08
2.013440e+02 1.209849e-05 6.008867e-08
2.019893e+02 1.130921e-05 5.598913e-08
2.026347e+02 1.057049e-05 5.216524e-08
2.032800e+02 9.879160e-06 4.859878e-08
2.039253e+02 9.232252e-06 4.527271e-08
2.045707e+02 8.626969e-06 4.217109e-08
2.052160e+02 8.060688e-06 3.927904e-08
2.058613e+02 7.530949e-06 3.658263e-08
2.065067e+02 7.035440e-06 3.406883e-08
2.071520e+02 6.571993e-06 3.172546e-08
2.077973e+02 6.138571e-06 2.954114e-08
2.084427e+02 5.733264e-06 2.750523e-08
2.090880e+02 5.354279e-06 2.560778e-08
2.097333e+02 4.999936e-06 2.383949e-08
2.103787e+02 4.668659e-06 2.219170e-08
2.110240e+02 4.358975e-06 2.065630e-08
2.116693e+02 4.069504e-06 1.922576e-08
2.123147e+02 3.798961e-06 1.789307e-08
2.129600e+02 3.546148e-06 1.665171e-08
2.136699e+02 3.287135e-06 1.538418e-08
2.143797e+02 3.046744e-06 1.421190e-08
2.150896e+02 2.823665e-06 1.312785e-08
2.157995e+02 2.616675e-06 1.212549e-08
2.165093e+02 2.424635e-06 1.119876e-08
2.172192e+02 2.246483e-06 1.034201e-08
2.179291e+02 2.081230e-06 9.550036e-09
2.186389e+02 1.927957e-06 8.817994e-09
2.193488e+02 1.785806e-06 8.141400e-09
2.200587e+02 1.653983e-06 7.516101e-09
2.207685e+02 1.531747e-06 6.938250e-09
2.214784e+02 1.418411e-06 6.404287e-09
2.221883e+02 1.313336e-06 5.910916e-09
2.228981e+02 1.215928e-06 5.455086e-09
2.236080e+02 1.125637e-06 5.033974e-09
2.243179e+02 1.041949e-06 4.644966e-09
2.250277e+02 9.643884e-07 4.285642e-09
2.257376e+02 8.925131e-07 3.953763e-09
2.264475e+02 8.259115e-07 3.647254e-09
2.271573e+02 7.642012e-07 3.364193e-09
2.278672e+02 7.070266e-07 3.102801e-09
2.285771e+02 6.540571e-07 2.861429e-09
2.292869e+02 6.049852e-07 2.638551e-09
2.299968e+02 5.595252e-07 2.432752e-09
2.307067e+02 5.174118e-07 2.242726e-09
2.314165e+02 4.783990e-07 2.067264e-09
2.321264e+02 4.422592e-07 1.905252e-09
2.328363e+02 4.087824e-07 1.755665e-09
2.335461e+02 3.777755e-07 1.617563e-09
2.342560e+02 3.490623e-07 1.490089e-09
2.350369e+02 3.199102e-07 1.361107e-09
2.358177e+02 2.931071e-07 1.242939e-09
2.365986e+02 2.684627e-07 1.134676e-09
2.373794e+02 2.458008e-07 1.035476e-09
2.381603e+02 2.249584e-07 9.445673e-10
2.389411e+02 2.057850e-07 8.612371e-10
2.397220e+02 1.881414e-07 7.848315e-10
2.405028e+02 1.718991e-07 7.147490e-10
2.412837e+02 1.569397e-07 6.504366e-10
2.420645e+02 1.431537e-07 5.913865e-10
2.428454e+02 1.304400e-07 5.371318e-10
2.436262e+02 1.187052e-07 4.872432e-10
2.444071e+02 1.078632e-07 4.413261e-10
2.451879e+02 9.783416e-08 3.990170e-10
2.459688e+02 8.854404e-08 3.599808e-10
2.467497e+02 7.992425e-08 3.239082e-10
2.475305e+02 7.191091e-08 2.905133e-10
2.483114e+02 6.444449e-08 2.595310e-10
2.490922e+02 5.746927e-08 2.307149e-10
2.498731e+02 5.093300e-08 2.038355e-10
2.506539e+02 4.478644e-08 1.786784e-10
2.514348e+02 3.898310e-08 1.550426e-10
2.522156e+02 3.347882e-08 1.327389e-10
2.529965e+02 2.823158e-08 1.115888e-10
2.537773e+02 2.320118e-08 9.142338e-11
2.545582e+02 1.834906e-08 7.208200e-11
2.553390e+02 1.363811e-08 5.341179e-11
2.561199e+02 9.032526e-09 3.526679e-11
2.569007e+02 4.497664e-09 1.750740e-11
2.576816e+02 0.000000e+00
