# 
# Output from EIGENRAD program.
# 
# Eigenfunction for specific electronic state.
# The first column contains radius $r$ in bohr units.
# The second column holds value of eginefunction.
# 
# Use this file with gnuplot to create the plot.
#
0.000000e+00 0.000000e+00 1.787072e+00
6.944444e-03 1.240867e-02 1.786849e+00
1.388889e-02 2.480815e-02 1.786187e+00
2.083333e-02 3.718933e-02 1.785088e+00
2.777778e-02 4.954315e-02 1.783553e+00
3.472222e-02 6.186065e-02 1.781587e+00
4.166667e-02 7.413304e-02 1.779193e+00
4.861111e-02 8.635167e-02 1.776377e+00
5.555556e-02 9.850812e-02 1.773146e+00
6.250000e-02 1.105942e-01 1.769507e+00
6.944444e-02 1.226020e-01 1.765469e+00
7.638889e-02 1.345240e-01 1.761041e+00
8.333333e-02 1.463528e-01 1.756233e+00
9.027778e-02 1.580815e-01 1.751056e+00
9.722222e-02 1.697035e-01 1.745521e+00
1.041667e-01 1.812125e-01 1.739640e+00
1.111111e-01 1.926029e-01 1.733426e+00
1.180556e-01 2.038691e-01 1.726892e+00
1.250000e-01 2.150062e-01 1.720050e+00
1.319444e-01 2.260096e-01 1.712915e+00
1.388889e-01 2.368751e-01 1.705501e+00
1.458333e-01 2.475990e-01 1.697822e+00
1.527778e-01 2.581779e-01 1.689892e+00
1.597222e-01 2.686089e-01 1.681725e+00
1.666667e-01 2.788896e-01 1.673337e+00
1.736111e-01 2.890177e-01 1.664742e+00
1.805556e-01 2.989917e-01 1.655954e+00
1.875000e-01 3.088100e-01 1.646987e+00
1.944444e-01 3.184718e-01 1.637855e+00
2.013889e-01 3.279764e-01 1.628573e+00
2.083333e-01 3.373234e-01 1.619152e+00
2.152778e-01 3.465128e-01 1.609608e+00
2.222222e-01 3.555449e-01 1.599952e+00
2.291667e-01 3.644203e-01 1.590197e+00
2.361111e-01 3.731396e-01 1.580356e+00
2.430556e-01 3.817039e-01 1.570439e+00
2.500000e-01 3.901144e-01 1.560458e+00
2.569444e-01 3.983725e-01 1.550423e+00
2.638889e-01 4.064799e-01 1.540345e+00
2.708333e-01 4.144381e-01 1.530233e+00
2.777778e-01 4.222492e-01 1.520097e+00
2.847222e-01 4.299150e-01 1.509945e+00
2.916667e-01 4.374376e-01 1.499786e+00
2.986111e-01 4.448191e-01 1.489627e+00
3.055556e-01 4.520618e-01 1.479475e+00
3.125000e-01 4.591679e-01 1.469337e+00
3.194444e-01 4.661397e-01 1.459220e+00
3.263889e-01 4.729795e-01 1.449129e+00
3.333333e-01 4.796896e-01 1.439069e+00
3.402778e-01 4.862722e-01 1.429045e+00
3.472222e-01 4.927298e-01 1.419062e+00
3.541667e-01 4.990646e-01 1.409123e+00
3.611111e-01 5.052787e-01 1.399233e+00
3.680556e-01 5.113746e-01 1.389395e+00
3.750000e-01 5.173542e-01 1.379611e+00
3.819444e-01 5.232198e-01 1.369884e+00
3.888889e-01 5.289734e-01 1.360217e+00
3.958333e-01 5.346170e-01 1.350611e+00
4.027778e-01 5.401525e-01 1.341068e+00
4.097222e-01 5.455820e-01 1.331590e+00
4.166667e-01 5.509072e-01 1.322177e+00
4.305556e-01 5.612518e-01 1.303553e+00
4.444444e-01 5.712000e-01 1.285200e+00
4.583333e-01 5.807644e-01 1.267122e+00
4.722222e-01 5.899566e-01 1.249320e+00
4.861111e-01 5.987873e-01 1.231791e+00
5.000000e-01 6.072666e-01 1.214533e+00
5.138889e-01 6.154038e-01 1.197543e+00
5.277778e-01 6.232076e-01 1.180814e+00
5.416667e-01 6.306861e-01 1.164344e+00
5.555556e-01 6.378472e-01 1.148125e+00
5.694444e-01 6.446981e-01 1.132153e+00
5.833333e-01 6.512459e-01 1.116422e+00
5.972222e-01 6.574972e-01 1.100926e+00
6.111111e-01 6.634586e-01 1.085660e+00
6.250000e-01 6.691363e-01 1.070618e+00
6.388889e-01 6.745364e-01 1.055796e+00
6.527778e-01 6.796649e-01 1.041189e+00
6.666667e-01 6.845278e-01 1.026792e+00
6.805556e-01 6.891308e-01 1.012600e+00
6.944444e-01 6.934796e-01 9.986107e-01
7.083333e-01 6.975801e-01 9.848189e-01
7.222222e-01 7.014377e-01 9.712214e-01
7.361111e-01 7.050581e-01 9.578147e-01
7.500000e-01 7.084468e-01 9.445957e-01
7.638889e-01 7.116093e-01 9.315613e-01
7.777778e-01 7.145510e-01 9.187085e-01
7.916667e-01 7.172772e-01 9.060344e-01
8.055556e-01 7.197931e-01 8.935363e-01
8.194444e-01 7.221037e-01 8.812112e-01
8.333333e-01 7.242137e-01 8.690564e-01
8.611111e-01 7.278536e-01 8.452493e-01
8.888889e-01 7.307513e-01 8.220952e-01
9.166667e-01 7.329447e-01 7.995760e-01
9.444444e-01 7.344699e-01 7.776740e-01
9.722222e-01 7.353617e-01 7.563721e-01
1.000000e+00 7.356537e-01 7.356537e-01
1.027778e+00 7.353780e-01 7.155029e-01
1.055556e+00 7.345654e-01 6.959041e-01
1.083333e+00 7.332455e-01 6.768420e-01
1.111111e+00 7.314467e-01 6.583020e-01
1.138889e+00 7.291962e-01 6.402698e-01
1.166667e+00 7.265201e-01 6.227315e-01
1.194444e+00 7.234434e-01 6.056735e-01
1.222222e+00 7.199901e-01 5.890828e-01
1.250000e+00 7.161831e-01 5.729465e-01
1.277778e+00 7.120444e-01 5.572522e-01
1.305556e+00 7.075951e-01 5.419877e-01
1.333333e+00 7.028552e-01 5.271414e-01
1.361111e+00 6.978441e-01 5.127018e-01
1.388889e+00 6.925801e-01 4.986576e-01
1.416667e+00 6.870808e-01 4.849982e-01
1.444444e+00 6.813631e-01 4.717129e-01
1.472222e+00 6.754430e-01 4.587915e-01
1.500000e+00 6.693360e-01 4.462240e-01
1.527778e+00 6.630568e-01 4.340008e-01
1.555556e+00 6.566192e-01 4.221123e-01
1.583333e+00 6.500368e-01 4.105495e-01
1.611111e+00 6.433223e-01 3.993035e-01
1.638889e+00 6.364878e-01 3.883654e-01
1.666667e+00 6.295451e-01 3.777271e-01
1.722222e+00 6.153778e-01 3.573161e-01
1.777778e+00 6.009043e-01 3.380086e-01
1.833333e+00 5.861983e-01 3.197445e-01
1.888889e+00 5.713270e-01 3.024672e-01
1.944444e+00 5.563510e-01 2.861234e-01
2.000000e+00 5.413249e-01 2.706624e-01
2.055556e+00 5.262980e-01 2.560369e-01
2.111111e+00 5.113143e-01 2.422015e-01
2.166667e+00 4.964132e-01 2.291138e-01
2.222222e+00 4.816295e-01 2.167333e-01
2.277778e+00 4.669941e-01 2.050218e-01
2.333333e+00 4.525343e-01 1.939433e-01
2.388889e+00 4.382738e-01 1.834634e-01
2.444444e+00 4.242332e-01 1.735499e-01
2.500000e+00 4.104304e-01 1.641722e-01
2.555556e+00 3.968806e-01 1.553011e-01
2.611111e+00 3.835967e-01 1.469094e-01
2.666667e+00 3.705894e-01 1.389710e-01
2.722222e+00 3.578676e-01 1.314616e-01
2.777778e+00 3.454384e-01 1.243578e-01
2.833333e+00 3.333073e-01 1.176379e-01
2.888889e+00 3.214785e-01 1.112810e-01
2.944444e+00 3.099548e-01 1.052677e-01
3.000000e+00 2.987378e-01 9.957928e-02
3.055556e+00 2.878283e-01 9.419834e-02
3.111111e+00 2.772257e-01 8.910826e-02
3.166667e+00 2.669288e-01 8.429329e-02
3.222222e+00 2.569353e-01 7.973854e-02
3.277778e+00 2.472423e-01 7.542984e-02
3.333333e+00 2.378457e-01 7.135372e-02
3.388889e+00 2.287432e-01 6.749799e-02
3.444444e+00 2.199300e-01 6.385064e-02
3.500000e+00 2.114014e-01 6.040040e-02
3.555556e+00 2.031523e-01 5.713659e-02
3.611111e+00 1.951774e-01 5.404913e-02
3.666667e+00 1.874711e-01 5.112849e-02
3.722222e+00 1.800278e-01 4.836567e-02
3.777778e+00 1.728414e-01 4.575214e-02
3.833333e+00 1.659060e-01 4.327984e-02
3.888889e+00 1.592155e-01 4.094113e-02
3.944444e+00 1.527636e-01 3.872880e-02
4.000000e+00 1.465441e-01 3.663603e-02
4.055556e+00 1.405507e-01 3.465635e-02
4.111111e+00 1.347772e-01 3.278364e-02
4.166667e+00 1.292172e-01 3.101213e-02
4.222222e+00 1.238646e-01 2.933635e-02
4.277778e+00 1.187131e-01 2.775112e-02
4.333333e+00 1.137567e-01 2.625155e-02
4.388889e+00 1.089893e-01 2.483300e-02
4.444444e+00 1.044049e-01 2.349110e-02
4.500000e+00 9.999769e-02 2.222171e-02
4.555556e+00 9.576192e-02 2.102091e-02
4.611111e+00 9.169192e-02 1.988500e-02
4.666667e+00 8.778218e-02 1.881047e-02
4.722222e+00 8.402725e-02 1.779401e-02
4.777778e+00 8.042184e-02 1.683248e-02
4.833333e+00 7.696076e-02 1.592291e-02
4.888889e+00 7.363891e-02 1.506250e-02
4.944444e+00 7.045131e-02 1.424858e-02
5.000000e+00 6.739309e-02 1.347862e-02
5.055556e+00 6.445973e-02 1.275028e-02
5.111111e+00 6.164660e-02 1.206129e-02
5.166667e+00 5.894928e-02 1.140954e-02
5.222222e+00 5.636346e-02 1.079300e-02
5.277778e+00 5.388497e-02 1.020978e-02
5.333333e+00 5.150975e-02 9.658078e-03
5.388889e+00 4.923388e-02 9.136185e-03
5.444444e+00 4.705357e-02 8.642493e-03
5.500000e+00 4.496513e-02 8.175478e-03
5.555556e+00 4.296500e-02 7.733700e-03
5.611111e+00 4.104974e-02 7.315795e-03
5.666667e+00 3.921601e-02 6.920471e-03
5.722222e+00 3.746059e-02 6.546511e-03
5.777778e+00 3.578038e-02 6.192758e-03
5.833333e+00 3.417237e-02 5.858121e-03
5.888889e+00 3.263367e-02 5.541566e-03
5.944444e+00 3.116148e-02 5.242118e-03
6.000000e+00 2.975310e-02 4.958850e-03
6.055556e+00 2.840594e-02 4.690889e-03
6.111111e+00 2.711749e-02 4.437407e-03
6.166667e+00 2.588534e-02 4.197622e-03
6.222222e+00 2.470717e-02 3.970795e-03
6.277778e+00 2.358074e-02 3.756224e-03
6.333333e+00 2.250391e-02 3.553249e-03
6.388889e+00 2.147460e-02 3.361242e-03
6.444444e+00 2.049082e-02 3.179611e-03
6.500000e+00 1.955066e-02 3.007795e-03
6.555556e+00 1.865228e-02 2.845263e-03
6.611111e+00 1.779390e-02 2.691514e-03
6.666667e+00 1.697381e-02 2.546072e-03
6.777778e+00 1.544216e-02 2.278351e-03
6.888889e+00 1.404486e-02 2.038770e-03
7.000000e+00 1.277064e-02 1.824377e-03
7.111111e+00 1.160910e-02 1.632530e-03
7.222222e+00 1.055065e-02 1.460859e-03
7.333333e+00 9.586456e-03 1.307244e-03
7.444444e+00 8.708402e-03 1.169785e-03
7.555556e+00 7.909026e-03 1.046783e-03
7.666667e+00 7.181483e-03 9.367151e-04
7.777778e+00 6.519493e-03 8.382206e-04
7.888889e+00 5.917308e-03 7.500813e-04
8.000000e+00 5.369664e-03 6.712080e-04
8.111111e+00 4.871746e-03 6.006262e-04
8.222222e+00 4.419153e-03 5.374645e-04
8.333333e+00 4.007861e-03 4.809433e-04
8.444444e+00 3.634194e-03 4.303651e-04
8.555556e+00 3.294796e-03 3.851060e-04
8.666667e+00 2.986598e-03 3.446075e-04
8.777778e+00 2.706799e-03 3.083695e-04
8.888889e+00 2.452838e-03 2.759442e-04
9.000000e+00 2.222375e-03 2.469306e-04
9.111111e+00 2.013274e-03 2.209691e-04
9.222222e+00 1.823584e-03 1.977380e-04
9.333333e+00 1.651522e-03 1.769488e-04
9.444444e+00 1.495468e-03 1.583436e-04
9.555556e+00 1.353946e-03 1.416920e-04
9.666667e+00 1.225622e-03 1.267885e-04
9.777778e+00 1.109296e-03 1.134507e-04
9.888889e+00 1.003897e-03 1.015176e-04
1.000000e+01 9.084819e-04 9.084819e-05
1.011111e+01 8.219932e-04 8.129603e-05
1.022222e+01 7.436360e-04 7.274700e-05
1.033333e+01 6.726643e-04 6.509655e-05
1.044444e+01 6.083962e-04 5.825070e-05
1.055556e+01 5.502092e-04 5.212508e-05
1.066667e+01 4.975357e-04 4.664397e-05
1.077778e+01 4.498594e-04 4.173953e-05
1.088889e+01 4.067107e-04 3.735099e-05
1.100000e+01 3.676633e-04 3.342393e-05
1.111111e+01 3.323303e-04 2.990973e-05
1.122222e+01 3.003613e-04 2.676487e-05
1.133333e+01 2.714388e-04 2.395048e-05
1.144444e+01 2.452751e-04 2.143181e-05
1.155556e+01 2.216102e-04 1.917780e-05
1.166667e+01 2.002083e-04 1.716071e-05
1.177778e+01 1.808560e-04 1.535570e-05
1.188889e+01 1.633601e-04 1.374057e-05
1.200000e+01 1.475450e-04 1.229541e-05
1.211111e+01 1.332515e-04 1.100242e-05
1.222222e+01 1.203351e-04 9.845597e-06
1.233333e+01 1.086641e-04 8.810605e-06
1.244444e+01 9.811903e-05 7.884565e-06
1.255556e+01 8.859104e-05 7.055923e-06
1.266667e+01 7.998139e-05 6.314321e-06
1.277778e+01 7.220074e-05 5.650493e-06
1.288889e+01 6.516864e-05 5.056188e-06
1.300000e+01 5.881334e-05 4.524103e-06
1.311111e+01 5.307170e-05 4.047842e-06
1.322222e+01 4.788934e-05 3.621883e-06
1.333333e+01 4.322097e-05 3.241573e-06
1.355556e+01 3.521066e-05 2.597508e-06
1.377778e+01 2.864857e-05 2.079331e-06
1.400000e+01 2.329088e-05 1.663635e-06
1.422222e+01 1.892878e-05 1.330930e-06
1.444444e+01 1.538473e-05 1.065097e-06
1.466667e+01 1.250900e-05 8.528866e-07
1.488889e+01 1.017645e-05 6.834931e-07
1.511111e+01 8.283408e-06 5.481667e-07
1.533333e+01 6.744849e-06 4.398815e-07
1.555556e+01 5.491753e-06 3.530412e-07
1.577778e+01 4.468656e-06 2.832247e-07
1.600000e+01 3.631430e-06 2.269644e-07
1.622222e+01 2.945253e-06 1.815567e-07
1.644444e+01 2.382799e-06 1.449000e-07
1.666667e+01 1.922631e-06 1.153579e-07
1.688889e+01 1.547797e-06 9.164588e-08
1.711111e+01 1.244642e-06 7.273883e-08
1.733333e+01 1.001821e-06 5.779736e-08
1.755556e+01 8.095211e-07 4.611196e-08
1.777778e+01 6.588928e-07 3.706272e-08
1.800000e+01 5.416861e-07 3.009367e-08
1.822222e+01 4.500962e-07 2.470040e-08
1.844444e+01 3.768152e-07 2.042974e-08
1.866667e+01 3.152921e-07 1.689065e-08
1.888889e+01 2.601997e-07 1.377528e-08
1.911111e+01 2.081093e-07 1.088944e-08
1.933333e+01 1.583729e-07 8.191703e-09
1.955556e+01 1.142124e-07 5.840409e-09
1.977778e+01 8.401675e-08 4.248038e-09
2.000000e+01 8.284599e-08 4.142300e-09
2.022222e+01 6.713160e-08 3.319694e-09
2.044444e+01 5.432707e-08 2.657302e-09
2.066667e+01 4.393156e-08 2.125720e-09
2.088889e+01 3.551739e-08 1.700301e-09
2.111111e+01 2.872226e-08 1.360528e-09
2.133333e+01 2.324185e-08 1.089462e-09
2.155556e+01 1.882294e-08 8.732291e-10
2.177778e+01 1.525690e-08 7.005719e-10
2.200000e+01 1.237369e-08 5.624403e-10
2.222222e+01 1.003624e-08 4.516307e-10
2.244444e+01 8.135338e-09 3.624656e-10
2.266667e+01 6.584915e-09 2.905110e-10
2.288889e+01 5.317792e-09 2.323307e-10
2.311111e+01 4.281873e-09 1.852733e-10
2.333333e+01 3.436778e-09 1.472905e-10
2.355556e+01 2.750923e-09 1.167845e-10
2.377778e+01 2.199044e-09 9.248316e-11
2.400000e+01 1.760161e-09 7.334005e-11
2.422222e+01 1.415993e-09 5.845842e-11
2.444444e+01 1.149811e-09 4.703772e-11
2.466667e+01 9.457412e-10 3.834086e-11
2.488889e+01 7.885076e-10 3.168111e-11
2.511111e+01 6.636214e-10 2.642740e-11
2.533333e+01 5.580142e-10 2.202687e-11
2.555556e+01 4.611151e-10 1.804364e-11
2.577778e+01 3.663731e-10 1.421275e-11
2.600000e+01 2.732224e-10 1.050856e-11
2.622222e+01 1.894932e-10 7.226436e-12
2.644444e+01 1.342660e-10 5.077286e-12
2.666667e+01 1.411708e-10 5.293906e-12
2.711111e+01 9.386392e-11 3.462194e-12
2.755556e+01 6.085075e-11 2.208293e-12
2.800000e+01 3.852888e-11 1.376031e-12
2.844444e+01 2.398950e-11 8.433808e-13
2.888889e+01 1.492767e-11 5.167271e-13
2.933333e+01 9.558388e-12 3.258541e-13
2.977778e+01 6.538487e-12 2.195760e-13
3.022222e+01 4.894430e-12 1.619480e-13
3.066667e+01 3.955905e-12 1.289969e-13
3.111111e+01 3.295280e-12 1.059197e-13
3.155556e+01 2.672894e-12 8.470440e-14
3.200000e+01 1.988200e-12 6.213126e-14
3.244444e+01 1.236745e-12 3.811884e-14
3.288889e+01 4.729932e-13 1.438155e-14
3.333333e+01 -2.209994e-13 -6.629981e-15
3.377778e+01 -7.610776e-13 -2.253190e-14
3.422222e+01 -1.080629e-12 -3.157683e-14
3.466667e+01 -1.144386e-12 -3.301114e-14
3.511111e+01 -9.563816e-13 -2.723872e-14
3.555556e+01 -5.620633e-13 -1.580803e-14
3.600000e+01 -4.456470e-14 -1.237908e-15
3.644444e+01 4.848686e-13 1.330432e-14
3.688889e+01 9.022954e-13 2.445981e-14
3.733333e+01 1.092339e-12 2.925908e-14
3.777778e+01 9.752911e-13 2.581653e-14
3.822222e+01 5.400576e-13 1.412941e-14
3.866667e+01 -1.170496e-13 -3.027144e-15
3.911111e+01 -7.476794e-13 -1.911680e-14
3.955556e+01 -9.009640e-13 -2.277718e-14
4.000000e+01 1.328018e-13 3.320045e-15
4.044444e+01 8.790757e-14 2.173539e-15
4.088889e+01 5.667285e-14 1.386021e-15
4.133333e+01 3.563761e-14 8.622001e-16
4.177778e+01 2.201040e-14 5.268446e-16
4.222222e+01 1.358161e-14 3.216696e-16
4.266667e+01 8.642359e-15 2.025553e-16
4.311111e+01 5.909108e-15 1.370669e-16
4.355556e+01 4.453851e-15 1.022568e-16
4.400000e+01 3.640021e-15 8.272774e-17
4.444444e+01 3.064024e-15 6.894054e-17
4.488889e+01 2.502447e-15 5.574757e-17
4.533333e+01 1.864905e-15 4.113761e-17
4.577778e+01 1.152563e-15 2.517734e-17
4.622222e+01 4.222985e-16 9.136266e-18
4.666667e+01 -2.434658e-16 -5.217124e-18
4.711111e+01 -7.612812e-16 -1.615927e-17
4.755556e+01 -1.065531e-15 -2.240603e-17
4.800000e+01 -1.121633e-15 -2.336736e-17
4.844444e+01 -9.335856e-16 -1.927126e-17
4.888889e+01 -5.458545e-16 -1.116521e-17
4.933333e+01 -3.960675e-17 -8.028395e-19
4.977778e+01 4.767160e-16 9.576883e-18
5.022222e+01 8.824789e-16 1.757148e-17
5.066667e+01 1.065593e-15 2.103145e-17
5.111111e+01 9.489125e-16 1.856568e-17
5.155556e+01 5.222838e-16 1.013051e-17
5.200000e+01 -1.197409e-16 -2.302710e-18
5.244444e+01 -7.345394e-16 -1.400605e-17
5.288889e+01 -8.823954e-16 -1.668395e-17
5.333333e+01 1.281814e-16 2.403401e-18
5.422222e+01 6.546379e-17 1.207324e-18
5.511111e+01 2.739374e-17 4.970638e-19
5.600000e+01 6.564419e-18 1.172218e-19
5.688889e+01 -2.824327e-18 -4.964637e-20
5.777778e+01 -5.192044e-18 -8.986230e-20
5.866667e+01 -3.788089e-18 -6.456970e-20
5.955556e+01 -8.864016e-19 -1.488361e-20
6.044444e+01 2.035367e-18 3.367336e-20
6.133333e+01 4.132363e-18 6.737548e-20
6.222222e+01 5.044672e-18 8.107509e-20
6.311111e+01 4.765119e-18 7.550365e-20
6.400000e+01 3.522686e-18 5.504197e-20
6.488889e+01 1.681588e-18 2.591488e-20
6.577778e+01 -3.440225e-19 -5.230072e-21
6.666667e+01 -2.159704e-18 -3.239556e-20
6.755556e+01 -3.444740e-18 -5.099121e-20
6.844444e+01 -3.990505e-18 -5.830283e-20
6.933333e+01 -3.723204e-18 -5.370005e-20
7.022222e+01 -2.710954e-18 -3.860536e-20
7.111111e+01 -1.155245e-18 -1.624563e-20
7.200000e+01 6.332581e-19 8.795252e-21
7.288889e+01 2.274538e-18 3.120556e-20
7.377778e+01 3.374697e-18 4.574138e-20
7.466667e+01 3.597066e-18 4.817499e-20
7.555556e+01 2.748950e-18 3.638316e-20
7.644444e+01 8.840222e-19 1.156424e-20
7.733333e+01 -1.579650e-18 -2.042650e-20
7.822222e+01 -3.725934e-18 -4.763268e-20
7.911111e+01 -3.991327e-18 -5.045216e-20
8.000000e+01 -2.381530e-32
