# 
# Output from EIGENRAD program.
# 
# Eigenfunction for specific electronic state.
# The first column contains radius $r$ in bohr units.
# The second column holds value of eginefunction.
# 
# Use this file with gnuplot to create the plot.
#
0.000000e+00 0.000000e+00 -3.437581e-01
6.944444e-03 -2.386893e-03 -3.437127e-01
1.388889e-02 -4.771917e-03 -3.435780e-01
2.083333e-02 -7.153214e-03 -3.433543e-01
2.777778e-02 -9.528943e-03 -3.430419e-01
3.472222e-02 -1.189728e-02 -3.426416e-01
4.166667e-02 -1.425643e-02 -3.421543e-01
4.861111e-02 -1.660463e-02 -3.415809e-01
5.555556e-02 -1.894016e-02 -3.409229e-01
6.250000e-02 -2.126135e-02 -3.401817e-01
6.944444e-02 -2.356659e-02 -3.393589e-01
7.638889e-02 -2.585431e-02 -3.384564e-01
8.333333e-02 -2.812301e-02 -3.374761e-01
9.027778e-02 -3.037127e-02 -3.364203e-01
9.722222e-02 -3.259774e-02 -3.352910e-01
1.041667e-01 -3.480112e-02 -3.340907e-01
1.111111e-01 -3.698020e-02 -3.328218e-01
1.180556e-01 -3.913387e-02 -3.314869e-01
1.250000e-01 -4.126108e-02 -3.300886e-01
1.319444e-01 -4.336085e-02 -3.286296e-01
1.388889e-01 -4.543232e-02 -3.271127e-01
1.458333e-01 -4.747467e-02 -3.255406e-01
1.527778e-01 -4.948719e-02 -3.239161e-01
1.597222e-01 -5.146925e-02 -3.222422e-01
1.666667e-01 -5.342028e-02 -3.205217e-01
1.736111e-01 -5.533982e-02 -3.187573e-01
1.805556e-01 -5.722745e-02 -3.169520e-01
1.875000e-01 -5.908286e-02 -3.151086e-01
1.944444e-01 -6.090578e-02 -3.132297e-01
2.013889e-01 -6.269602e-02 -3.113182e-01
2.083333e-01 -6.445345e-02 -3.093766e-01
2.152778e-01 -6.617801e-02 -3.074075e-01
2.222222e-01 -6.786968e-02 -3.054136e-01
2.291667e-01 -6.952853e-02 -3.033972e-01
2.361111e-01 -7.115462e-02 -3.013608e-01
2.430556e-01 -7.274811e-02 -2.993065e-01
2.500000e-01 -7.430917e-02 -2.972367e-01
2.569444e-01 -7.583802e-02 -2.951534e-01
2.638889e-01 -7.733491e-02 -2.930586e-01
2.708333e-01 -7.880012e-02 -2.909543e-01
2.777778e-01 -8.023397e-02 -2.888423e-01
2.847222e-01 -8.163678e-02 -2.867243e-01
2.916667e-01 -8.300890e-02 -2.846019e-01
2.986111e-01 -8.435069e-02 -2.824767e-01
3.055556e-01 -8.566254e-02 -2.803501e-01
3.125000e-01 -8.694483e-02 -2.782235e-01
3.194444e-01 -8.819797e-02 -2.760980e-01
3.263889e-01 -8.942234e-02 -2.739748e-01
3.333333e-01 -9.061836e-02 -2.718551e-01
3.402778e-01 -9.178643e-02 -2.697397e-01
3.472222e-01 -9.292695e-02 -2.676296e-01
3.541667e-01 -9.404032e-02 -2.655256e-01
3.611111e-01 -9.512695e-02 -2.634285e-01
3.680556e-01 -9.618721e-02 -2.613388e-01
3.750000e-01 -9.722150e-02 -2.592573e-01
3.819444e-01 -9.823019e-02 -2.571845e-01
3.888889e-01 -9.921364e-02 -2.551208e-01
3.958333e-01 -1.001722e-01 -2.530666e-01
4.027778e-01 -1.011062e-01 -2.510224e-01
4.097222e-01 -1.020161e-01 -2.489884e-01
4.166667e-01 -1.029021e-01 -2.469650e-01
4.305556e-01 -1.046036e-01 -2.429504e-01
4.444444e-01 -1.062134e-01 -2.389801e-01
4.583333e-01 -1.077336e-01 -2.350551e-01
4.722222e-01 -1.091663e-01 -2.311756e-01
4.861111e-01 -1.105133e-01 -2.273417e-01
5.000000e-01 -1.117766e-01 -2.235532e-01
5.138889e-01 -1.129577e-01 -2.198097e-01
5.277778e-01 -1.140583e-01 -2.161105e-01
5.416667e-01 -1.150798e-01 -2.124550e-01
5.555556e-01 -1.160236e-01 -2.088425e-01
5.694444e-01 -1.168912e-01 -2.052723e-01
5.833333e-01 -1.176837e-01 -2.017435e-01
5.972222e-01 -1.184025e-01 -1.982553e-01
6.111111e-01 -1.190487e-01 -1.948070e-01
6.250000e-01 -1.196237e-01 -1.913979e-01
6.388889e-01 -1.201285e-01 -1.880272e-01
6.527778e-01 -1.205644e-01 -1.846944e-01
6.666667e-01 -1.209325e-01 -1.813987e-01
6.805556e-01 -1.212339e-01 -1.781396e-01
6.944444e-01 -1.214698e-01 -1.749165e-01
7.083333e-01 -1.216414e-01 -1.717290e-01
7.222222e-01 -1.217498e-01 -1.685766e-01
7.361111e-01 -1.217961e-01 -1.654589e-01
7.500000e-01 -1.217816e-01 -1.623754e-01
7.638889e-01 -1.217072e-01 -1.593258e-01
7.777778e-01 -1.215743e-01 -1.563098e-01
7.916667e-01 -1.213838e-01 -1.533270e-01
8.055556e-01 -1.211370e-01 -1.503770e-01
8.194444e-01 -1.208348e-01 -1.474594e-01
8.333333e-01 -1.204783e-01 -1.445740e-01
8.611111e-01 -1.196072e-01 -1.388987e-01
8.888889e-01 -1.185321e-01 -1.333486e-01
9.166667e-01 -1.172615e-01 -1.279216e-01
9.444444e-01 -1.158035e-01 -1.226155e-01
9.722222e-01 -1.141663e-01 -1.174282e-01
1.000000e+00 -1.123576e-01 -1.123576e-01
1.027778e+00 -1.103852e-01 -1.074019e-01
1.055556e+00 -1.082565e-01 -1.025588e-01
1.083333e+00 -1.059788e-01 -9.782663e-02
1.111111e+00 -1.035592e-01 -9.320332e-02
1.138889e+00 -1.010047e-01 -8.868703e-02
1.166667e+00 -9.832188e-02 -8.427590e-02
1.194444e+00 -9.551745e-02 -7.996810e-02
1.222222e+00 -9.259778e-02 -7.576182e-02
1.250000e+00 -8.956912e-02 -7.165530e-02
1.277778e+00 -8.643755e-02 -6.764678e-02
1.305556e+00 -8.320898e-02 -6.373454e-02
1.333333e+00 -7.988919e-02 -5.991689e-02
1.361111e+00 -7.648377e-02 -5.619216e-02
1.388889e+00 -7.299818e-02 -5.255869e-02
1.416667e+00 -6.943773e-02 -4.901487e-02
1.444444e+00 -6.580758e-02 -4.555910e-02
1.472222e+00 -6.211276e-02 -4.218980e-02
1.500000e+00 -5.835814e-02 -3.890542e-02
1.527778e+00 -5.454846e-02 -3.570445e-02
1.555556e+00 -5.068835e-02 -3.258537e-02
1.583333e+00 -4.678229e-02 -2.954671e-02
1.611111e+00 -4.283462e-02 -2.658701e-02
1.638889e+00 -3.884960e-02 -2.370484e-02
1.666667e+00 -3.483133e-02 -2.089880e-02
1.722222e+00 -2.671078e-02 -1.550949e-02
1.777778e+00 -1.850355e-02 -1.040824e-02
1.833333e+00 -1.023828e-02 -5.584514e-03
1.888889e+00 -1.941901e-03 -1.028065e-03
1.944444e+00 6.360300e-03 3.271011e-03
2.000000e+00 1.464463e-02 7.322315e-03
2.055556e+00 2.288891e-02 1.113515e-02
2.111111e+00 3.107243e-02 1.471852e-02
2.166667e+00 3.917586e-02 1.808117e-02
2.222222e+00 4.718122e-02 2.123155e-02
2.277778e+00 5.507179e-02 2.417786e-02
2.333333e+00 6.283209e-02 2.692804e-02
2.388889e+00 7.044780e-02 2.948978e-02
2.444444e+00 7.790571e-02 3.187052e-02
2.500000e+00 8.519369e-02 3.407748e-02
2.555556e+00 9.230062e-02 3.611763e-02
2.611111e+00 9.921633e-02 3.799774e-02
2.666667e+00 1.059316e-01 3.972435e-02
2.722222e+00 1.124380e-01 4.130377e-02
2.777778e+00 1.187282e-01 4.274214e-02
2.833333e+00 1.247952e-01 4.404538e-02
2.888889e+00 1.306333e-01 4.521922e-02
2.944444e+00 1.362371e-01 4.626919e-02
3.000000e+00 1.416020e-01 4.720067e-02
3.055556e+00 1.467242e-01 4.801882e-02
3.111111e+00 1.516003e-01 4.872866e-02
3.166667e+00 1.562276e-01 4.933504e-02
3.222222e+00 1.606040e-01 4.984264e-02
3.277778e+00 1.647279e-01 5.025598e-02
3.333333e+00 1.685982e-01 5.057945e-02
3.388889e+00 1.722140e-01 5.081725e-02
3.444444e+00 1.755752e-01 5.097346e-02
3.500000e+00 1.786821e-01 5.105202e-02
3.555556e+00 1.815351e-01 5.105674e-02
3.611111e+00 1.841352e-01 5.099129e-02
3.666667e+00 1.864838e-01 5.085921e-02
3.722222e+00 1.885823e-01 5.066391e-02
3.777778e+00 1.904329e-01 5.040870e-02
3.833333e+00 1.920376e-01 5.009676e-02
3.888889e+00 1.933989e-01 4.973115e-02
3.944444e+00 1.945196e-01 4.931483e-02
4.000000e+00 1.954026e-01 4.885066e-02
4.055556e+00 1.960511e-01 4.834137e-02
4.111111e+00 1.964684e-01 4.778962e-02
4.166667e+00 1.966582e-01 4.719796e-02
4.222222e+00 1.966240e-01 4.656884e-02
4.277778e+00 1.963698e-01 4.590463e-02
4.333333e+00 1.958996e-01 4.520760e-02
4.388889e+00 1.952175e-01 4.447994e-02
4.444444e+00 1.943279e-01 4.372377e-02
4.500000e+00 1.932349e-01 4.294110e-02
4.555556e+00 1.919432e-01 4.213388e-02
4.611111e+00 1.904573e-01 4.130399e-02
4.666667e+00 1.887817e-01 4.045321e-02
4.722222e+00 1.869211e-01 3.958329e-02
4.777778e+00 1.848803e-01 3.869587e-02
4.833333e+00 1.826640e-01 3.779255e-02
4.888889e+00 1.802771e-01 3.687485e-02
4.944444e+00 1.777244e-01 3.594425e-02
5.000000e+00 1.750107e-01 3.500214e-02
5.055556e+00 1.721410e-01 3.404988e-02
5.111111e+00 1.691202e-01 3.308874e-02
5.166667e+00 1.659531e-01 3.211996e-02
5.222222e+00 1.626447e-01 3.114472e-02
5.277778e+00 1.591997e-01 3.016416e-02
5.333333e+00 1.556232e-01 2.917935e-02
5.388889e+00 1.519199e-01 2.819133e-02
5.444444e+00 1.480947e-01 2.720107e-02
5.500000e+00 1.441524e-01 2.620953e-02
5.555556e+00 1.400977e-01 2.521759e-02
5.611111e+00 1.359354e-01 2.422612e-02
5.666667e+00 1.316702e-01 2.323592e-02
5.722222e+00 1.273067e-01 2.224777e-02
5.777778e+00 1.228495e-01 2.126241e-02
5.833333e+00 1.183032e-01 2.028054e-02
5.888889e+00 1.136722e-01 1.930283e-02
5.944444e+00 1.089611e-01 1.832991e-02
6.000000e+00 1.041742e-01 1.736237e-02
6.055556e+00 9.931586e-02 1.640078e-02
6.111111e+00 9.439032e-02 1.544569e-02
6.166667e+00 8.940180e-02 1.449759e-02
6.222222e+00 8.435445e-02 1.355696e-02
6.277778e+00 7.925233e-02 1.262427e-02
6.333333e+00 7.409946e-02 1.169991e-02
6.388889e+00 6.889977e-02 1.078431e-02
6.444444e+00 6.365713e-02 9.877831e-03
6.500000e+00 5.837535e-02 8.980822e-03
6.555556e+00 5.305813e-02 8.093613e-03
6.611111e+00 4.770915e-02 7.216510e-03
6.666667e+00 4.233198e-02 6.349797e-03
6.777778e+00 3.150711e-02 4.648590e-03
6.888889e+00 2.061042e-02 2.991836e-03
7.000000e+00 9.668005e-03 1.381144e-03
7.111111e+00 -1.295333e-03 -1.821562e-04
7.222222e+00 -1.225600e-02 -1.696985e-03
7.333333e+00 -2.319164e-02 -3.162496e-03
7.444444e+00 -3.408106e-02 -4.578053e-03
7.555556e+00 -4.490428e-02 -5.943214e-03
7.666667e+00 -5.564245e-02 -7.257711e-03
7.777778e+00 -6.627786e-02 -8.521439e-03
7.888889e+00 -7.679389e-02 -9.734437e-03
8.000000e+00 -8.717503e-02 -1.089688e-02
8.111111e+00 -9.740681e-02 -1.200906e-02
8.222222e+00 -1.074758e-01 -1.307138e-02
8.333333e+00 -1.173695e-01 -1.408434e-02
8.444444e+00 -1.270766e-01 -1.504855e-02
8.555556e+00 -1.365865e-01 -1.596465e-02
8.666667e+00 -1.458896e-01 -1.683341e-02
8.777778e+00 -1.549772e-01 -1.765563e-02
8.888889e+00 -1.638415e-01 -1.843217e-02
9.000000e+00 -1.724755e-01 -1.916395e-02
9.111111e+00 -1.808730e-01 -1.985191e-02
9.222222e+00 -1.890285e-01 -2.049706e-02
9.333333e+00 -1.969372e-01 -2.110041e-02
9.444444e+00 -2.045952e-01 -2.166302e-02
9.555556e+00 -2.119990e-01 -2.218594e-02
9.666667e+00 -2.191460e-01 -2.267027e-02
9.777778e+00 -2.260338e-01 -2.311709e-02
9.888889e+00 -2.326609e-01 -2.352751e-02
1.000000e+01 -2.390262e-01 -2.390262e-02
1.011111e+01 -2.451293e-01 -2.424356e-02
1.022222e+01 -2.509701e-01 -2.455142e-02
1.033333e+01 -2.565490e-01 -2.482732e-02
1.044444e+01 -2.618668e-01 -2.507235e-02
1.055556e+01 -2.669248e-01 -2.528761e-02
1.066667e+01 -2.717246e-01 -2.547418e-02
1.077778e+01 -2.762681e-01 -2.563313e-02
1.088889e+01 -2.805578e-01 -2.576551e-02
1.100000e+01 -2.845961e-01 -2.587238e-02
1.111111e+01 -2.883861e-01 -2.595475e-02
1.122222e+01 -2.919308e-01 -2.601363e-02
1.133333e+01 -2.952336e-01 -2.605003e-02
1.144444e+01 -2.982983e-01 -2.606490e-02
1.155556e+01 -3.011286e-01 -2.605920e-02
1.166667e+01 -3.037285e-01 -2.603387e-02
1.177778e+01 -3.061023e-01 -2.598982e-02
1.188889e+01 -3.082542e-01 -2.592793e-02
1.200000e+01 -3.101889e-01 -2.584907e-02
1.211111e+01 -3.119107e-01 -2.575410e-02
1.222222e+01 -3.134246e-01 -2.564383e-02
1.233333e+01 -3.147352e-01 -2.551907e-02
1.244444e+01 -3.158475e-01 -2.538060e-02
1.255556e+01 -3.167664e-01 -2.522918e-02
1.266667e+01 -3.174968e-01 -2.506554e-02
1.277778e+01 -3.180439e-01 -2.489039e-02
1.288889e+01 -3.184127e-01 -2.470443e-02
1.300000e+01 -3.186082e-01 -2.450832e-02
1.311111e+01 -3.186357e-01 -2.430272e-02
1.322222e+01 -3.185002e-01 -2.408825e-02
1.333333e+01 -3.182068e-01 -2.386551e-02
1.355556e+01 -3.171674e-01 -2.339759e-02
1.377778e+01 -3.155565e-01 -2.290329e-02
1.400000e+01 -3.134148e-01 -2.238677e-02
1.422222e+01 -3.107818e-01 -2.185185e-02
1.444444e+01 -3.076960e-01 -2.130203e-02
1.466667e+01 -3.041948e-01 -2.074056e-02
1.488889e+01 -3.003144e-01 -2.017037e-02
1.511111e+01 -2.960896e-01 -1.959416e-02
1.533333e+01 -2.915540e-01 -1.901439e-02
1.555556e+01 -2.867401e-01 -1.843329e-02
1.577778e+01 -2.816787e-01 -1.785288e-02
1.600000e+01 -2.763993e-01 -1.727496e-02
1.622222e+01 -2.709302e-01 -1.670117e-02
1.644444e+01 -2.652979e-01 -1.613298e-02
1.666667e+01 -2.595277e-01 -1.557166e-02
1.688889e+01 -2.536435e-01 -1.501837e-02
1.711111e+01 -2.476678e-01 -1.447409e-02
1.733333e+01 -2.416214e-01 -1.393970e-02
1.755556e+01 -2.355242e-01 -1.341593e-02
1.777778e+01 -2.293942e-01 -1.290342e-02
1.800000e+01 -2.232485e-01 -1.240270e-02
1.822222e+01 -2.171028e-01 -1.191418e-02
1.844444e+01 -2.109716e-01 -1.143822e-02
1.866667e+01 -2.048680e-01 -1.097507e-02
1.888889e+01 -1.988043e-01 -1.052494e-02
1.911111e+01 -1.927917e-01 -1.008794e-02
1.933333e+01 -1.868404e-01 -9.664158e-03
1.955556e+01 -1.809596e-01 -9.253616e-03
1.977778e+01 -1.751579e-01 -8.856300e-03
2.000000e+01 -1.694432e-01 -8.472161e-03
2.022222e+01 -1.638210e-01 -8.101038e-03
2.044444e+01 -1.582975e-01 -7.742812e-03
2.066667e+01 -1.528778e-01 -7.397313e-03
2.088889e+01 -1.475663e-01 -7.064345e-03
2.111111e+01 -1.423667e-01 -6.743688e-03
2.133333e+01 -1.372822e-01 -6.435105e-03
2.155556e+01 -1.323154e-01 -6.138344e-03
2.177778e+01 -1.274683e-01 -5.853136e-03
2.200000e+01 -1.227425e-01 -5.579203e-03
2.222222e+01 -1.181391e-01 -5.316258e-03
2.244444e+01 -1.136588e-01 -5.064006e-03
2.266667e+01 -1.093020e-01 -4.822147e-03
2.288889e+01 -1.050687e-01 -4.590379e-03
2.311111e+01 -1.009585e-01 -4.368395e-03
2.333333e+01 -9.697076e-02 -4.155890e-03
2.355556e+01 -9.310465e-02 -3.952556e-03
2.377778e+01 -8.935901e-02 -3.758089e-03
2.400000e+01 -8.573250e-02 -3.572187e-03
2.422222e+01 -8.222358e-02 -3.394551e-03
2.444444e+01 -7.883053e-02 -3.224885e-03
2.466667e+01 -7.555151e-02 -3.062899e-03
2.488889e+01 -7.238452e-02 -2.908307e-03
2.511111e+01 -6.932745e-02 -2.760828e-03
2.533333e+01 -6.637811e-02 -2.620189e-03
2.555556e+01 -6.353420e-02 -2.486121e-03
2.577778e+01 -6.079336e-02 -2.358363e-03
2.600000e+01 -5.815318e-02 -2.236661e-03
2.622222e+01 -5.561118e-02 -2.120765e-03
2.644444e+01 -5.316486e-02 -2.010436e-03
2.666667e+01 -5.081166e-02 -1.905437e-03
2.711111e+01 -4.637396e-02 -1.710515e-03
2.755556e+01 -4.227931e-02 -1.534330e-03
2.800000e+01 -3.850671e-02 -1.375240e-03
2.844444e+01 -3.503583e-02 -1.231729e-03
2.888889e+01 -3.184706e-02 -1.102398e-03
2.933333e+01 -2.892152e-02 -9.859610e-04
2.977778e+01 -2.624110e-02 -8.812310e-04
3.022222e+01 -2.378847e-02 -7.871184e-04
3.066667e+01 -2.154709e-02 -7.026225e-04
3.111111e+01 -1.950125e-02 -6.268258e-04
3.155556e+01 -1.763603e-02 -5.588884e-04
3.200000e+01 -1.593736e-02 -4.980426e-04
3.244444e+01 -1.439196e-02 -4.435878e-04
3.288889e+01 -1.298737e-02 -3.948863e-04
3.333333e+01 -1.171193e-02 -3.513579e-04
3.377778e+01 -1.055477e-02 -3.124768e-04
3.422222e+01 -9.505783e-03 -2.777664e-04
3.466667e+01 -8.555606e-03 -2.467963e-04
3.511111e+01 -7.695593e-03 -2.191783e-04
3.555556e+01 -6.917786e-03 -1.945627e-04
3.600000e+01 -6.214874e-03 -1.726354e-04
3.644444e+01 -5.580154e-03 -1.531140e-04
3.688889e+01 -5.007491e-03 -1.357453e-04
3.733333e+01 -4.491265e-03 -1.203017e-04
3.777778e+01 -4.026317e-03 -1.065790e-04
3.822222e+01 -3.607898e-03 -9.439267e-05
3.866667e+01 -3.231600e-03 -8.357585e-05
3.911111e+01 -2.893296e-03 -7.397632e-05
3.955556e+01 -2.589068e-03 -6.545397e-05
4.000000e+01 -2.315132e-03 -5.787831e-05
4.044444e+01 -2.069686e-03 -5.117355e-05
4.088889e+01 -1.849428e-03 -4.523058e-05
4.133333e+01 -1.651901e-03 -3.996536e-05
4.177778e+01 -1.474865e-03 -3.530262e-05
4.222222e+01 -1.316281e-03 -3.117507e-05
4.266667e+01 -1.174297e-03 -2.752259e-05
4.311111e+01 -1.047238e-03 -2.429159e-05
4.355556e+01 -9.335826e-04 -2.143429e-05
4.400000e+01 -8.319608e-04 -1.890820e-05
4.444444e+01 -7.411344e-04 -1.667552e-05
4.488889e+01 -6.599883e-04 -1.470271e-05
4.533333e+01 -5.875189e-04 -1.295998e-05
4.577778e+01 -5.228240e-04 -1.142091e-05
4.622222e+01 -4.650930e-04 -1.006211e-05
4.666667e+01 -4.135980e-04 -8.862815e-06
4.711111e+01 -3.676854e-04 -7.804642e-06
4.755556e+01 -3.267683e-04 -6.871295e-06
4.800000e+01 -2.903195e-04 -6.048323e-06
4.844444e+01 -2.578653e-04 -5.322907e-06
4.888889e+01 -2.289796e-04 -4.683674e-06
4.933333e+01 -2.032792e-04 -4.120524e-06
4.977778e+01 -1.804190e-04 -3.624488e-06
5.022222e+01 -1.600888e-04 -3.187609e-06
5.066667e+01 -1.420102e-04 -2.802832e-06
5.111111e+01 -1.259339e-04 -2.463924e-06
5.155556e+01 -1.116385e-04 -2.165401e-06
5.200000e+01 -9.892911e-05 -1.902483e-06
5.244444e+01 -8.763727e-05 -1.671050e-06
5.288889e+01 -7.762101e-05 -1.467624e-06
5.333333e+01 -6.876599e-05 -1.289362e-06
5.422222e+01 -5.398140e-05 -9.955586e-07
5.511111e+01 -4.224781e-05 -7.665934e-07
5.600000e+01 -3.299345e-05 -5.891688e-07
5.688889e+01 -2.573530e-05 -4.523783e-07
5.777778e+01 -2.006926e-05 -3.473526e-07
5.866667e+01 -1.566084e-05 -2.669461e-07
5.955556e+01 -1.223644e-05 -2.054626e-07
6.044444e+01 -9.575237e-06 -1.584138e-07
6.133333e+01 -7.501602e-06 -1.223087e-07
6.222222e+01 -5.878124e-06 -9.446984e-08
6.311111e+01 -4.599198e-06 -7.287462e-08
6.400000e+01 -3.585204e-06 -5.601881e-08
6.488889e+01 -2.777242e-06 -4.279996e-08
6.577778e+01 -2.132460e-06 -3.241915e-08
6.666667e+01 -1.619951e-06 -2.429926e-08
6.755556e+01 -1.217229e-06 -1.801820e-08
6.844444e+01 -9.072819e-07 -1.325574e-08
6.933333e+01 -6.761961e-07 -9.752828e-09
7.022222e+01 -5.113656e-07 -7.282105e-09
7.111111e+01 -4.002719e-07 -5.628823e-09
7.200000e+01 -3.298423e-07 -4.581142e-09
7.288889e+01 -2.863846e-07 -3.929058e-09
7.377778e+01 -2.560990e-07 -3.471221e-09
7.466667e+01 -2.261650e-07 -3.028996e-09
7.555556e+01 -1.864069e-07 -2.467150e-09
7.644444e+01 -1.315340e-07 -1.720648e-09
7.733333e+01 -6.395863e-08 -8.270513e-10
7.822222e+01 2.809585e-09 3.591799e-11
7.911111e+01 4.019331e-08 5.080616e-10
8.000000e+01 3.362490e-22
