# 
# Output from EIGENRAD program.
# 
# Eigenfunction for specific electronic state.
# The first column contains radius $r$ in bohr units.
# The second column holds value of eginefunction.
# 
# Use this file with gnuplot to create the plot.
#
0.000000e+00 0.000000e+00 -2.232690e-01
6.944444e-03 -1.550274e-03 -2.232394e-01
1.388889e-02 -3.099329e-03 -2.231517e-01
2.083333e-02 -4.645957e-03 -2.230059e-01
2.777778e-02 -6.188957e-03 -2.228025e-01
3.472222e-02 -7.727142e-03 -2.225417e-01
4.166667e-02 -9.259341e-03 -2.222242e-01
4.861111e-02 -1.078441e-02 -2.218507e-01
5.555556e-02 -1.230122e-02 -2.214220e-01
6.250000e-02 -1.380869e-02 -2.209391e-01
6.944444e-02 -1.530577e-02 -2.204031e-01
7.638889e-02 -1.679143e-02 -2.198151e-01
8.333333e-02 -1.826471e-02 -2.191765e-01
9.027778e-02 -1.972466e-02 -2.184886e-01
9.722222e-02 -2.117041e-02 -2.177528e-01
1.041667e-01 -2.260112e-02 -2.169708e-01
1.111111e-01 -2.401600e-02 -2.161440e-01
1.180556e-01 -2.541432e-02 -2.152743e-01
1.250000e-01 -2.679539e-02 -2.143632e-01
1.319444e-01 -2.815859e-02 -2.134125e-01
1.388889e-01 -2.950333e-02 -2.124240e-01
1.458333e-01 -3.082910e-02 -2.113996e-01
1.527778e-01 -3.213543e-02 -2.103410e-01
1.597222e-01 -3.342190e-02 -2.092501e-01
1.666667e-01 -3.468814e-02 -2.081289e-01
1.736111e-01 -3.593385e-02 -2.069790e-01
1.805556e-01 -3.715877e-02 -2.058024e-01
1.875000e-01 -3.836267e-02 -2.046009e-01
1.944444e-01 -3.954538e-02 -2.033762e-01
2.013889e-01 -4.070679e-02 -2.021302e-01
2.083333e-01 -4.184679e-02 -2.008646e-01
2.152778e-01 -4.296536e-02 -1.995810e-01
2.222222e-01 -4.406247e-02 -1.982811e-01
2.291667e-01 -4.513817e-02 -1.969666e-01
2.361111e-01 -4.619250e-02 -1.956388e-01
2.430556e-01 -4.722556e-02 -1.942994e-01
2.500000e-01 -4.823745e-02 -1.929498e-01
2.569444e-01 -4.922832e-02 -1.915913e-01
2.638889e-01 -5.019833e-02 -1.902253e-01
2.708333e-01 -5.114766e-02 -1.888529e-01
2.777778e-01 -5.207651e-02 -1.874754e-01
2.847222e-01 -5.298510e-02 -1.860940e-01
2.916667e-01 -5.387364e-02 -1.847096e-01
2.986111e-01 -5.474237e-02 -1.833233e-01
3.055556e-01 -5.559154e-02 -1.819359e-01
3.125000e-01 -5.642140e-02 -1.805485e-01
3.194444e-01 -5.723220e-02 -1.791617e-01
3.263889e-01 -5.802421e-02 -1.777763e-01
3.333333e-01 -5.879769e-02 -1.763931e-01
3.402778e-01 -5.955289e-02 -1.750126e-01
3.472222e-01 -6.029008e-02 -1.736354e-01
3.541667e-01 -6.100951e-02 -1.722621e-01
3.611111e-01 -6.171145e-02 -1.708932e-01
3.680556e-01 -6.239614e-02 -1.695291e-01
3.750000e-01 -6.306383e-02 -1.681702e-01
3.819444e-01 -6.371477e-02 -1.668169e-01
3.888889e-01 -6.434919e-02 -1.654694e-01
3.958333e-01 -6.496733e-02 -1.641280e-01
4.027778e-01 -6.556940e-02 -1.627930e-01
4.097222e-01 -6.615562e-02 -1.614646e-01
4.166667e-01 -6.672621e-02 -1.601429e-01
4.305556e-01 -6.782129e-02 -1.575204e-01
4.444444e-01 -6.885621e-02 -1.549265e-01
4.583333e-01 -6.983242e-02 -1.523616e-01
4.722222e-01 -7.075124e-02 -1.498262e-01
4.861111e-01 -7.161393e-02 -1.473201e-01
5.000000e-01 -7.242163e-02 -1.448433e-01
5.138889e-01 -7.317543e-02 -1.423954e-01
5.277778e-01 -7.387636e-02 -1.399763e-01
5.416667e-01 -7.452538e-02 -1.375853e-01
5.555556e-01 -7.512340e-02 -1.352221e-01
5.694444e-01 -7.567132e-02 -1.328862e-01
5.833333e-01 -7.616997e-02 -1.305771e-01
5.972222e-01 -7.662018e-02 -1.282943e-01
6.111111e-01 -7.702275e-02 -1.260372e-01
6.250000e-01 -7.737846e-02 -1.238055e-01
6.388889e-01 -7.768807e-02 -1.215987e-01
6.527778e-01 -7.795237e-02 -1.194164e-01
6.666667e-01 -7.817209e-02 -1.172581e-01
6.805556e-01 -7.834800e-02 -1.151236e-01
6.944444e-01 -7.848085e-02 -1.130124e-01
7.083333e-01 -7.857139e-02 -1.109243e-01
7.222222e-01 -7.862038e-02 -1.088590e-01
7.361111e-01 -7.862856e-02 -1.068162e-01
7.500000e-01 -7.859669e-02 -1.047956e-01
7.638889e-01 -7.852552e-02 -1.027970e-01
7.777778e-01 -7.841578e-02 -1.008203e-01
7.916667e-01 -7.826821e-02 -9.886511e-02
8.055556e-01 -7.808355e-02 -9.693130e-02
8.194444e-01 -7.786248e-02 -9.501862e-02
8.333333e-01 -7.760571e-02 -9.312685e-02
8.611111e-01 -7.698810e-02 -8.940553e-02
8.888889e-01 -7.623630e-02 -8.576583e-02
9.166667e-01 -7.535587e-02 -8.220641e-02
9.444444e-01 -7.435225e-02 -7.872591e-02
9.722222e-01 -7.323074e-02 -7.532305e-02
1.000000e+00 -7.199653e-02 -7.199653e-02
1.027778e+00 -7.065468e-02 -6.874510e-02
1.055556e+00 -6.921015e-02 -6.556751e-02
1.083333e+00 -6.766776e-02 -6.246254e-02
1.111111e+00 -6.603222e-02 -5.942900e-02
1.138889e+00 -6.430815e-02 -5.646569e-02
1.166667e+00 -6.250003e-02 -5.357146e-02
1.194444e+00 -6.061224e-02 -5.074513e-02
1.222222e+00 -5.864906e-02 -4.798559e-02
1.250000e+00 -5.661464e-02 -4.529171e-02
1.277778e+00 -5.451305e-02 -4.266238e-02
1.305556e+00 -5.234824e-02 -4.009653e-02
1.333333e+00 -5.012408e-02 -3.759306e-02
1.361111e+00 -4.784431e-02 -3.515092e-02
1.388889e+00 -4.551260e-02 -3.276907e-02
1.416667e+00 -4.313251e-02 -3.044648e-02
1.444444e+00 -4.070751e-02 -2.818212e-02
1.472222e+00 -3.824097e-02 -2.597500e-02
1.500000e+00 -3.573618e-02 -2.382412e-02
1.527778e+00 -3.319633e-02 -2.172851e-02
1.555556e+00 -3.062455e-02 -1.968721e-02
1.583333e+00 -2.802386e-02 -1.769928e-02
1.611111e+00 -2.539719e-02 -1.576377e-02
1.638889e+00 -2.274742e-02 -1.387978e-02
1.666667e+00 -2.007733e-02 -1.204640e-02
1.722222e+00 -1.468685e-02 -8.527851e-03
1.777778e+00 -9.246495e-03 -5.201153e-03
1.833333e+00 -3.775724e-03 -2.059486e-03
1.888889e+00 1.707126e-03 9.037728e-04
1.944444e+00 7.184822e-03 3.695051e-03
2.000000e+00 1.264119e-02 6.320593e-03
2.055556e+00 1.806106e-02 8.786461e-03
2.111111e+00 2.343026e-02 1.109854e-02
2.166667e+00 2.873554e-02 1.326256e-02
2.222222e+00 3.396457e-02 1.528406e-02
2.277778e+00 3.910587e-02 1.716843e-02
2.333333e+00 4.414880e-02 1.892092e-02
2.388889e+00 4.908351e-02 2.054659e-02
2.444444e+00 5.390092e-02 2.205038e-02
2.500000e+00 5.859266e-02 2.343707e-02
2.555556e+00 6.315109e-02 2.471130e-02
2.611111e+00 6.756922e-02 2.587757e-02
2.666667e+00 7.184070e-02 2.694026e-02
2.722222e+00 7.595979e-02 2.790360e-02
2.777778e+00 7.992135e-02 2.877168e-02
2.833333e+00 8.372076e-02 2.954850e-02
2.888889e+00 8.735397e-02 3.023791e-02
2.944444e+00 9.081741e-02 3.084365e-02
3.000000e+00 9.410802e-02 3.136934e-02
3.055556e+00 9.722318e-02 3.181850e-02
3.111111e+00 1.001607e-01 3.219451e-02
3.166667e+00 1.029189e-01 3.250069e-02
3.222222e+00 1.054963e-01 3.274022e-02
3.277778e+00 1.078920e-01 3.291619e-02
3.333333e+00 1.101053e-01 3.303160e-02
3.388889e+00 1.121360e-01 3.308933e-02
3.444444e+00 1.139842e-01 3.309218e-02
3.500000e+00 1.156500e-01 3.304286e-02
3.555556e+00 1.171342e-01 3.294401e-02
3.611111e+00 1.184377e-01 3.279814e-02
3.666667e+00 1.195616e-01 3.260771e-02
3.722222e+00 1.205073e-01 3.237510e-02
3.777778e+00 1.212764e-01 3.210258e-02
3.833333e+00 1.218708e-01 3.179238e-02
3.888889e+00 1.222924e-01 3.144663e-02
3.944444e+00 1.225436e-01 3.106738e-02
4.000000e+00 1.226266e-01 3.065664e-02
4.055556e+00 1.225440e-01 3.021633e-02
4.111111e+00 1.222985e-01 2.974829e-02
4.166667e+00 1.218931e-01 2.925434e-02
4.222222e+00 1.213305e-01 2.873618e-02
4.277778e+00 1.206140e-01 2.819549e-02
4.333333e+00 1.197468e-01 2.763387e-02
4.388889e+00 1.187320e-01 2.705287e-02
4.444444e+00 1.175732e-01 2.645397e-02
4.500000e+00 1.162738e-01 2.583862e-02
4.555556e+00 1.148373e-01 2.520819e-02
4.611111e+00 1.132674e-01 2.456401e-02
4.666667e+00 1.115676e-01 2.390735e-02
4.722222e+00 1.097419e-01 2.323946e-02
4.777778e+00 1.077938e-01 2.256150e-02
4.833333e+00 1.057273e-01 2.187461e-02
4.888889e+00 1.035461e-01 2.117989e-02
4.944444e+00 1.012542e-01 2.047838e-02
5.000000e+00 9.885543e-02 1.977109e-02
5.055556e+00 9.635366e-02 1.905897e-02
5.111111e+00 9.375283e-02 1.834295e-02
5.166667e+00 9.105686e-02 1.762391e-02
5.222222e+00 8.826966e-02 1.690270e-02
5.277778e+00 8.539516e-02 1.618013e-02
5.333333e+00 8.243724e-02 1.545698e-02
5.388889e+00 7.939982e-02 1.473399e-02
5.444444e+00 7.628676e-02 1.401185e-02
5.500000e+00 7.310193e-02 1.329126e-02
5.555556e+00 6.984914e-02 1.257285e-02
5.611111e+00 6.653222e-02 1.185723e-02
5.666667e+00 6.315494e-02 1.114499e-02
5.722222e+00 5.972103e-02 1.043669e-02
5.777778e+00 5.623423e-02 9.732847e-03
5.833333e+00 5.269818e-02 9.033974e-03
5.888889e+00 4.911653e-02 8.340543e-03
5.944444e+00 4.549287e-02 7.653007e-03
6.000000e+00 4.183074e-02 6.971791e-03
6.055556e+00 3.813364e-02 6.297299e-03
6.111111e+00 3.440503e-02 5.629913e-03
6.166667e+00 3.064829e-02 4.969993e-03
6.222222e+00 2.686678e-02 4.317875e-03
6.277778e+00 2.306380e-02 3.673879e-03
6.333333e+00 1.924258e-02 3.038302e-03
6.388889e+00 1.540631e-02 2.411423e-03
6.444444e+00 1.155812e-02 1.793502e-03
6.500000e+00 7.701091e-03 1.184783e-03
6.555556e+00 3.838224e-03 5.854918e-04
6.611111e+00 -2.752074e-05 -4.162800e-06
6.666667e+00 -3.893246e-03 -5.839869e-04
6.777778e+00 -1.161330e-02 -1.713438e-03
6.888889e+00 -1.930022e-02 -2.801645e-03
7.000000e+00 -2.693297e-02 -3.847567e-03
7.111111e+00 -3.449157e-02 -4.850377e-03
7.222222e+00 -4.195706e-02 -5.809439e-03
7.333333e+00 -4.931153e-02 -6.724300e-03
7.444444e+00 -5.653807e-02 -7.594667e-03
7.555556e+00 -6.362079e-02 -8.420398e-03
7.666667e+00 -7.054477e-02 -9.201491e-03
7.777778e+00 -7.729608e-02 -9.938067e-03
7.888889e+00 -8.386175e-02 -1.063036e-02
8.000000e+00 -9.022975e-02 -1.127872e-02
8.111111e+00 -9.638899e-02 -1.188357e-02
8.222222e+00 -1.023293e-01 -1.244545e-02
8.333333e+00 -1.080413e-01 -1.296496e-02
8.444444e+00 -1.135166e-01 -1.344276e-02
8.555556e+00 -1.187477e-01 -1.387960e-02
8.666667e+00 -1.237277e-01 -1.427628e-02
8.777778e+00 -1.284508e-01 -1.463363e-02
8.888889e+00 -1.329117e-01 -1.495256e-02
9.000000e+00 -1.371059e-01 -1.523399e-02
9.111111e+00 -1.410299e-01 -1.547889e-02
9.222222e+00 -1.446805e-01 -1.568825e-02
9.333333e+00 -1.480555e-01 -1.586309e-02
9.444444e+00 -1.511532e-01 -1.600445e-02
9.555556e+00 -1.539723e-01 -1.611338e-02
9.666667e+00 -1.565125e-01 -1.619095e-02
9.777778e+00 -1.587738e-01 -1.623822e-02
9.888889e+00 -1.607566e-01 -1.625628e-02
1.000000e+01 -1.624620e-01 -1.624620e-02
1.011111e+01 -1.638917e-01 -1.620907e-02
1.022222e+01 -1.650477e-01 -1.614597e-02
1.033333e+01 -1.659324e-01 -1.605798e-02
1.044444e+01 -1.665487e-01 -1.594615e-02
1.055556e+01 -1.668998e-01 -1.581156e-02
1.066667e+01 -1.669893e-01 -1.565525e-02
1.077778e+01 -1.668212e-01 -1.547825e-02
1.088889e+01 -1.663996e-01 -1.528159e-02
1.100000e+01 -1.657290e-01 -1.506628e-02
1.111111e+01 -1.648144e-01 -1.483330e-02
1.122222e+01 -1.636608e-01 -1.458363e-02
1.133333e+01 -1.622733e-01 -1.431823e-02
1.144444e+01 -1.606575e-01 -1.403804e-02
1.155556e+01 -1.588191e-01 -1.374396e-02
1.166667e+01 -1.567639e-01 -1.343690e-02
1.177778e+01 -1.544979e-01 -1.311774e-02
1.188889e+01 -1.520272e-01 -1.278733e-02
1.200000e+01 -1.493581e-01 -1.244651e-02
1.211111e+01 -1.464969e-01 -1.209607e-02
1.222222e+01 -1.434501e-01 -1.173682e-02
1.233333e+01 -1.402242e-01 -1.136953e-02
1.244444e+01 -1.368257e-01 -1.099493e-02
1.255556e+01 -1.332614e-01 -1.061374e-02
1.266667e+01 -1.295378e-01 -1.022667e-02
1.277778e+01 -1.256617e-01 -9.834394e-03
1.288889e+01 -1.216397e-01 -9.437564e-03
1.300000e+01 -1.174785e-01 -9.036811e-03
1.311111e+01 -1.131849e-01 -8.632746e-03
1.322222e+01 -1.087654e-01 -8.225957e-03
1.333333e+01 -1.042268e-01 -7.817008e-03
1.355556e+01 -9.481876e-02 -6.994827e-03
1.377778e+01 -8.501165e-02 -6.170200e-03
1.400000e+01 -7.485720e-02 -5.346943e-03
1.422222e+01 -6.440570e-02 -4.528525e-03
1.444444e+01 -5.370584e-02 -3.718097e-03
1.466667e+01 -4.280464e-02 -2.918498e-03
1.488889e+01 -3.174734e-02 -2.132284e-03
1.511111e+01 -2.057737e-02 -1.361737e-03
1.533333e+01 -9.336227e-03 -6.088844e-04
1.555556e+01 1.936498e-03 1.244892e-04
1.577778e+01 1.320323e-02 8.368242e-04
1.600000e+01 2.442840e-02 1.526775e-03
1.622222e+01 3.557851e-02 2.193196e-03
1.644444e+01 4.662210e-02 2.835128e-03
1.666667e+01 5.752981e-02 3.451788e-03
1.688889e+01 6.827432e-02 4.042558e-03
1.711111e+01 7.883038e-02 4.606970e-03
1.733333e+01 8.917478e-02 5.144699e-03
1.755556e+01 9.928630e-02 5.655548e-03
1.777778e+01 1.091457e-01 6.139445e-03
1.800000e+01 1.187356e-01 6.596422e-03
1.822222e+01 1.280406e-01 7.026616e-03
1.844444e+01 1.370469e-01 7.430252e-03
1.866667e+01 1.457426e-01 7.807638e-03
1.888889e+01 1.541173e-01 8.159150e-03
1.911111e+01 1.621622e-01 8.485230e-03
1.933333e+01 1.698699e-01 8.786372e-03
1.955556e+01 1.772342e-01 9.063114e-03
1.977778e+01 1.842504e-01 9.316032e-03
2.000000e+01 1.909145e-01 9.545726e-03
2.022222e+01 1.972257e-01 9.752919e-03
2.044444e+01 2.031824e-01 9.938271e-03
2.066667e+01 2.087848e-01 1.010249e-02
2.088889e+01 2.140339e-01 1.024630e-02
2.111111e+01 2.189316e-01 1.037045e-02
2.133333e+01 2.234809e-01 1.047567e-02
2.155556e+01 2.276854e-01 1.056273e-02
2.177778e+01 2.315495e-01 1.063237e-02
2.200000e+01 2.350782e-01 1.068537e-02
2.222222e+01 2.382771e-01 1.072247e-02
2.244444e+01 2.411525e-01 1.074442e-02
2.266667e+01 2.437110e-01 1.075196e-02
2.288889e+01 2.459599e-01 1.074582e-02
2.311111e+01 2.479066e-01 1.072673e-02
2.333333e+01 2.495591e-01 1.069539e-02
2.355556e+01 2.509254e-01 1.065250e-02
2.377778e+01 2.520142e-01 1.059873e-02
2.400000e+01 2.528340e-01 1.053475e-02
2.422222e+01 2.533938e-01 1.046121e-02
2.444444e+01 2.537024e-01 1.037873e-02
2.466667e+01 2.537690e-01 1.028793e-02
2.488889e+01 2.536028e-01 1.018940e-02
2.511111e+01 2.532129e-01 1.008370e-02
2.533333e+01 2.526087e-01 9.971396e-03
2.555556e+01 2.517993e-01 9.853015e-03
2.577778e+01 2.507939e-01 9.729072e-03
2.600000e+01 2.496016e-01 9.600062e-03
2.622222e+01 2.482316e-01 9.466459e-03
2.644444e+01 2.466927e-01 9.328717e-03
2.666667e+01 2.449939e-01 9.187273e-03
2.711111e+01 2.411526e-01 8.894974e-03
2.755556e+01 2.367720e-01 8.592533e-03
2.800000e+01 2.319192e-01 8.282829e-03
2.844444e+01 2.266575e-01 7.968427e-03
2.888889e+01 2.210464e-01 7.651605e-03
2.933333e+01 2.151418e-01 7.334379e-03
2.977778e+01 2.089959e-01 7.018520e-03
3.022222e+01 2.026574e-01 6.705577e-03
3.066667e+01 1.961714e-01 6.396894e-03
3.111111e+01 1.895796e-01 6.093629e-03
3.155556e+01 1.829202e-01 5.796766e-03
3.200000e+01 1.762283e-01 5.507134e-03
3.244444e+01 1.695358e-01 5.225418e-03
3.288889e+01 1.628714e-01 4.952172e-03
3.333333e+01 1.562611e-01 4.687834e-03
3.377778e+01 1.497279e-01 4.432732e-03
3.422222e+01 1.432919e-01 4.187100e-03
3.466667e+01 1.369709e-01 3.951084e-03
3.511111e+01 1.307802e-01 3.724753e-03
3.555556e+01 1.247328e-01 3.508111e-03
3.600000e+01 1.188396e-01 3.301099e-03
3.644444e+01 1.131093e-01 3.103609e-03
3.688889e+01 1.075492e-01 2.915490e-03
3.733333e+01 1.021647e-01 2.736553e-03
3.777778e+01 9.695975e-02 2.566582e-03
3.822222e+01 9.193730e-02 2.405336e-03
3.866667e+01 8.709908e-02 2.252563e-03
3.911111e+01 8.244604e-02 2.107995e-03
3.955556e+01 7.797853e-02 1.971367e-03
4.000000e+01 7.369649e-02 1.842412e-03
4.044444e+01 6.959511e-02 1.720758e-03
4.088889e+01 6.567326e-02 1.606140e-03
4.133333e+01 6.192769e-02 1.498251e-03
4.177778e+01 5.835471e-02 1.396788e-03
4.222222e+01 5.495025e-02 1.301453e-03
4.266667e+01 5.170996e-02 1.211952e-03
4.311111e+01 4.862922e-02 1.127997e-03
4.355556e+01 4.570318e-02 1.049308e-03
4.400000e+01 4.292682e-02 9.756097e-04
4.444444e+01 4.029503e-02 9.066381e-04
4.488889e+01 3.780256e-02 8.421361e-04
4.533333e+01 3.544413e-02 7.818557e-04
4.577778e+01 3.321444e-02 7.255582e-04
4.622222e+01 3.110820e-02 6.730140e-04
4.666667e+01 2.912016e-02 6.240033e-04
4.711111e+01 2.724510e-02 5.783159e-04
4.755556e+01 2.547794e-02 5.357510e-04
4.800000e+01 2.381364e-02 4.961175e-04
4.844444e+01 2.224732e-02 4.592336e-04
4.888889e+01 2.077420e-02 4.249269e-04
4.933333e+01 1.938967e-02 3.930339e-04
4.977778e+01 1.808924e-02 3.634000e-04
5.022222e+01 1.686859e-02 3.358790e-04
5.066667e+01 1.572353e-02 3.103329e-04
5.111111e+01 1.465005e-02 2.866315e-04
5.155556e+01 1.364427e-02 2.646518e-04
5.200000e+01 1.270244e-02 2.442778e-04
5.244444e+01 1.182096e-02 2.253998e-04
5.288889e+01 1.099634e-02 2.079140e-04
5.333333e+01 1.022518e-02 1.917221e-04
5.422222e+01 8.831759e-03 1.628808e-04
5.511111e+01 7.617128e-03 1.382140e-04
5.600000e+01 6.560334e-03 1.171488e-04
5.688889e+01 5.642534e-03 9.918517e-05
5.777778e+01 4.846831e-03 8.388745e-05
5.866667e+01 4.158119e-03 7.087702e-05
5.955556e+01 3.562940e-03 5.982548e-05
6.044444e+01 3.049339e-03 5.044862e-05
6.133333e+01 2.606732e-03 4.250107e-05
6.222222e+01 2.225781e-03 3.577148e-05
6.311111e+01 1.898267e-03 3.007818e-05
6.400000e+01 1.616987e-03 2.526542e-05
6.488889e+01 1.375637e-03 2.119989e-05
6.577778e+01 1.168722e-03 1.776773e-05
6.666667e+01 9.914537e-04 1.487180e-05
6.755556e+01 8.396737e-04 1.242938e-05
6.844444e+01 7.097683e-04 1.036999e-05
6.933333e+01 5.985983e-04 8.633630e-06
7.022222e+01 5.034339e-04 7.169153e-06
7.111111e+01 4.218953e-04 5.932902e-06
7.200000e+01 3.519017e-04 4.887523e-06
7.288889e+01 2.916260e-04 4.000967e-06
7.377778e+01 2.394572e-04 3.245655e-06
7.466667e+01 1.939686e-04 2.597793e-06
7.555556e+01 1.538939e-04 2.036831e-06
7.644444e+01 1.181097e-04 1.545039e-06
7.733333e+01 8.562459e-05 1.107215e-06
7.822222e+01 5.557556e-05 7.104830e-07
7.911111e+01 2.723088e-05 3.442105e-07
8.000000e+01 8.936987e-20
