# 
# Output from EIGENRAD program.
# 
# Eigenfunction for specific electronic state.
# The first column contains radius $r$ in bohr units.
# The second column holds value of eginefunction.
# 
# Use this file with gnuplot to create the plot.
#
0.000000e+00 0.000000e+00 -3.013518e-08
3.472222e-02 -9.560288e-05 -2.753363e-03
6.944444e-02 -3.758027e-04 -5.411559e-03
1.041667e-01 -8.309073e-04 -7.976710e-03
1.388889e-01 -1.451510e-03 -1.045087e-02
1.736111e-01 -2.228485e-03 -1.283607e-02
2.083333e-01 -3.152978e-03 -1.513429e-02
2.430556e-01 -4.216403e-03 -1.734749e-02
2.777778e-01 -5.410436e-03 -1.947757e-02
3.125000e-01 -6.727008e-03 -2.152643e-02
3.472222e-01 -8.158301e-03 -2.349591e-02
3.819444e-01 -9.696738e-03 -2.538782e-02
4.166667e-01 -1.133499e-02 -2.720397e-02
4.513889e-01 -1.306594e-02 -2.894608e-02
4.861111e-01 -1.488273e-02 -3.061590e-02
5.208333e-01 -1.677870e-02 -3.221510e-02
5.555556e-01 -1.874741e-02 -3.374534e-02
5.902778e-01 -2.078265e-02 -3.520826e-02
6.250000e-01 -2.287840e-02 -3.660544e-02
6.597222e-01 -2.502885e-02 -3.793847e-02
6.944444e-01 -2.722839e-02 -3.920889e-02
7.291667e-01 -2.947160e-02 -4.041819e-02
7.638889e-01 -3.175324e-02 -4.156788e-02
7.986111e-01 -3.406827e-02 -4.265939e-02
8.333333e-01 -3.641182e-02 -4.369418e-02
8.680556e-01 -3.877919e-02 -4.467363e-02
9.027778e-01 -4.116588e-02 -4.559913e-02
9.375000e-01 -4.356753e-02 -4.647203e-02
9.722222e-01 -4.597994e-02 -4.729365e-02
1.006944e+00 -4.839908e-02 -4.806530e-02
1.041667e+00 -5.082109e-02 -4.878825e-02
1.076389e+00 -5.324223e-02 -4.946375e-02
1.111111e+00 -5.565894e-02 -5.009304e-02
1.145833e+00 -5.806777e-02 -5.067732e-02
1.180556e+00 -6.046543e-02 -5.121778e-02
1.215278e+00 -6.284877e-02 -5.171556e-02
1.250000e+00 -6.521477e-02 -5.217182e-02
1.284722e+00 -6.756054e-02 -5.258766e-02
1.319444e+00 -6.988330e-02 -5.296419e-02
1.354167e+00 -7.218042e-02 -5.330247e-02
1.388889e+00 -7.444938e-02 -5.360355e-02
1.423611e+00 -7.668776e-02 -5.386848e-02
1.458333e+00 -7.889328e-02 -5.409825e-02
1.493056e+00 -8.106376e-02 -5.429387e-02
1.527778e+00 -8.319712e-02 -5.445630e-02
1.562500e+00 -8.529140e-02 -5.458649e-02
1.597222e+00 -8.734473e-02 -5.468539e-02
1.631944e+00 -8.935534e-02 -5.475391e-02
1.666667e+00 -9.132157e-02 -5.479294e-02
1.701389e+00 -9.324184e-02 -5.480337e-02
1.736111e+00 -9.511467e-02 -5.478605e-02
1.770833e+00 -9.693866e-02 -5.474183e-02
1.805556e+00 -9.871250e-02 -5.467154e-02
1.840278e+00 -1.004350e-01 -5.457599e-02
1.875000e+00 -1.021049e-01 -5.445597e-02
1.909722e+00 -1.037213e-01 -5.431225e-02
1.944444e+00 -1.052831e-01 -5.414561e-02
1.979167e+00 -1.067895e-01 -5.395679e-02
2.013889e+00 -1.082395e-01 -5.374652e-02
2.048611e+00 -1.096325e-01 -5.351551e-02
2.083333e+00 -1.109676e-01 -5.326446e-02
2.152778e+00 -1.134622e-01 -5.270500e-02
2.222222e+00 -1.157187e-01 -5.207341e-02
2.291667e+00 -1.177340e-01 -5.137482e-02
2.361111e+00 -1.195055e-01 -5.061409e-02
2.430556e+00 -1.210317e-01 -4.979589e-02
2.500000e+00 -1.223118e-01 -4.892471e-02
2.569444e+00 -1.233457e-01 -4.800480e-02
2.638889e+00 -1.241340e-01 -4.704024e-02
2.708333e+00 -1.246780e-01 -4.603494e-02
2.777778e+00 -1.249795e-01 -4.499263e-02
2.847222e+00 -1.250410e-01 -4.391686e-02
2.916667e+00 -1.248655e-01 -4.281102e-02
2.986111e+00 -1.244562e-01 -4.167837e-02
3.055556e+00 -1.238172e-01 -4.052198e-02
3.125000e+00 -1.229525e-01 -3.934480e-02
3.194444e+00 -1.218669e-01 -3.814963e-02
3.263889e+00 -1.205652e-01 -3.693914e-02
3.333333e+00 -1.190529e-01 -3.571586e-02
3.402778e+00 -1.173353e-01 -3.448220e-02
3.472222e+00 -1.154182e-01 -3.324044e-02
3.541667e+00 -1.133077e-01 -3.199276e-02
3.611111e+00 -1.110099e-01 -3.074120e-02
3.680556e+00 -1.085312e-01 -2.948771e-02
3.750000e+00 -1.058780e-01 -2.823414e-02
3.819444e+00 -1.030571e-01 -2.698223e-02
3.888889e+00 -1.000751e-01 -2.573361e-02
3.958333e+00 -9.693893e-02 -2.448984e-02
4.027778e+00 -9.365542e-02 -2.325238e-02
4.097222e+00 -9.023156e-02 -2.202262e-02
4.166667e+00 -8.667437e-02 -2.080185e-02
4.305556e+00 -7.918869e-02 -1.839221e-02
4.444444e+00 -7.125245e-02 -1.603180e-02
4.583333e+00 -6.292240e-02 -1.372852e-02
4.722222e+00 -5.425423e-02 -1.148913e-02
4.861111e+00 -4.530235e-02 -9.319341e-03
5.000000e+00 -3.611977e-02 -7.223953e-03
5.138889e+00 -2.675790e-02 -5.206942e-03
5.277778e+00 -1.726646e-02 -3.271539e-03
5.416667e+00 -7.693342e-03 -1.420309e-03
5.555556e+00 1.915501e-03 3.447901e-04
5.694444e+00 1.151615e-02 2.022348e-03
5.833333e+00 2.106679e-02 3.611449e-03
5.972222e+00 3.052779e-02 5.111630e-03
6.111111e+00 3.986177e-02 6.522834e-03
6.250000e+00 4.903359e-02 7.845375e-03
6.388889e+00 5.801046e-02 9.079898e-03
6.527778e+00 6.676187e-02 1.022735e-02
6.666667e+00 7.525965e-02 1.128895e-02
6.805556e+00 8.347792e-02 1.226614e-02
6.944444e+00 9.139310e-02 1.316061e-02
7.083333e+00 9.898383e-02 1.397419e-02
7.222222e+00 1.062310e-01 1.470890e-02
7.361111e+00 1.131175e-01 1.536690e-02
7.500000e+00 1.196283e-01 1.595045e-02
7.638889e+00 1.257505e-01 1.646189e-02
7.777778e+00 1.314729e-01 1.690365e-02
7.916667e+00 1.367858e-01 1.727821e-02
8.055556e+00 1.416816e-01 1.758806e-02
8.194444e+00 1.461537e-01 1.783570e-02
8.333333e+00 1.501969e-01 1.802363e-02
8.472222e+00 1.538101e-01 1.815463e-02
8.611111e+00 1.569911e-01 1.823123e-02
8.750000e+00 1.597399e-01 1.825599e-02
8.888889e+00 1.620575e-01 1.823147e-02
9.027778e+00 1.639463e-01 1.816021e-02
9.166667e+00 1.654099e-01 1.804471e-02
9.305556e+00 1.664527e-01 1.788745e-02
9.444444e+00 1.670803e-01 1.769086e-02
9.583333e+00 1.672992e-01 1.745731e-02
9.722222e+00 1.671167e-01 1.718914e-02
9.861111e+00 1.665407e-01 1.688864e-02
1.000000e+01 1.655801e-01 1.655801e-02
1.013889e+01 1.642442e-01 1.619943e-02
1.027778e+01 1.625431e-01 1.581500e-02
1.041667e+01 1.604872e-01 1.540677e-02
1.055556e+01 1.580875e-01 1.497671e-02
1.069444e+01 1.553553e-01 1.452673e-02
1.083333e+01 1.523024e-01 1.405868e-02
1.097222e+01 1.489408e-01 1.357435e-02
1.111111e+01 1.452829e-01 1.307546e-02
1.125000e+01 1.413410e-01 1.256365e-02
1.138889e+01 1.371280e-01 1.204051e-02
1.152778e+01 1.326565e-01 1.150755e-02
1.166667e+01 1.279396e-01 1.096625e-02
1.180556e+01 1.229901e-01 1.041798e-02
1.194444e+01 1.178209e-01 9.864078e-03
1.208333e+01 1.124452e-01 9.305806e-03
1.222222e+01 1.068756e-01 8.744369e-03
1.236111e+01 1.011252e-01 8.180914e-03
1.250000e+01 9.520656e-02 7.616525e-03
1.263889e+01 8.913240e-02 7.052234e-03
1.277778e+01 8.291509e-02 6.489007e-03
1.291667e+01 7.656698e-02 5.927766e-03
1.305556e+01 7.010017e-02 5.369374e-03
1.319444e+01 6.352658e-02 4.814646e-03
1.333333e+01 5.685791e-02 4.264343e-03
1.347222e+01 5.010559e-02 3.719178e-03
1.361111e+01 4.328082e-02 3.179816e-03
1.375000e+01 3.639455e-02 2.646877e-03
1.388889e+01 2.945744e-02 2.120936e-03
1.402778e+01 2.247988e-02 1.602526e-03
1.416667e+01 1.547197e-02 1.092139e-03
1.430556e+01 8.443524e-03 5.902269e-04
1.444444e+01 1.404044e-03 9.720304e-05
1.458333e+01 -5.637262e-03 -3.865551e-04
1.472222e+01 -1.267150e-02 -8.607057e-04
1.486111e+01 -1.969009e-02 -1.324940e-03
1.500000e+01 -2.668476e-02 -1.778984e-03
1.513889e+01 -3.364756e-02 -2.222591e-03
1.527778e+01 -4.057086e-02 -2.655547e-03
1.541667e+01 -4.744735e-02 -3.077666e-03
1.555556e+01 -5.427004e-02 -3.488788e-03
1.569444e+01 -6.103223e-02 -3.888779e-03
1.583333e+01 -6.772757e-02 -4.277530e-03
1.597222e+01 -7.434998e-02 -4.654956e-03
1.611111e+01 -8.089373e-02 -5.020990e-03
1.625000e+01 -8.735336e-02 -5.375591e-03
1.638889e+01 -9.372370e-02 -5.718734e-03
1.652778e+01 -9.999988e-02 -6.050413e-03
1.666667e+01 -1.061773e-01 -6.370639e-03
1.694444e+01 -1.182190e-01 -6.976858e-03
1.722222e+01 -1.298184e-01 -7.537841e-03
1.750000e+01 -1.409485e-01 -8.054202e-03
1.777778e+01 -1.515868e-01 -8.526756e-03
1.805556e+01 -1.617144e-01 -8.956489e-03
1.833333e+01 -1.713164e-01 -9.344532e-03
1.861111e+01 -1.803814e-01 -9.692137e-03
1.888889e+01 -1.889013e-01 -1.000066e-02
1.916667e+01 -1.968707e-01 -1.027152e-02
1.944444e+01 -2.042874e-01 -1.050621e-02
1.972222e+01 -2.111517e-01 -1.070628e-02
2.000000e+01 -2.174660e-01 -1.087330e-02
2.027778e+01 -2.232352e-01 -1.100886e-02
2.055556e+01 -2.284661e-01 -1.111457e-02
2.083333e+01 -2.331670e-01 -1.119202e-02
2.111111e+01 -2.373483e-01 -1.124282e-02
2.138889e+01 -2.410215e-01 -1.126854e-02
2.166667e+01 -2.441993e-01 -1.127074e-02
2.194444e+01 -2.468958e-01 -1.125095e-02
2.222222e+01 -2.491259e-01 -1.121066e-02
2.250000e+01 -2.509052e-01 -1.115134e-02
2.277778e+01 -2.522501e-01 -1.107439e-02
2.305556e+01 -2.531776e-01 -1.098120e-02
2.333333e+01 -2.537050e-01 -1.087307e-02
2.361111e+01 -2.538499e-01 -1.075129e-02
2.388889e+01 -2.536302e-01 -1.061708e-02
2.416667e+01 -2.530639e-01 -1.047161e-02
2.444444e+01 -2.521688e-01 -1.031600e-02
2.472222e+01 -2.509630e-01 -1.015131e-02
2.500000e+01 -2.494639e-01 -9.978557e-03
2.527778e+01 -2.476899e-01 -9.798721e-03
2.555556e+01 -2.456578e-01 -9.612698e-03
2.583333e+01 -2.433850e-01 -9.421355e-03
2.611111e+01 -2.408883e-01 -9.225508e-03
2.638889e+01 -2.381841e-01 -9.025923e-03
2.666667e+01 -2.352884e-01 -8.823316e-03
2.694444e+01 -2.322169e-01 -8.618359e-03
2.722222e+01 -2.289846e-01 -8.411679e-03
2.750000e+01 -2.256061e-01 -8.203859e-03
2.777778e+01 -2.220956e-01 -7.995441e-03
2.805556e+01 -2.184666e-01 -7.786928e-03
2.833333e+01 -2.147322e-01 -7.578785e-03
2.861111e+01 -2.109051e-01 -7.371439e-03
2.888889e+01 -2.069971e-01 -7.165285e-03
2.916667e+01 -2.030199e-01 -6.960682e-03
2.944444e+01 -1.989843e-01 -6.757958e-03
2.972222e+01 -1.949009e-01 -6.557413e-03
3.000000e+01 -1.907794e-01 -6.359314e-03
3.027778e+01 -1.866293e-01 -6.163905e-03
3.055556e+01 -1.824595e-01 -5.971400e-03
3.083333e+01 -1.782781e-01 -5.781993e-03
3.111111e+01 -1.740932e-01 -5.595852e-03
3.138889e+01 -1.699119e-01 -5.413124e-03
3.166667e+01 -1.657413e-01 -5.233936e-03
3.194444e+01 -1.615877e-01 -5.058398e-03
3.222222e+01 -1.574571e-01 -4.886600e-03
3.250000e+01 -1.533551e-01 -4.718618e-03
3.277778e+01 -1.492868e-01 -4.554512e-03
3.305556e+01 -1.452570e-01 -4.394330e-03
3.333333e+01 -1.412702e-01 -4.238107e-03
3.361111e+01 -1.373302e-01 -4.085858e-03
3.388889e+01 -1.334407e-01 -3.937594e-03
3.416667e+01 -1.296049e-01 -3.793314e-03
3.444444e+01 -1.258259e-01 -3.653009e-03
3.472222e+01 -1.221062e-01 -3.516660e-03
3.500000e+01 -1.184484e-01 -3.384240e-03
3.527778e+01 -1.148544e-01 -3.255715e-03
3.555556e+01 -1.113261e-01 -3.131046e-03
3.583333e+01 -1.078650e-01 -3.010187e-03
3.611111e+01 -1.044726e-01 -2.893087e-03
3.638889e+01 -1.011498e-01 -2.779690e-03
3.666667e+01 -9.789768e-02 -2.669937e-03
3.694444e+01 -9.471684e-02 -2.563764e-03
3.722222e+01 -9.160783e-02 -2.461106e-03
3.750000e+01 -8.857098e-02 -2.361893e-03
3.777778e+01 -8.560650e-02 -2.266054e-03
3.805556e+01 -8.271440e-02 -2.173517e-03
3.833333e+01 -7.989457e-02 -2.084206e-03
3.861111e+01 -7.714678e-02 -1.998046e-03
3.888889e+01 -7.447068e-02 -1.914960e-03
3.916667e+01 -7.186578e-02 -1.834871e-03
3.944444e+01 -6.933152e-02 -1.757700e-03
3.972222e+01 -6.686723e-02 -1.683371e-03
4.000000e+01 -6.447217e-02 -1.611804e-03
4.027778e+01 -6.214550e-02 -1.542923e-03
4.055556e+01 -5.988633e-02 -1.476649e-03
4.083333e+01 -5.769370e-02 -1.412907e-03
4.111111e+01 -5.556659e-02 -1.351620e-03
4.138889e+01 -5.350394e-02 -1.292713e-03
4.166667e+01 -5.150464e-02 -1.236111e-03
4.194444e+01 -4.956754e-02 -1.181743e-03
4.222222e+01 -4.769146e-02 -1.129535e-03
4.250000e+01 -4.587520e-02 -1.079416e-03
4.277778e+01 -4.411751e-02 -1.031318e-03
4.305556e+01 -4.241714e-02 -9.851722e-04
4.333333e+01 -4.077282e-02 -9.409112e-04
4.361111e+01 -3.918328e-02 -8.984701e-04
4.388889e+01 -3.764722e-02 -8.577848e-04
4.416667e+01 -3.616336e-02 -8.187932e-04
4.444444e+01 -3.473041e-02 -7.814342e-04
4.472222e+01 -3.334707e-02 -7.456487e-04
4.500000e+01 -3.201205e-02 -7.113789e-04
4.527778e+01 -3.072407e-02 -6.785684e-04
4.555556e+01 -2.948185e-02 -6.471627e-04
4.583333e+01 -2.828414e-02 -6.171085e-04
4.611111e+01 -2.712967e-02 -5.883543e-04
4.638889e+01 -2.601721e-02 -5.608501e-04
4.666667e+01 -2.494554e-02 -5.345472e-04
4.694444e+01 -2.391344e-02 -5.093987e-04
4.722222e+01 -2.291973e-02 -4.853589e-04
4.750000e+01 -2.196323e-02 -4.623839e-04
4.777778e+01 -2.104280e-02 -4.404308e-04
4.805556e+01 -2.015731e-02 -4.194585e-04
4.833333e+01 -1.930565e-02 -3.994272e-04
4.861111e+01 -1.848672e-02 -3.802983e-04
4.888889e+01 -1.769947e-02 -3.620347e-04
4.916667e+01 -1.694286e-02 -3.446005e-04
4.944444e+01 -1.621586e-02 -3.279612e-04
4.972222e+01 -1.551747e-02 -3.120832e-04
5.000000e+01 -1.484672e-02 -2.969344e-04
5.055556e+01 -1.358434e-02 -2.687012e-04
5.111111e+01 -1.242152e-02 -2.430297e-04
5.166667e+01 -1.135127e-02 -2.197020e-04
5.222222e+01 -1.036702e-02 -1.985173e-04
5.277778e+01 -9.462558e-03 -1.792906e-04
5.333333e+01 -8.632066e-03 -1.618512e-04
5.388889e+01 -7.870068e-03 -1.460425e-04
5.444444e+01 -7.171430e-03 -1.317201e-04
5.500000e+01 -6.531344e-03 -1.187517e-04
5.555556e+01 -5.945312e-03 -1.070156e-04
5.611111e+01 -5.409132e-03 -9.640037e-05
5.666667e+01 -4.918884e-03 -8.680383e-05
5.722222e+01 -4.470916e-03 -7.813251e-05
5.777778e+01 -4.061833e-03 -7.030095e-05
5.833333e+01 -3.688479e-03 -6.323107e-05
5.888889e+01 -3.347930e-03 -5.685163e-05
5.944444e+01 -3.037474e-03 -5.109770e-05
6.000000e+01 -2.754607e-03 -4.591011e-05
6.055556e+01 -2.497013e-03 -4.123508e-05
6.111111e+01 -2.262557e-03 -3.702366e-05
6.166667e+01 -2.049272e-03 -3.323144e-05
6.222222e+01 -1.855346e-03 -2.981806e-05
6.277778e+01 -1.679114e-03 -2.674694e-05
6.333333e+01 -1.519042e-03 -2.398488e-05
6.388889e+01 -1.373724e-03 -2.150176e-05
6.444444e+01 -1.241863e-03 -1.927028e-05
6.500000e+01 -1.122266e-03 -1.726563e-05
6.555556e+01 -1.013835e-03 -1.546528e-05
6.611111e+01 -9.155519e-04 -1.384868e-05
6.666667e+01 -8.264750e-04 -1.239712e-05
6.777778e+01 -6.732121e-04 -9.932638e-06
6.888889e+01 -5.472558e-04 -7.944035e-06
7.000000e+01 -4.441249e-04 -6.344641e-06
7.111111e+01 -3.599625e-04 -5.061973e-06
7.222222e+01 -2.914722e-04 -4.035769e-06
7.333333e+01 -2.358571e-04 -3.216233e-06
7.444444e+01 -1.907635e-04 -2.562495e-06
7.555556e+01 -1.542273e-04 -2.041243e-06
7.666667e+01 -1.246241e-04 -1.625532e-06
7.777778e+01 -1.006231e-04 -1.293726e-06
7.888889e+01 -8.114422e-05 -1.028589e-06
8.000000e+01 -6.531852e-05 -8.164815e-07
8.111111e+01 -5.245284e-05 -6.466788e-07
8.222222e+01 -4.199731e-05 -5.107781e-07
8.333333e+01 -3.351666e-05 -4.021999e-07
8.444444e+01 -2.666498e-05 -3.157695e-07
8.555556e+01 -2.116402e-05 -2.473717e-07
8.666667e+01 -1.678498e-05 -1.936729e-07
8.777778e+01 -1.333384e-05 -1.519045e-07
8.888889e+01 -1.064018e-05 -1.197020e-07
9.000000e+01 -8.549551e-06 -9.499501e-08
9.111111e+01 -6.919335e-06 -7.594392e-08
9.222222e+01 -5.618114e-06 -6.091930e-08
9.333333e+01 -4.528582e-06 -4.852053e-08
9.444444e+01 -3.553957e-06 -3.763013e-08
9.555556e+01 -2.627905e-06 -2.750133e-08
9.666667e+01 -1.727991e-06 -1.787577e-08
9.777778e+01 -8.926411e-07 -9.129283e-09
9.888889e+01 -2.416140e-07 -2.443288e-09
1.000000e+02 4.652230e-22
