# 
# Output from EIGENRAD program.
# 
# Eigenfunction for specific electronic state.
# The first column contains radius $r$ in bohr units.
# The second column holds value of eginefunction.
# 
# Use this file with gnuplot to create the plot.
#
0.000000e+00 0.000000e+00 6.384823e-08
3.472222e-02 1.433244e-04 4.127744e-03
6.944444e-02 5.633992e-04 8.112948e-03
1.041667e-01 1.245724e-03 1.195895e-02
1.388889e-01 2.176244e-03 1.566896e-02
1.736111e-01 3.341340e-03 1.924612e-02
2.083333e-01 4.727820e-03 2.269354e-02
2.430556e-01 6.322904e-03 2.601423e-02
2.777778e-01 8.114218e-03 2.921118e-02
3.125000e-01 1.008978e-02 3.228731e-02
3.472222e-01 1.223801e-02 3.524547e-02
3.819444e-01 1.454768e-02 3.808847e-02
4.166667e-01 1.700794e-02 4.081907e-02
4.513889e-01 1.960831e-02 4.343995e-02
4.861111e-01 2.233864e-02 4.595377e-02
5.208333e-01 2.518912e-02 4.836312e-02
5.555556e-01 2.815030e-02 5.067053e-02
5.902778e-01 3.121301e-02 5.287851e-02
6.250000e-01 3.436844e-02 5.498950e-02
6.597222e-01 3.760805e-02 5.700589e-02
6.944444e-01 4.092362e-02 5.893002e-02
7.291667e-01 4.430722e-02 6.076419e-02
7.638889e-01 4.775121e-02 6.251067e-02
7.986111e-01 5.124820e-02 6.417165e-02
8.333333e-01 5.479109e-02 6.574931e-02
8.680556e-01 5.837306e-02 6.724576e-02
9.027778e-01 6.198751e-02 6.866309e-02
9.375000e-01 6.562811e-02 7.000332e-02
9.722222e-01 6.928878e-02 7.126846e-02
1.006944e+00 7.296366e-02 7.246046e-02
1.041667e+00 7.664713e-02 7.358125e-02
1.076389e+00 8.033379e-02 7.463268e-02
1.111111e+00 8.401845e-02 7.561661e-02
1.145833e+00 8.769616e-02 7.653483e-02
1.180556e+00 9.136214e-02 7.738911e-02
1.215278e+00 9.501184e-02 7.818117e-02
1.250000e+00 9.864088e-02 7.891270e-02
1.284722e+00 1.022451e-01 7.958538e-02
1.319444e+00 1.058205e-01 8.020080e-02
1.354167e+00 1.093633e-01 8.076057e-02
1.388889e+00 1.128698e-01 8.126624e-02
1.423611e+00 1.163366e-01 8.171934e-02
1.458333e+00 1.197603e-01 8.212134e-02
1.493056e+00 1.231378e-01 8.247372e-02
1.527778e+00 1.264662e-01 8.277790e-02
1.562500e+00 1.297426e-01 8.303529e-02
1.597222e+00 1.329643e-01 8.324724e-02
1.631944e+00 1.361288e-01 8.341511e-02
1.666667e+00 1.392337e-01 8.354019e-02
1.701389e+00 1.422766e-01 8.362379e-02
1.736111e+00 1.452554e-01 8.366714e-02
1.770833e+00 1.481682e-01 8.367148e-02
1.805556e+00 1.510131e-01 8.363801e-02
1.840278e+00 1.537882e-01 8.356791e-02
1.875000e+00 1.564919e-01 8.346233e-02
1.909722e+00 1.591226e-01 8.332240e-02
1.944444e+00 1.616790e-01 8.314920e-02
1.979167e+00 1.641597e-01 8.294383e-02
2.013889e+00 1.665634e-01 8.270733e-02
2.048611e+00 1.688890e-01 8.244073e-02
2.083333e+00 1.711355e-01 8.214504e-02
2.152778e+00 1.753875e-01 8.147033e-02
2.222222e+00 1.793128e-01 8.069074e-02
2.291667e+00 1.829061e-01 7.981358e-02
2.361111e+00 1.861637e-01 7.884580e-02
2.430556e+00 1.890828e-01 7.779405e-02
2.500000e+00 1.916616e-01 7.666465e-02
2.569444e+00 1.938996e-01 7.546364e-02
2.638889e+00 1.957970e-01 7.419678e-02
2.708333e+00 1.973550e-01 7.286954e-02
2.777778e+00 1.985754e-01 7.148715e-02
2.847222e+00 1.994610e-01 7.005459e-02
2.916667e+00 2.000151e-01 6.857662e-02
2.986111e+00 2.002418e-01 6.705773e-02
3.055556e+00 2.001457e-01 6.550222e-02
3.125000e+00 1.997318e-01 6.391417e-02
3.194444e+00 1.990057e-01 6.229745e-02
3.263889e+00 1.979736e-01 6.065575e-02
3.333333e+00 1.966419e-01 5.899256e-02
3.402778e+00 1.950172e-01 5.731118e-02
3.472222e+00 1.931068e-01 5.561475e-02
3.541667e+00 1.909179e-01 5.390623e-02
3.611111e+00 1.884582e-01 5.218844e-02
3.680556e+00 1.857356e-01 5.046401e-02
3.750000e+00 1.827580e-01 4.873547e-02
3.819444e+00 1.795336e-01 4.700517e-02
3.888889e+00 1.760708e-01 4.527535e-02
3.958333e+00 1.723779e-01 4.354809e-02
4.027778e+00 1.684634e-01 4.182540e-02
4.097222e+00 1.643360e-01 4.010912e-02
4.166667e+00 1.600042e-01 3.840102e-02
4.305556e+00 1.507631e-01 3.501596e-02
4.444444e+00 1.408063e-01 3.168142e-02
4.583333e+00 1.302035e-01 2.840804e-02
4.722222e+00 1.190231e-01 2.520488e-02
4.861111e+00 1.073316e-01 2.207965e-02
5.000000e+00 9.519397e-02 1.903879e-02
5.138889e+00 8.267293e-02 1.608771e-02
5.277778e+00 6.982916e-02 1.323079e-02
5.416667e+00 5.672109e-02 1.047159e-02
5.555556e+00 4.340476e-02 7.812856e-03
5.694444e+00 2.993378e-02 5.256663e-03
5.833333e+00 1.635921e-02 2.804436e-03
5.972222e+00 2.729544e-03 4.570400e-04
6.111111e+00 -1.090939e-02 -1.785173e-03
6.250000e+00 -2.451442e-02 -3.922308e-03
6.388889e+00 -3.804508e-02 -5.954882e-03
6.527778e+00 -5.146356e-02 -7.883779e-03
6.666667e+00 -6.473475e-02 -9.710212e-03
6.805556e+00 -7.782616e-02 -1.143568e-02
6.944444e+00 -9.070794e-02 -1.306194e-02
7.083333e+00 -1.033527e-01 -1.459097e-02
7.222222e+00 -1.157357e-01 -1.602494e-02
7.361111e+00 -1.278342e-01 -1.736616e-02
7.500000e+00 -1.396282e-01 -1.861709e-02
7.638889e+00 -1.510995e-01 -1.978029e-02
7.777778e+00 -1.622320e-01 -2.085840e-02
7.916667e+00 -1.730115e-01 -2.185408e-02
8.055556e+00 -1.834255e-01 -2.277006e-02
8.194444e+00 -1.934629e-01 -2.360903e-02
8.333333e+00 -2.031141e-01 -2.437369e-02
8.472222e+00 -2.123742e-01 -2.506712e-02
8.611111e+00 -2.212367e-01 -2.569200e-02
8.750000e+00 -2.296973e-01 -2.625112e-02
8.888889e+00 -2.377534e-01 -2.674725e-02
9.027778e+00 -2.454033e-01 -2.718313e-02
9.166667e+00 -2.526467e-01 -2.756146e-02
9.305556e+00 -2.594844e-01 -2.788489e-02
9.444444e+00 -2.659182e-01 -2.815604e-02
9.583333e+00 -2.719507e-01 -2.837746e-02
9.722222e+00 -2.775856e-01 -2.855166e-02
9.861111e+00 -2.828273e-01 -2.868108e-02
1.000000e+01 -2.876809e-01 -2.876809e-02
1.013889e+01 -2.921523e-01 -2.881503e-02
1.027778e+01 -2.962479e-01 -2.882412e-02
1.041667e+01 -2.999747e-01 -2.879757e-02
1.055556e+01 -3.033400e-01 -2.873748e-02
1.069444e+01 -3.063519e-01 -2.864589e-02
1.083333e+01 -3.090186e-01 -2.852480e-02
1.097222e+01 -3.113488e-01 -2.837609e-02
1.111111e+01 -3.133513e-01 -2.820162e-02
1.125000e+01 -3.150354e-01 -2.800315e-02
1.138889e+01 -3.164104e-01 -2.778238e-02
1.152778e+01 -3.174858e-01 -2.754094e-02
1.166667e+01 -3.182714e-01 -2.728041e-02
1.180556e+01 -3.187769e-01 -2.700228e-02
1.194444e+01 -3.190121e-01 -2.670799e-02
1.208333e+01 -3.189869e-01 -2.639891e-02
1.222222e+01 -3.187112e-01 -2.607637e-02
1.236111e+01 -3.181949e-01 -2.574161e-02
1.250000e+01 -3.174478e-01 -2.539583e-02
1.263889e+01 -3.164798e-01 -2.504016e-02
1.277778e+01 -3.153004e-01 -2.467569e-02
1.291667e+01 -3.139193e-01 -2.430343e-02
1.305556e+01 -3.123460e-01 -2.392438e-02
1.319444e+01 -3.105899e-01 -2.353944e-02
1.333333e+01 -3.086601e-01 -2.314951e-02
1.347222e+01 -3.065658e-01 -2.275540e-02
1.361111e+01 -3.043157e-01 -2.235789e-02
1.375000e+01 -3.019188e-01 -2.195773e-02
1.388889e+01 -2.993833e-01 -2.155560e-02
1.402778e+01 -2.967179e-01 -2.115216e-02
1.416667e+01 -2.939304e-01 -2.074803e-02
1.430556e+01 -2.910290e-01 -2.034377e-02
1.444444e+01 -2.880213e-01 -1.993994e-02
1.458333e+01 -2.849149e-01 -1.953702e-02
1.472222e+01 -2.817171e-01 -1.913550e-02
1.486111e+01 -2.784350e-01 -1.873581e-02
1.500000e+01 -2.750755e-01 -1.833837e-02
1.513889e+01 -2.716452e-01 -1.794354e-02
1.527778e+01 -2.681506e-01 -1.755168e-02
1.541667e+01 -2.645979e-01 -1.716311e-02
1.555556e+01 -2.609931e-01 -1.677813e-02
1.569444e+01 -2.573420e-01 -1.639701e-02
1.583333e+01 -2.536501e-01 -1.602001e-02
1.597222e+01 -2.499229e-01 -1.564735e-02
1.611111e+01 -2.461654e-01 -1.527923e-02
1.625000e+01 -2.423826e-01 -1.491585e-02
1.638889e+01 -2.385793e-01 -1.455738e-02
1.652778e+01 -2.347600e-01 -1.420396e-02
1.666667e+01 -2.309290e-01 -1.385574e-02
1.694444e+01 -2.232484e-01 -1.317531e-02
1.722222e+01 -2.155682e-01 -1.251686e-02
1.750000e+01 -2.079164e-01 -1.188094e-02
1.777778e+01 -2.003182e-01 -1.126790e-02
1.805556e+01 -1.927963e-01 -1.067795e-02
1.833333e+01 -1.853705e-01 -1.011112e-02
1.861111e+01 -1.780586e-01 -9.567329e-03
1.888889e+01 -1.708760e-01 -9.046376e-03
1.916667e+01 -1.638360e-01 -8.547967e-03
1.944444e+01 -1.569502e-01 -8.071726e-03
1.972222e+01 -1.502283e-01 -7.617209e-03
2.000000e+01 -1.436783e-01 -7.183913e-03
2.027778e+01 -1.373067e-01 -6.771290e-03
2.055556e+01 -1.311188e-01 -6.378754e-03
2.083333e+01 -1.251185e-01 -6.005688e-03
2.111111e+01 -1.193085e-01 -5.651454e-03
2.138889e+01 -1.136904e-01 -5.315397e-03
2.166667e+01 -1.082651e-01 -4.996852e-03
2.194444e+01 -1.030324e-01 -4.695149e-03
2.222222e+01 -9.799149e-02 -4.409617e-03
2.250000e+01 -9.314075e-02 -4.139589e-03
2.277778e+01 -8.847806e-02 -3.884403e-03
2.305556e+01 -8.400075e-02 -3.643406e-03
2.333333e+01 -7.970570e-02 -3.415958e-03
2.361111e+01 -7.558938e-02 -3.201433e-03
2.388889e+01 -7.164797e-02 -2.999217e-03
2.416667e+01 -6.787733e-02 -2.808717e-03
2.444444e+01 -6.427311e-02 -2.629354e-03
2.472222e+01 -6.083077e-02 -2.460570e-03
2.500000e+01 -5.754562e-02 -2.301825e-03
2.527778e+01 -5.441273e-02 -2.152592e-03
2.555556e+01 -5.142738e-02 -2.012376e-03
2.583333e+01 -4.858454e-02 -1.880692e-03
2.611111e+01 -4.587924e-02 -1.757077e-03
2.638889e+01 -4.330648e-02 -1.641088e-03
2.666667e+01 -4.086133e-02 -1.532300e-03
2.694444e+01 -3.853889e-02 -1.430309e-03
2.722222e+01 -3.633432e-02 -1.334730e-03
2.750000e+01 -3.424285e-02 -1.245195e-03
2.777778e+01 -3.225981e-02 -1.161353e-03
2.805556e+01 -3.038060e-02 -1.082873e-03
2.833333e+01 -2.860072e-02 -1.009437e-03
2.861111e+01 -2.691580e-02 -9.407462e-04
2.888889e+01 -2.532155e-02 -8.765151e-04
2.916667e+01 -2.381382e-02 -8.164739e-04
2.944444e+01 -2.238860e-02 -7.603674e-04
2.972222e+01 -2.104196e-02 -7.079538e-04
3.000000e+01 -1.977015e-02 -6.590050e-04
3.027778e+01 -1.856952e-02 -6.133054e-04
3.055556e+01 -1.743658e-02 -5.706516e-04
3.083333e+01 -1.636794e-02 -5.308520e-04
3.111111e+01 -1.536037e-02 -4.937261e-04
3.138889e+01 -1.441076e-02 -4.591037e-04
3.166667e+01 -1.351612e-02 -4.268249e-04
3.194444e+01 -1.267360e-02 -3.967389e-04
3.222222e+01 -1.188047e-02 -3.687042e-04
3.250000e+01 -1.113408e-02 -3.425871e-04
3.277778e+01 -1.043193e-02 -3.182622e-04
3.305556e+01 -9.771585e-03 -2.956110e-04
3.333333e+01 -9.150718e-03 -2.745216e-04
3.361111e+01 -8.567265e-03 -2.548938e-04
3.388889e+01 -8.019108e-03 -2.366294e-04
3.416667e+01 -7.504270e-03 -2.196372e-04
3.444444e+01 -7.020874e-03 -2.038318e-04
3.472222e+01 -6.567136e-03 -1.891335e-04
3.500000e+01 -6.141360e-03 -1.754674e-04
3.527778e+01 -5.741938e-03 -1.627636e-04
3.555556e+01 -5.367345e-03 -1.509566e-04
3.583333e+01 -5.016134e-03 -1.399851e-04
3.611111e+01 -4.686935e-03 -1.297920e-04
3.638889e+01 -4.378450e-03 -1.203238e-04
3.666667e+01 -4.089451e-03 -1.115305e-04
3.694444e+01 -3.818775e-03 -1.033653e-04
3.722222e+01 -3.565325e-03 -9.578486e-05
3.750000e+01 -3.328063e-03 -8.874833e-05
3.777778e+01 -3.106006e-03 -8.221782e-05
3.805556e+01 -2.898231e-03 -7.615790e-05
3.833333e+01 -2.703864e-03 -7.053558e-05
3.861111e+01 -2.522080e-03 -6.532006e-05
3.888889e+01 -2.352104e-03 -6.048267e-05
3.916667e+01 -2.193202e-03 -5.599665e-05
3.944444e+01 -2.044687e-03 -5.183713e-05
3.972222e+01 -1.905907e-03 -4.798089e-05
4.000000e+01 -1.776253e-03 -4.440633e-05
4.027778e+01 -1.655150e-03 -4.109337e-05
4.055556e+01 -1.542055e-03 -3.802327e-05
4.083333e+01 -1.436460e-03 -3.517862e-05
4.111111e+01 -1.337887e-03 -3.254321e-05
4.138889e+01 -1.245887e-03 -3.010197e-05
4.166667e+01 -1.160036e-03 -2.784087e-05
4.194444e+01 -1.079941e-03 -2.574694e-05
4.222222e+01 -1.005227e-03 -2.380801e-05
4.250000e+01 -9.355451e-04 -2.201283e-05
4.277778e+01 -8.705688e-04 -2.035096e-05
4.305556e+01 -8.099912e-04 -1.881270e-05
4.333333e+01 -7.535241e-04 -1.738902e-05
4.361111e+01 -7.008974e-04 -1.607153e-05
4.388889e+01 -6.518580e-04 -1.485246e-05
4.416667e+01 -6.061686e-04 -1.372457e-05
4.444444e+01 -5.636072e-04 -1.268116e-05
4.472222e+01 -5.239656e-04 -1.171600e-05
4.500000e+01 -4.870494e-04 -1.082332e-05
4.527778e+01 -4.526764e-04 -9.997760e-06
4.555556e+01 -4.206762e-04 -9.234356e-06
4.583333e+01 -3.908897e-04 -8.528503e-06
4.611111e+01 -3.631678e-04 -7.875929e-06
4.638889e+01 -3.373714e-04 -7.272676e-06
4.666667e+01 -3.133701e-04 -6.715074e-06
4.694444e+01 -2.910424e-04 -6.199719e-06
4.722222e+01 -2.702744e-04 -5.723458e-06
4.750000e+01 -2.509599e-04 -5.283366e-06
4.777778e+01 -2.329994e-04 -4.876732e-06
4.805556e+01 -2.163003e-04 -4.501046e-06
4.833333e+01 -2.007757e-04 -4.153979e-06
4.861111e+01 -1.863447e-04 -3.833377e-06
4.888889e+01 -1.729320e-04 -3.537245e-06
4.916667e+01 -1.604672e-04 -3.263739e-06
4.944444e+01 -1.488849e-04 -3.011155e-06
4.972222e+01 -1.381245e-04 -2.777923e-06
5.000000e+01 -1.281299e-04 -2.562598e-06
5.055556e+01 -1.102357e-04 -2.180486e-06
5.111111e+01 -9.478719e-05 -1.854532e-06
5.166667e+01 -8.146576e-05 -1.576757e-06
5.222222e+01 -6.998979e-05 -1.340230e-06
5.277778e+01 -6.011131e-05 -1.138951e-06
5.333333e+01 -5.161288e-05 -9.677415e-07
5.388889e+01 -4.430457e-05 -8.221467e-07
5.444444e+01 -3.802117e-05 -6.983481e-07
5.500000e+01 -3.261950e-05 -5.930819e-07
5.555556e+01 -2.797596e-05 -5.035673e-07
5.611111e+01 -2.398418e-05 -4.274408e-07
5.666667e+01 -2.055289e-05 -3.626980e-07
5.722222e+01 -1.760394e-05 -3.076416e-07
5.777778e+01 -1.507046e-05 -2.608349e-07
5.833333e+01 -1.289525e-05 -2.210615e-07
5.888889e+01 -1.102927e-05 -1.872895e-07
5.944444e+01 -9.430317e-06 -1.586409e-07
6.000000e+01 -8.061923e-06 -1.343654e-07
6.055556e+01 -6.892341e-06 -1.138185e-07
6.111111e+01 -5.893749e-06 -9.644317e-08
6.166667e+01 -5.041608e-06 -8.175581e-08
6.222222e+01 -4.314183e-06 -6.933509e-08
6.277778e+01 -3.692238e-06 -5.881441e-08
6.333333e+01 -3.158896e-06 -4.987731e-08
6.388889e+01 -2.699670e-06 -4.225570e-08
6.444444e+01 -2.302652e-06 -3.573081e-08
6.500000e+01 -1.958885e-06 -3.013669e-08
6.555556e+01 -1.662884e-06 -2.536602e-08
6.611111e+01 -1.413343e-06 -2.137830e-08
6.666667e+01 -1.213997e-06 -1.820996e-08
6.777778e+01 -8.873125e-07 -1.309150e-08
6.888889e+01 -6.430813e-07 -9.335051e-09
7.000000e+01 -4.631240e-07 -6.616056e-09
7.111111e+01 -3.324454e-07 -4.675013e-09
7.222222e+01 -2.388494e-07 -3.307145e-09
7.333333e+01 -1.725769e-07 -2.353321e-09
7.444444e+01 -1.259682e-07 -1.692110e-09
7.555556e+01 -9.314912e-08 -1.232856e-09
7.666667e+01 -6.974112e-08 -9.096668e-10
7.777778e+01 -5.259526e-08 -6.762248e-10
7.888889e+01 -3.955024e-08 -5.013410e-10
8.000000e+01 -2.921433e-08 -3.651791e-10
8.111111e+01 -2.077122e-08 -2.560835e-10
8.222222e+01 -1.380986e-08 -1.679578e-10
8.333333e+01 -8.178198e-09 -9.813838e-11
8.444444e+01 -3.860882e-09 -4.572097e-11
8.555556e+01 -8.809212e-10 -1.029648e-11
8.666667e+01 7.747300e-10 8.939193e-12
8.777778e+01 1.205639e-09 1.373513e-11
8.888889e+01 6.244139e-10 7.024656e-12
9.000000e+01 -6.407173e-10 -7.119081e-12
9.111111e+01 -2.167274e-09 -2.378716e-11
9.222222e+01 -3.483834e-09 -3.777652e-11
9.333333e+01 -4.139287e-09 -4.434950e-11
9.444444e+01 -3.796031e-09 -4.019327e-11
9.555556e+01 -2.347118e-09 -2.456287e-11
9.666667e+01 -5.733853e-11 -5.931573e-13
9.777778e+01 2.271751e-09 2.323381e-11
9.888889e+01 3.112850e-09 3.147826e-11
1.000000e+02 4.125400e-23
