# 
# Output from EIGENRAD program.
# 
# Eigenfunction for specific electronic state.
# The first column contains radius $r$ in bohr units.
# The second column holds value of eginefunction.
# 
# Use this file with gnuplot to create the plot.
#
0.000000e+00 0.000000e+00 -2.522548e-06
4.861111e-02 1.019481e-06 2.097218e-05
9.722222e-02 8.167973e-06 8.401344e-05
1.458333e-01 2.695952e-05 1.848653e-04
1.944444e-01 6.257660e-05 3.218225e-04
2.430556e-01 1.198778e-04 4.932114e-04
2.916667e-01 2.034055e-04 6.973903e-04
3.402778e-01 3.173943e-04 9.327505e-04
3.888889e-01 4.657787e-04 1.197717e-03
4.375000e-01 6.522018e-04 1.490747e-03
4.861111e-01 8.800240e-04 1.810335e-03
5.347222e-01 1.152331e-03 2.155009e-03
5.833333e-01 1.471945e-03 2.523334e-03
6.319444e-01 1.841430e-03 2.913911e-03
6.805556e-01 2.263103e-03 3.325376e-03
7.291667e-01 2.739047e-03 3.756407e-03
7.777778e-01 3.271114e-03 4.205718e-03
8.263889e-01 3.860939e-03 4.672061e-03
8.750000e-01 4.509951e-03 5.154230e-03
9.236111e-01 5.219379e-03 5.651057e-03
9.722222e-01 5.990266e-03 6.161417e-03
1.020833e+00 6.823480e-03 6.684225e-03
1.069444e+00 7.719719e-03 7.218439e-03
1.118056e+00 8.679531e-03 7.763059e-03
1.166667e+00 9.703318e-03 8.317129e-03
1.215278e+00 1.079135e-02 8.879737e-03
1.263889e+00 1.194377e-02 9.450016e-03
1.312500e+00 1.316062e-02 1.002714e-02
1.361111e+00 1.444185e-02 1.061034e-02
1.409722e+00 1.578731e-02 1.119888e-02
1.458333e+00 1.719678e-02 1.179208e-02
1.506944e+00 1.866955e-02 1.238901e-02
1.555556e+00 2.020522e-02 1.298907e-02
1.604167e+00 2.180320e-02 1.359160e-02
1.652778e+00 2.346278e-02 1.419597e-02
1.701389e+00 2.518321e-02 1.480156e-02
1.750000e+00 2.696363e-02 1.540779e-02
1.798611e+00 2.880314e-02 1.601410e-02
1.847222e+00 3.070077e-02 1.661996e-02
1.895833e+00 3.265546e-02 1.722486e-02
1.944444e+00 3.466614e-02 1.782830e-02
1.993056e+00 3.673166e-02 1.842982e-02
2.041667e+00 3.885082e-02 1.902897e-02
2.090278e+00 4.102240e-02 1.962533e-02
2.138889e+00 4.324511e-02 2.021849e-02
2.187500e+00 4.551764e-02 2.080806e-02
2.236111e+00 4.783865e-02 2.139368e-02
2.284722e+00 5.020675e-02 2.197499e-02
2.333333e+00 5.262055e-02 2.255167e-02
2.381944e+00 5.507862e-02 2.312338e-02
2.430556e+00 5.757950e-02 2.368985e-02
2.479167e+00 6.012172e-02 2.425078e-02
2.527778e+00 6.270381e-02 2.480590e-02
2.576389e+00 6.532427e-02 2.535497e-02
2.625000e+00 6.798157e-02 2.589774e-02
2.673611e+00 7.067421e-02 2.643399e-02
2.722222e+00 7.340066e-02 2.696351e-02
2.770833e+00 7.615938e-02 2.748609e-02
2.819444e+00 7.894885e-02 2.800156e-02
2.868056e+00 8.176752e-02 2.850974e-02
2.916667e+00 8.461385e-02 2.901046e-02
3.013889e+00 9.038331e-02 2.998893e-02
3.111111e+00 9.624521e-02 3.093596e-02
3.208333e+00 1.021873e-01 3.185060e-02
3.305556e+00 1.081977e-01 3.273208e-02
3.402778e+00 1.142645e-01 3.357977e-02
3.500000e+00 1.203761e-01 3.439317e-02
3.597222e+00 1.265213e-01 3.517194e-02
3.694444e+00 1.326889e-01 3.591580e-02
3.791667e+00 1.388684e-01 3.662462e-02
3.888889e+00 1.450491e-01 3.729834e-02
3.986111e+00 1.512211e-01 3.793700e-02
4.083333e+00 1.573745e-01 3.854070e-02
4.180556e+00 1.635000e-01 3.910963e-02
4.277778e+00 1.695884e-01 3.964404e-02
4.375000e+00 1.756311e-01 4.014426e-02
4.472222e+00 1.816198e-01 4.061064e-02
4.569444e+00 1.875466e-01 4.104362e-02
4.666667e+00 1.934038e-01 4.144367e-02
4.763889e+00 1.991843e-01 4.181129e-02
4.861111e+00 2.048814e-01 4.214703e-02
4.958333e+00 2.104886e-01 4.245149e-02
5.055556e+00 2.160000e-01 4.272527e-02
5.152778e+00 2.214098e-01 4.296902e-02
5.250000e+00 2.267129e-01 4.318340e-02
5.347222e+00 2.319042e-01 4.336909e-02
5.444444e+00 2.369792e-01 4.352680e-02
5.541667e+00 2.419338e-01 4.365723e-02
5.638889e+00 2.467640e-01 4.376110e-02
5.736111e+00 2.514661e-01 4.383913e-02
5.833333e+00 2.560370e-01 4.389206e-02
5.930556e+00 2.604739e-01 4.392066e-02
6.027778e+00 2.647741e-01 4.392565e-02
6.125000e+00 2.689352e-01 4.390779e-02
6.222222e+00 2.729554e-01 4.386782e-02
6.319444e+00 2.768327e-01 4.380650e-02
6.416667e+00 2.805659e-01 4.372455e-02
6.513889e+00 2.841535e-01 4.362272e-02
6.611111e+00 2.875948e-01 4.350174e-02
6.708333e+00 2.908890e-01 4.336233e-02
6.805556e+00 2.940355e-01 4.320521e-02
6.902778e+00 2.970341e-01 4.303110e-02
7.000000e+00 2.998848e-01 4.284068e-02
7.097222e+00 3.025876e-01 4.263466e-02
7.194444e+00 3.051430e-01 4.241370e-02
7.291667e+00 3.075514e-01 4.217848e-02
7.388889e+00 3.098135e-01 4.192965e-02
7.486111e+00 3.119302e-01 4.166785e-02
7.583333e+00 3.139024e-01 4.139373e-02
7.680556e+00 3.157314e-01 4.110789e-02
7.777778e+00 3.174184e-01 4.081094e-02
7.875000e+00 3.189649e-01 4.050348e-02
7.972222e+00 3.203724e-01 4.018608e-02
8.069444e+00 3.216425e-01 3.985931e-02
8.166667e+00 3.227770e-01 3.952372e-02
8.263889e+00 3.237779e-01 3.917985e-02
8.361111e+00 3.246470e-01 3.882822e-02
8.458333e+00 3.253865e-01 3.846934e-02
8.555556e+00 3.259984e-01 3.810371e-02
8.652778e+00 3.264849e-01 3.773180e-02
8.750000e+00 3.268483e-01 3.735409e-02
8.847222e+00 3.270910e-01 3.697103e-02
8.944444e+00 3.272152e-01 3.658307e-02
9.041667e+00 3.272235e-01 3.619062e-02
9.138889e+00 3.271183e-01 3.579410e-02
9.236111e+00 3.269021e-01 3.539392e-02
9.333333e+00 3.265775e-01 3.499045e-02
9.430556e+00 3.261471e-01 3.458408e-02
9.527778e+00 3.256133e-01 3.417516e-02
9.625000e+00 3.249789e-01 3.376404e-02
9.722222e+00 3.242464e-01 3.335106e-02
9.819444e+00 3.234186e-01 3.293655e-02
9.916667e+00 3.224980e-01 3.252081e-02
1.001389e+01 3.214873e-01 3.210414e-02
1.011111e+01 3.203892e-01 3.168684e-02
1.020833e+01 3.192062e-01 3.126918e-02
1.030556e+01 3.179411e-01 3.085143e-02
1.040278e+01 3.165965e-01 3.043384e-02
1.050000e+01 3.151749e-01 3.001666e-02
1.059722e+01 3.136791e-01 2.960012e-02
1.069444e+01 3.121115e-01 2.918445e-02
1.079167e+01 3.104748e-01 2.876986e-02
1.088889e+01 3.087714e-01 2.835656e-02
1.098611e+01 3.070040e-01 2.794474e-02
1.108333e+01 3.051749e-01 2.753458e-02
1.118056e+01 3.032868e-01 2.712627e-02
1.127778e+01 3.013419e-01 2.671997e-02
1.137500e+01 2.993428e-01 2.631585e-02
1.147222e+01 2.972918e-01 2.591405e-02
1.156944e+01 2.951912e-01 2.551473e-02
1.166667e+01 2.930434e-01 2.511800e-02
1.186111e+01 2.886152e-01 2.433289e-02
1.205556e+01 2.840246e-01 2.355964e-02
1.225000e+01 2.792889e-01 2.279909e-02
1.244444e+01 2.744246e-01 2.205198e-02
1.263889e+01 2.694477e-01 2.131894e-02
1.283333e+01 2.643733e-01 2.060052e-02
1.302778e+01 2.592158e-01 1.989717e-02
1.322222e+01 2.539892e-01 1.920927e-02
1.341667e+01 2.487066e-01 1.853714e-02
1.361111e+01 2.433803e-01 1.788100e-02
1.380556e+01 2.380224e-01 1.724106e-02
1.400000e+01 2.326438e-01 1.661741e-02
1.419444e+01 2.272552e-01 1.601015e-02
1.438889e+01 2.218664e-01 1.541929e-02
1.458333e+01 2.164868e-01 1.484481e-02
1.477778e+01 2.111249e-01 1.428665e-02
1.497222e+01 2.057890e-01 1.374472e-02
1.516667e+01 2.004864e-01 1.321888e-02
1.536111e+01 1.952242e-01 1.270899e-02
1.555556e+01 1.900088e-01 1.221485e-02
1.575000e+01 1.848461e-01 1.173626e-02
1.594444e+01 1.797414e-01 1.127298e-02
1.613889e+01 1.746998e-01 1.082477e-02
1.633333e+01 1.697256e-01 1.039136e-02
1.652778e+01 1.648229e-01 9.972480e-03
1.672222e+01 1.599954e-01 9.567830e-03
1.691667e+01 1.552462e-01 9.177115e-03
1.711111e+01 1.505783e-01 8.800028e-03
1.730556e+01 1.459942e-01 8.436259e-03
1.750000e+01 1.414961e-01 8.085492e-03
1.769444e+01 1.370858e-01 7.747392e-03
1.788889e+01 1.327648e-01 7.421637e-03
1.808333e+01 1.285345e-01 7.107899e-03
1.827778e+01 1.243958e-01 6.805850e-03
1.847222e+01 1.203495e-01 6.515161e-03
1.866667e+01 1.163961e-01 6.235506e-03
1.886111e+01 1.125359e-01 5.966560e-03
1.905556e+01 1.087691e-01 5.708000e-03
1.925000e+01 1.050955e-01 5.459507e-03
1.944444e+01 1.015149e-01 5.220767e-03
1.963889e+01 9.802690e-02 4.991469e-03
1.983333e+01 9.463090e-02 4.771306e-03
2.002778e+01 9.132621e-02 4.559977e-03
2.022222e+01 8.811200e-02 4.357187e-03
2.041667e+01 8.498735e-02 4.162645e-03
2.061111e+01 8.195119e-02 3.976069e-03
2.080556e+01 7.900241e-02 3.797178e-03
2.100000e+01 7.613977e-02 3.625703e-03
2.119444e+01 7.336199e-02 3.461378e-03
2.138889e+01 7.066770e-02 3.303944e-03
2.158333e+01 6.805548e-02 3.153150e-03
2.177778e+01 6.552386e-02 3.008749e-03
2.197222e+01 6.307133e-02 2.870503e-03
2.216667e+01 6.069634e-02 2.738181e-03
2.236111e+01 5.839730e-02 2.611556e-03
2.255556e+01 5.617260e-02 2.490411e-03
2.275000e+01 5.402060e-02 2.374532e-03
2.294444e+01 5.193967e-02 2.263715e-03
2.313889e+01 4.992814e-02 2.157759e-03
2.333333e+01 4.798433e-02 2.056471e-03
2.372222e+01 4.429301e-02 1.867152e-03
2.411111e+01 4.085307e-02 1.694367e-03
2.450000e+01 3.765101e-02 1.536776e-03
2.488889e+01 3.467368e-02 1.393139e-03
2.527778e+01 3.190831e-02 1.262307e-03
2.566667e+01 2.934253e-02 1.143215e-03
2.605556e+01 2.696439e-02 1.034881e-03
2.644444e+01 2.476238e-02 9.363926e-04
2.683333e+01 2.272543e-02 8.469104e-04
2.722222e+01 2.084292e-02 7.656582e-04
2.761111e+01 1.910470e-02 6.919207e-04
2.800000e+01 1.750109e-02 6.250389e-04
2.838889e+01 1.602288e-02 5.644067e-04
2.877778e+01 1.466133e-02 5.094671e-04
2.916667e+01 1.340817e-02 4.597088e-04
2.955556e+01 1.225561e-02 4.146634e-04
2.994444e+01 1.119629e-02 3.739020e-04
3.033333e+01 1.022332e-02 3.370324e-04
3.072222e+01 9.330235e-03 3.036966e-04
3.111111e+01 8.511010e-03 2.735682e-04
3.150000e+01 7.760010e-03 2.463495e-04
3.188889e+01 7.071995e-03 2.217699e-04
3.227778e+01 6.442087e-03 1.995827e-04
3.266667e+01 5.865753e-03 1.795639e-04
3.305556e+01 5.338772e-03 1.615091e-04
3.344444e+01 4.857213e-03 1.452323e-04
3.383333e+01 4.417397e-03 1.305635e-04
3.422222e+01 4.015871e-03 1.173469e-04
3.461111e+01 3.649362e-03 1.054390e-04
3.500000e+01 3.314749e-03 9.470712e-05
3.538889e+01 3.009897e-03 8.505203e-05
3.577778e+01 2.732076e-03 7.636237e-05
3.616667e+01 2.479014e-03 6.854415e-05
3.655556e+01 2.248612e-03 6.151217e-05
3.694444e+01 2.038935e-03 5.518921e-05
3.733333e+01 1.848200e-03 4.950535e-05
3.772222e+01 1.674766e-03 4.439734e-05
3.811111e+01 1.517127e-03 3.980800e-05
3.850000e+01 1.373898e-03 3.568567e-05
3.888889e+01 1.243810e-03 3.198369e-05
3.927778e+01 1.125700e-03 2.865997e-05
3.966667e+01 1.018503e-03 2.567654e-05
4.005556e+01 9.212446e-04 2.299917e-05
4.044444e+01 8.330350e-04 2.059702e-05
4.083333e+01 7.530600e-04 1.844229e-05
4.122222e+01 6.805764e-04 1.650994e-05
4.161111e+01 6.149052e-04 1.477743e-05
4.200000e+01 5.554268e-04 1.322445e-05
4.238889e+01 5.015753e-04 1.183271e-05
4.277778e+01 4.528339e-04 1.058573e-05
4.316667e+01 4.087313e-04 9.468678e-06
4.355556e+01 3.688369e-04 8.468195e-06
4.394444e+01 3.327583e-04 7.572249e-06
4.433333e+01 3.001376e-04 6.770022e-06
4.472222e+01 2.706495e-04 6.051789e-06
4.511111e+01 2.439983e-04 5.408828e-06
4.550000e+01 2.199169e-04 4.833339e-06
4.588889e+01 1.981654e-04 4.318375e-06
4.627778e+01 1.785297e-04 3.857786e-06
4.666667e+01 1.608216e-04 3.446176e-06
4.705556e+01 1.448322e-04 3.077897e-06
4.744444e+01 1.304032e-04 2.748545e-06
4.783333e+01 1.173871e-04 2.454086e-06
4.822222e+01 1.056494e-04 2.190886e-06
4.861111e+01 9.506735e-05 1.955671e-06
4.900000e+01 8.552959e-05 1.745502e-06
4.938889e+01 7.693486e-05 1.557736e-06
4.977778e+01 6.919141e-05 1.390006e-06
5.016667e+01 6.221614e-05 1.240189e-06
5.055556e+01 5.593389e-05 1.106385e-06
5.094444e+01 5.027675e-05 9.868937e-07
5.133333e+01 4.518341e-05 8.801964e-07
5.172222e+01 4.059856e-05 7.849345e-07
5.211111e+01 3.647227e-05 6.998943e-07
5.250000e+01 3.275953e-05 6.239910e-07
5.288889e+01 2.941970e-05 5.562549e-07
5.327778e+01 2.641612e-05 4.958187e-07
5.366667e+01 2.371563e-05 4.419062e-07
5.405556e+01 2.128826e-05 3.938219e-07
5.444444e+01 1.910688e-05 3.509428e-07
5.483333e+01 1.714691e-05 3.127096e-07
5.522222e+01 1.538607e-05 2.786210e-07
5.561111e+01 1.380419e-05 2.482271e-07
5.600000e+01 1.238301e-05 2.211252e-07
5.638889e+01 1.110610e-05 1.969555e-07
5.677778e+01 9.958744e-06 1.753986e-07
5.716667e+01 8.927885e-06 1.561729e-07
5.755556e+01 8.002149e-06 1.390335e-07
5.794444e+01 7.171860e-06 1.237713e-07
5.833333e+01 6.429124e-06 1.102136e-07
5.872222e+01 5.761299e-06 9.811105e-08
5.911111e+01 5.162008e-06 8.732720e-08
5.950000e+01 4.624397e-06 7.772096e-08
5.988889e+01 4.142252e-06 6.916561e-08
6.027778e+01 3.709942e-06 6.154743e-08
6.066667e+01 3.322383e-06 5.476456e-08
6.105556e+01 2.974986e-06 4.872588e-08
6.144444e+01 2.663618e-06 4.335002e-08
6.183333e+01 2.384564e-06 3.856438e-08
6.222222e+01 2.134487e-06 3.430425e-08
6.261111e+01 1.910393e-06 3.051205e-08
6.300000e+01 1.709601e-06 2.713653e-08
6.338889e+01 1.529707e-06 2.413211e-08
6.377778e+01 1.368559e-06 2.145825e-08
6.416667e+01 1.224229e-06 1.907890e-08
6.455556e+01 1.094989e-06 1.696196e-08
6.494444e+01 9.792875e-07 1.507885e-08
6.533333e+01 8.757316e-07 1.340406e-08
6.572222e+01 7.830676e-07 1.191481e-08
6.611111e+01 7.001654e-07 1.059074e-08
6.650000e+01 6.260055e-07 9.413616e-09
6.688889e+01 5.596669e-07 8.367113e-09
6.727778e+01 5.003186e-07 7.436609e-09
6.766667e+01 4.472120e-07 6.609045e-09
6.805556e+01 3.996767e-07 5.872800e-09
6.844444e+01 3.571169e-07 5.217617e-09
6.883333e+01 3.190120e-07 4.634557e-09
6.922222e+01 2.849173e-07 4.115981e-09
6.961111e+01 2.544686e-07 3.655574e-09
7.000000e+01 2.273877e-07 3.248395e-09
7.077778e+01 1.815759e-07 2.565437e-09
7.155556e+01 1.447113e-07 2.022363e-09
7.233333e+01 1.151864e-07 1.592439e-09
7.311111e+01 9.163622e-08 1.253383e-09
7.388889e+01 7.291152e-08 9.867724e-10
7.466667e+01 5.805411e-08 7.775103e-10
7.544444e+01 4.627341e-08 6.133441e-10
7.622222e+01 3.692462e-08 4.844338e-10
7.700000e+01 2.948843e-08 3.829667e-10
7.777778e+01 2.355218e-08 3.028137e-10
7.855556e+01 1.879262e-08 2.392271e-10
7.933333e+01 1.496018e-08 1.885737e-10
8.011111e+01 1.186473e-08 1.481034e-10
8.088889e+01 9.362899e-09 1.157501e-10
8.166667e+01 7.346901e-09 8.996206e-11
8.244444e+01 5.734894e-09 6.956071e-11
8.322222e+01 4.462858e-09 5.362579e-11
8.400000e+01 3.477999e-09 4.140475e-11
8.477778e+01 2.733683e-09 3.224528e-11
8.555556e+01 2.185886e-09 2.554932e-11
8.633333e+01 1.791173e-09 2.074717e-11
8.711111e+01 1.506200e-09 1.729056e-11
8.788889e+01 1.288745e-09 1.466335e-11
8.866667e+01 1.100258e-09 1.240893e-11
8.944444e+01 9.099352e-10 1.017319e-11
9.022222e+01 7.003234e-10 7.762205e-12
9.100000e+01 4.744444e-10 5.213675e-12
9.177778e+01 2.644451e-10 2.881363e-12
9.255556e+01 1.417720e-10 1.531750e-12
9.333333e+01 2.288704e-10 2.452183e-12
9.488889e+01 1.472527e-10 1.551843e-12
9.644444e+01 9.146785e-11 9.483994e-13
9.800000e+01 5.479261e-11 5.591083e-13
9.955556e+01 3.182686e-11 3.196894e-13
1.011111e+02 1.831976e-11 1.811844e-13
1.026667e+02 1.100736e-11 1.072146e-13
1.042222e+02 7.461616e-12 7.159333e-14
1.057778e+02 5.950834e-12 5.625789e-14
1.073333e+02 5.311609e-12 4.948704e-14
1.088889e+02 4.832160e-12 4.437698e-14
1.104444e+02 4.147131e-12 3.754948e-14
1.120000e+02 3.143828e-12 2.806990e-14
1.135556e+02 1.879900e-12 1.655489e-14
1.151111e+02 5.124604e-13 4.451876e-15
1.166667e+02 -7.613443e-13 -6.525809e-15
1.182222e+02 -1.752327e-12 -1.482231e-14
1.197778e+02 -2.315807e-12 -1.933419e-14
1.213333e+02 -2.376716e-12 -1.958832e-14
1.228889e+02 -1.943262e-12 -1.581316e-14
1.244444e+02 -1.109147e-12 -8.912787e-15
1.260000e+02 -4.434491e-14 -3.519437e-16
1.275556e+02 1.025564e-12 8.040133e-15
1.291111e+02 1.851501e-12 1.434037e-14
1.306667e+02 2.204441e-12 1.687073e-14
1.322222e+02 1.930410e-12 1.459974e-14
1.337778e+02 1.016913e-12 7.601511e-15
1.353333e+02 -3.291757e-13 -2.432333e-15
1.368889e+02 -1.592298e-12 -1.163205e-14
1.384444e+02 -1.847442e-12 -1.334429e-14
1.400000e+02 3.520625e-13 2.514732e-15
1.404667e+02 3.044083e-13 2.167121e-15
1.409333e+02 2.631486e-13 1.867185e-15
1.414000e+02 2.274551e-13 1.608594e-15
1.418667e+02 1.965961e-13 1.385781e-15
1.423333e+02 1.699275e-13 1.193870e-15
1.428000e+02 1.468847e-13 1.028605e-15
1.432667e+02 1.269749e-13 8.862835e-16
1.437333e+02 1.097693e-13 7.637007e-16
1.442000e+02 9.489643e-14 6.580890e-16
1.446667e+02 8.203575e-14 5.670674e-16
1.451333e+02 7.091122e-14 4.885936e-16
1.456000e+02 6.128589e-14 4.209196e-16
1.460667e+02 5.295667e-14 3.625514e-16
1.465333e+02 4.574960e-14 3.122129e-16
1.470000e+02 3.951550e-14 2.688130e-16
1.474667e+02 3.412617e-14 2.314161e-16
1.479333e+02 2.947091e-14 1.992175e-16
1.484000e+02 2.545361e-14 1.715203e-16
1.488667e+02 2.199017e-14 1.477172e-16
1.493333e+02 1.900646e-14 1.272754e-16
1.498000e+02 1.643661e-14 1.097237e-16
1.502667e+02 1.422189e-14 9.464437e-17
1.507333e+02 1.230988e-14 8.166664e-17
1.512000e+02 1.065420e-14 7.046431e-17
1.516667e+02 9.214622e-15 6.075575e-17
1.521333e+02 7.957634e-15 5.230697e-17
1.526000e+02 6.857475e-15 4.493758e-17
1.530667e+02 5.897578e-15 3.852947e-17
1.535333e+02 5.072472e-15 3.303825e-17
1.540000e+02 4.390128e-15 2.850733e-17
1.545133e+02 3.742445e-15 2.422085e-17
1.550267e+02 3.184425e-15 2.054114e-17
1.555400e+02 2.705594e-15 1.739485e-17
1.560533e+02 2.296314e-15 1.471493e-17
1.565667e+02 1.947756e-15 1.244043e-17
1.570800e+02 1.651886e-15 1.051621e-17
1.575933e+02 1.401432e-15 8.892709e-18
1.581067e+02 1.189863e-15 7.525697e-18
1.586200e+02 1.011357e-15 6.375973e-18
1.591333e+02 8.607686e-16 5.409103e-18
1.596467e+02 7.335966e-16 4.595126e-18
1.601600e+02 6.259457e-16 3.908252e-18
1.606733e+02 5.344888e-16 3.326556e-18
1.611867e+02 4.564258e-16 2.831660e-18
1.617000e+02 3.894398e-16 2.408409e-18
1.622133e+02 3.316514e-16 2.044538e-18
1.627267e+02 2.815706e-16 1.730329e-18
1.632400e+02 2.380467e-16 1.458262e-18
1.637533e+02 2.002148e-16 1.222661e-18
1.642667e+02 1.674414e-16 1.019327e-18
1.647800e+02 1.392666e-16 8.451666e-19
1.652933e+02 1.153443e-16 6.978160e-19
1.658067e+02 9.538058e-17 5.752518e-19
1.663200e+02 7.906863e-17 4.754006e-19
1.668333e+02 6.602248e-17 3.957391e-19
1.673467e+02 5.570775e-17 3.328883e-19
1.678600e+02 4.737034e-17 2.822015e-19
1.683733e+02 3.996261e-17 2.373453e-19
1.688867e+02 3.206743e-17 1.898754e-19
1.694000e+02 2.181972e-17 1.288059e-19
1.699647e+02 2.375389e-17 1.397578e-19
1.705293e+02 2.269588e-17 1.330908e-19
1.710940e+02 2.017757e-17 1.179327e-19
1.716587e+02 1.728552e-17 1.006970e-19
1.722233e+02 1.473447e-17 8.555444e-20
1.727880e+02 1.293534e-17 7.486249e-20
1.733527e+02 1.205763e-17 6.955548e-20
1.739173e+02 1.208636e-17 6.949485e-20
1.744820e+02 1.287348e-17 7.378111e-20
1.750467e+02 1.418372e-17 8.102824e-20
1.756113e+02 1.573501e-17 8.960132e-20
1.761760e+02 1.723323e-17 9.781826e-20
1.767407e+02 1.840160e-17 1.041164e-19
1.773053e+02 1.900446e-17 1.071849e-19
1.778700e+02 1.886550e-17 1.060634e-19
1.784347e+02 1.788056e-17 1.002079e-19
1.789993e+02 1.602485e-17 8.952466e-20
1.795640e+02 1.335466e-17 7.437273e-20
1.801287e+02 1.000354e-17 5.553552e-20
1.806933e+02 6.172956e-18 3.416261e-20
1.812580e+02 2.117477e-18 1.168211e-20
1.818227e+02 -1.875637e-18 -1.031575e-20
1.823873e+02 -5.512316e-18 -3.022313e-20
1.829520e+02 -8.523098e-18 -4.658652e-20
1.835167e+02 -1.070007e-17 -5.830572e-20
1.840813e+02 -1.193933e-17 -6.485902e-20
1.846460e+02 -1.228897e-17 -6.655423e-20
1.852107e+02 -1.200256e-17 -6.480493e-20
1.857753e+02 -1.159820e-17 -6.243134e-20
1.863400e+02 -1.192305e-17 -6.398543e-20
1.869611e+02 -7.983333e-18 -4.270049e-20
1.875823e+02 -5.195764e-18 -2.769859e-20
1.882034e+02 -3.294254e-18 -1.750369e-20
1.888245e+02 -2.058529e-18 -1.090181e-20
1.894457e+02 -1.308980e-18 -6.909528e-21
1.900668e+02 -9.018058e-19 -4.744678e-21
1.906879e+02 -7.244155e-19 -3.798958e-21
1.913091e+02 -6.911123e-19 -3.612543e-21
1.919302e+02 -7.390477e-19 -3.850607e-21
1.925513e+02 -8.244499e-19 -4.281715e-21
1.931725e+02 -9.191246e-19 -4.758052e-21
1.937936e+02 -1.007231e-18 -5.197440e-21
1.944147e+02 -1.082327e-18 -5.567105e-21
1.950359e+02 -1.144696e-18 -5.869155e-21
1.956570e+02 -1.198935e-18 -6.127737e-21
1.962781e+02 -1.251828e-18 -6.377825e-21
1.968993e+02 -1.310484e-18 -6.655607e-21
1.975204e+02 -1.380756e-18 -6.990446e-21
1.981415e+02 -1.465922e-18 -7.398360e-21
1.987627e+02 -1.565656e-18 -7.877010e-21
1.993838e+02 -1.675252e-18 -8.402147e-21
2.000049e+02 -1.785142e-18 -8.925488e-21
2.006261e+02 -1.880670e-18 -9.374006e-21
2.012472e+02 -1.942152e-18 -9.650579e-21
2.018683e+02 -1.945201e-18 -9.635989e-21
2.024895e+02 -1.861329e-18 -9.192228e-21
2.031106e+02 -1.658823e-18 -8.167094e-21
2.037317e+02 -1.303892e-18 -6.400043e-21
2.043529e+02 -7.620871e-19 -3.729270e-21
2.049740e+02 0.000000e+00
