# 
# Output from EIGENRAD program.
# 
# Eigenfunction for specific electronic state.
# The first column contains radius $r$ in bohr units.
# The second column holds value of eginefunction.
# 
# Use this file with gnuplot to create the plot.
#
0.000000e+00 0.000000e+00 1.478380e-06
4.861111e-02 -6.056370e-07 -1.245882e-05
9.722222e-02 -4.850300e-06 -4.988880e-05
1.458333e-01 -1.600850e-05 -1.097726e-04
1.944444e-01 -3.715581e-05 -1.910870e-04
2.430556e-01 -7.117278e-05 -2.928251e-04
2.916667e-01 -1.207491e-04 -4.139969e-04
3.402778e-01 -1.883878e-04 -5.536296e-04
3.888889e-01 -2.764098e-04 -7.107681e-04
4.375000e-01 -3.869582e-04 -8.844760e-04
4.861111e-01 -5.220032e-04 -1.073835e-03
5.347222e-01 -6.833467e-04 -1.277947e-03
5.833333e-01 -8.726275e-04 -1.495933e-03
6.319444e-01 -1.091326e-03 -1.726934e-03
6.805556e-01 -1.340771e-03 -1.970113e-03
7.291667e-01 -1.622142e-03 -2.224652e-03
7.777778e-01 -1.936478e-03 -2.489757e-03
8.263889e-01 -2.284680e-03 -2.764655e-03
8.750000e-01 -2.667522e-03 -3.048596e-03
9.236111e-01 -3.085650e-03 -3.340854e-03
9.722222e-01 -3.539593e-03 -3.640724e-03
1.020833e+00 -4.029769e-03 -3.947529e-03
1.069444e+00 -4.556489e-03 -4.260613e-03
1.118056e+00 -5.119966e-03 -4.579348e-03
1.166667e+00 -5.720319e-03 -4.903130e-03
1.215278e+00 -6.357582e-03 -5.231382e-03
1.263889e+00 -7.031712e-03 -5.563553e-03
1.312500e+00 -7.742593e-03 -5.899118e-03
1.361111e+00 -8.490043e-03 -6.237583e-03
1.409722e+00 -9.273827e-03 -6.578478e-03
1.458333e+00 -1.009366e-02 -6.921365e-03
1.506944e+00 -1.094894e-02 -7.265655e-03
1.555556e+00 -1.183927e-02 -7.610962e-03
1.604167e+00 -1.276412e-02 -7.956856e-03
1.652778e+00 -1.372290e-02 -8.302929e-03
1.701389e+00 -1.471495e-02 -8.648786e-03
1.750000e+00 -1.573958e-02 -8.994048e-03
1.798611e+00 -1.679607e-02 -9.338354e-03
1.847222e+00 -1.788361e-02 -9.681354e-03
1.895833e+00 -1.900140e-02 -1.002272e-02
1.944444e+00 -2.014857e-02 -1.036212e-02
1.993056e+00 -2.132422e-02 -1.069926e-02
2.041667e+00 -2.252744e-02 -1.103385e-02
2.090278e+00 -2.375726e-02 -1.136560e-02
2.138889e+00 -2.501270e-02 -1.169425e-02
2.187500e+00 -2.629275e-02 -1.201954e-02
2.236111e+00 -2.759639e-02 -1.234124e-02
2.284722e+00 -2.892256e-02 -1.265911e-02
2.333333e+00 -3.027019e-02 -1.297294e-02
2.381944e+00 -3.163820e-02 -1.328251e-02
2.430556e+00 -3.302548e-02 -1.358763e-02
2.479167e+00 -3.443093e-02 -1.388811e-02
2.527778e+00 -3.585343e-02 -1.418377e-02
2.576389e+00 -3.729183e-02 -1.447446e-02
2.625000e+00 -3.874501e-02 -1.476000e-02
2.673611e+00 -4.021182e-02 -1.504026e-02
2.722222e+00 -4.169110e-02 -1.531510e-02
2.770833e+00 -4.318171e-02 -1.558438e-02
2.819444e+00 -4.468249e-02 -1.584798e-02
2.868056e+00 -4.619230e-02 -1.610579e-02
2.916667e+00 -4.770997e-02 -1.635770e-02
3.013889e+00 -5.076427e-02 -1.684344e-02
3.111111e+00 -5.383638e-02 -1.730455e-02
3.208333e+00 -5.691719e-02 -1.774042e-02
3.305556e+00 -5.999775e-02 -1.815058e-02
3.402778e+00 -6.306927e-02 -1.853464e-02
3.500000e+00 -6.612315e-02 -1.889233e-02
3.597222e+00 -6.915102e-02 -1.922345e-02
3.694444e+00 -7.214470e-02 -1.952789e-02
3.791667e+00 -7.509630e-02 -1.980562e-02
3.888889e+00 -7.799815e-02 -2.005667e-02
3.986111e+00 -8.084286e-02 -2.028113e-02
4.083333e+00 -8.362332e-02 -2.047918e-02
4.180556e+00 -8.633273e-02 -2.065102e-02
4.277778e+00 -8.896458e-02 -2.079691e-02
4.375000e+00 -9.151265e-02 -2.091718e-02
4.472222e+00 -9.397108e-02 -2.101217e-02
4.569444e+00 -9.633429e-02 -2.108228e-02
4.666667e+00 -9.859706e-02 -2.112794e-02
4.763889e+00 -1.007545e-01 -2.114963e-02
4.861111e+00 -1.028019e-01 -2.114783e-02
4.958333e+00 -1.047352e-01 -2.112308e-02
5.055556e+00 -1.065505e-01 -2.107591e-02
5.152778e+00 -1.082440e-01 -2.100692e-02
5.250000e+00 -1.098126e-01 -2.091668e-02
5.347222e+00 -1.112532e-01 -2.080580e-02
5.444444e+00 -1.125633e-01 -2.067490e-02
5.541667e+00 -1.137406e-01 -2.052462e-02
5.638889e+00 -1.147829e-01 -2.035559e-02
5.736111e+00 -1.156886e-01 -2.016847e-02
5.833333e+00 -1.164561e-01 -1.996389e-02
5.930556e+00 -1.170843e-01 -1.974255e-02
6.027778e+00 -1.175725e-01 -1.950511e-02
6.125000e+00 -1.179199e-01 -1.925222e-02
6.222222e+00 -1.181262e-01 -1.898456e-02
6.319444e+00 -1.181913e-01 -1.870280e-02
6.416667e+00 -1.181154e-01 -1.840760e-02
6.513889e+00 -1.178989e-01 -1.809962e-02
6.611111e+00 -1.175425e-01 -1.777953e-02
6.708333e+00 -1.170469e-01 -1.744798e-02
6.805556e+00 -1.164132e-01 -1.710561e-02
6.902778e+00 -1.156427e-01 -1.675307e-02
7.000000e+00 -1.147370e-01 -1.639099e-02
7.097222e+00 -1.136975e-01 -1.602000e-02
7.194444e+00 -1.125262e-01 -1.564071e-02
7.291667e+00 -1.112251e-01 -1.525373e-02
7.388889e+00 -1.097964e-01 -1.485966e-02
7.486111e+00 -1.082423e-01 -1.445908e-02
7.583333e+00 -1.065653e-01 -1.405257e-02
7.680556e+00 -1.047681e-01 -1.364070e-02
7.777778e+00 -1.028534e-01 -1.322401e-02
7.875000e+00 -1.008240e-01 -1.280304e-02
7.972222e+00 -9.868286e-02 -1.237834e-02
8.069444e+00 -9.643311e-02 -1.195040e-02
8.166667e+00 -9.407791e-02 -1.151974e-02
8.263889e+00 -9.162052e-02 -1.108685e-02
8.361111e+00 -8.906427e-02 -1.065220e-02
8.458333e+00 -8.641258e-02 -1.021627e-02
8.555556e+00 -8.366894e-02 -9.779487e-03
8.652778e+00 -8.083689e-02 -9.342305e-03
8.750000e+00 -7.792002e-02 -8.905145e-03
8.847222e+00 -7.492199e-02 -8.468420e-03
8.944444e+00 -7.184648e-02 -8.032526e-03
9.041667e+00 -6.869723e-02 -7.597850e-03
9.138889e+00 -6.547797e-02 -7.164763e-03
9.236111e+00 -6.219249e-02 -6.733623e-03
9.333333e+00 -5.884457e-02 -6.304776e-03
9.430556e+00 -5.543803e-02 -5.878554e-03
9.527778e+00 -5.197667e-02 -5.455278e-03
9.625000e+00 -4.846431e-02 -5.035253e-03
9.722222e+00 -4.490475e-02 -4.618774e-03
9.819444e+00 -4.130179e-02 -4.206123e-03
9.916667e+00 -3.765923e-02 -3.797569e-03
1.001389e+01 -3.398083e-02 -3.393370e-03
1.011111e+01 -3.027035e-02 -2.993770e-03
1.020833e+01 -2.653150e-02 -2.599004e-03
1.030556e+01 -2.276799e-02 -2.209293e-03
1.040278e+01 -1.898348e-02 -1.824847e-03
1.050000e+01 -1.518159e-02 -1.445866e-03
1.059722e+01 -1.136591e-02 -1.072537e-03
1.069444e+01 -7.539998e-03 -7.050387e-04
1.079167e+01 -3.707339e-03 -3.435372e-04
1.088889e+01 1.286105e-04 1.181117e-05
1.098611e+01 3.964452e-03 3.608603e-04
1.108333e+01 7.796837e-03 7.034741e-04
1.118056e+01 1.162248e-02 1.039526e-03
1.127778e+01 1.543814e-02 1.368899e-03
1.137500e+01 1.924065e-02 1.691486e-03
1.147222e+01 2.302690e-02 2.007187e-03
1.156944e+01 2.679383e-02 2.315913e-03
1.166667e+01 3.053847e-02 2.617583e-03
1.186111e+01 3.794914e-02 3.199460e-03
1.205556e+01 4.523678e-02 3.752360e-03
1.225000e+01 5.237985e-02 4.275906e-03
1.244444e+01 5.935806e-02 4.769844e-03
1.263889e+01 6.615233e-02 5.234031e-03
1.283333e+01 7.274485e-02 5.668430e-03
1.302778e+01 7.911900e-02 6.073100e-03
1.322222e+01 8.525940e-02 6.448190e-03
1.341667e+01 9.115188e-02 6.793929e-03
1.361111e+01 9.678348e-02 7.110623e-03
1.380556e+01 1.021424e-01 7.398645e-03
1.400000e+01 1.072181e-01 7.658433e-03
1.419444e+01 1.120010e-01 7.890481e-03
1.438889e+01 1.164829e-01 8.095335e-03
1.458333e+01 1.206565e-01 8.273589e-03
1.477778e+01 1.245158e-01 8.425879e-03
1.497222e+01 1.280556e-01 8.552880e-03
1.516667e+01 1.312720e-01 8.655298e-03
1.536111e+01 1.341620e-01 8.733871e-03
1.555556e+01 1.367234e-01 8.789360e-03
1.575000e+01 1.389552e-01 8.822550e-03
1.594444e+01 1.408571e-01 8.834243e-03
1.613889e+01 1.424298e-01 8.825253e-03
1.633333e+01 1.436747e-01 8.796408e-03
1.652778e+01 1.445940e-01 8.748542e-03
1.672222e+01 1.451906e-01 8.682493e-03
1.691667e+01 1.454681e-01 8.599101e-03
1.711111e+01 1.454308e-01 8.499204e-03
1.730556e+01 1.450835e-01 8.383635e-03
1.750000e+01 1.444313e-01 8.253217e-03
1.769444e+01 1.434806e-01 8.108795e-03
1.788889e+01 1.422378e-01 7.951181e-03
1.808333e+01 1.407097e-01 7.781181e-03
1.827778e+01 1.389036e-01 7.599591e-03
1.847222e+01 1.368274e-01 7.407195e-03
1.866667e+01 1.344889e-01 7.204761e-03
1.886111e+01 1.318966e-01 6.993043e-03
1.905556e+01 1.290591e-01 6.772778e-03
1.925000e+01 1.259852e-01 6.544688e-03
1.944444e+01 1.226842e-01 6.309474e-03
1.963889e+01 1.191652e-01 6.067820e-03
1.983333e+01 1.154378e-01 5.820391e-03
2.002778e+01 1.115113e-01 5.567833e-03
2.022222e+01 1.073956e-01 5.310769e-03
2.041667e+01 1.031002e-01 5.049807e-03
2.061111e+01 9.863506e-02 4.785529e-03
2.080556e+01 9.400987e-02 4.518499e-03
2.100000e+01 8.923445e-02 4.249259e-03
2.119444e+01 8.431856e-02 3.978333e-03
2.138889e+01 7.927194e-02 3.706220e-03
2.158333e+01 7.410425e-02 3.433401e-03
2.177778e+01 6.882509e-02 3.160336e-03
2.197222e+01 6.344395e-02 2.887462e-03
2.216667e+01 5.797022e-02 2.615198e-03
2.236111e+01 5.241316e-02 2.343942e-03
2.255556e+01 4.678188e-02 2.074074e-03
2.275000e+01 4.108537e-02 1.805950e-03
2.294444e+01 3.533242e-02 1.539912e-03
2.313889e+01 2.953168e-02 1.276279e-03
2.333333e+01 2.369159e-02 1.015354e-03
2.372222e+01 1.192718e-02 5.027849e-04
2.411111e+01 1.002350e-04 4.157213e-06
2.450000e+01 -1.172788e-02 -4.786890e-04
2.488889e+01 -2.349996e-02 -9.441949e-04
2.527778e+01 -3.516288e-02 -1.391059e-03
2.566667e+01 -4.666755e-02 -1.818216e-03
2.605556e+01 -5.796884e-02 -2.224817e-03
2.644444e+01 -6.902552e-02 -2.610209e-03
2.683333e+01 -7.980017e-02 -2.973919e-03
2.722222e+01 -9.025911e-02 -3.315641e-03
2.761111e+01 -1.003723e-01 -3.635213e-03
2.800000e+01 -1.101132e-01 -3.932613e-03
2.838889e+01 -1.194587e-01 -4.207938e-03
2.877778e+01 -1.283890e-01 -4.461395e-03
2.916667e+01 -1.368876e-01 -4.693291e-03
2.955556e+01 -1.449410e-01 -4.904019e-03
2.994444e+01 -1.525385e-01 -5.094050e-03
3.033333e+01 -1.596723e-01 -5.263922e-03
3.072222e+01 -1.663372e-01 -5.414232e-03
3.111111e+01 -1.725306e-01 -5.545626e-03
3.150000e+01 -1.782520e-01 -5.658793e-03
3.188889e+01 -1.835031e-01 -5.754453e-03
3.227778e+01 -1.882877e-01 -5.833354e-03
3.266667e+01 -1.926112e-01 -5.896262e-03
3.305556e+01 -1.964807e-01 -5.943955e-03
3.344444e+01 -1.999046e-01 -5.977215e-03
3.383333e+01 -2.028925e-01 -5.996824e-03
3.422222e+01 -2.054550e-01 -6.003556e-03
3.461111e+01 -2.076033e-01 -5.998170e-03
3.500000e+01 -2.093493e-01 -5.981410e-03
3.538889e+01 -2.107087e-01 -5.954092e-03
3.577778e+01 -2.116943e-01 -5.916921e-03
3.616667e+01 -2.123209e-01 -5.870624e-03
3.655556e+01 -2.126036e-01 -5.815903e-03
3.694444e+01 -2.125577e-01 -5.753440e-03
3.733333e+01 -2.121987e-01 -5.683894e-03
3.772222e+01 -2.115425e-01 -5.607900e-03
3.811111e+01 -2.106046e-01 -5.526069e-03
3.850000e+01 -2.094009e-01 -5.438984e-03
3.888889e+01 -2.079469e-01 -5.347207e-03
3.927778e+01 -2.062583e-01 -5.251272e-03
3.966667e+01 -2.043503e-01 -5.151689e-03
4.005556e+01 -2.022381e-01 -5.048939e-03
4.044444e+01 -1.999364e-01 -4.943483e-03
4.083333e+01 -1.974599e-01 -4.835752e-03
4.122222e+01 -1.948226e-01 -4.726155e-03
4.161111e+01 -1.920384e-01 -4.615075e-03
4.200000e+01 -1.891206e-01 -4.502872e-03
4.238889e+01 -1.860822e-01 -4.389881e-03
4.277778e+01 -1.829356e-01 -4.276417e-03
4.316667e+01 -1.796929e-01 -4.162771e-03
4.355556e+01 -1.763656e-01 -4.049211e-03
4.394444e+01 -1.729648e-01 -3.935988e-03
4.433333e+01 -1.695010e-01 -3.823331e-03
4.472222e+01 -1.659843e-01 -3.711450e-03
4.511111e+01 -1.624243e-01 -3.600539e-03
4.550000e+01 -1.588302e-01 -3.490773e-03
4.588889e+01 -1.552106e-01 -3.382312e-03
4.627778e+01 -1.515737e-01 -3.275303e-03
4.666667e+01 -1.479275e-01 -3.169875e-03
4.705556e+01 -1.442789e-01 -3.066139e-03
4.744444e+01 -1.406347e-01 -2.964196e-03
4.783333e+01 -1.370013e-01 -2.864138e-03
4.822222e+01 -1.333847e-01 -2.766041e-03
4.861111e+01 -1.297903e-01 -2.669972e-03
4.900000e+01 -1.262234e-01 -2.575987e-03
4.938889e+01 -1.226885e-01 -2.484132e-03
4.977778e+01 -1.191901e-01 -2.394443e-03
5.016667e+01 -1.157320e-01 -2.306951e-03
5.055556e+01 -1.123180e-01 -2.221675e-03
5.094444e+01 -1.089513e-01 -2.138630e-03
5.133333e+01 -1.056349e-01 -2.057823e-03
5.172222e+01 -1.023714e-01 -1.979255e-03
5.211111e+01 -9.916328e-02 -1.902920e-03
5.250000e+01 -9.601254e-02 -1.828810e-03
5.288889e+01 -9.292104e-02 -1.756910e-03
5.327778e+01 -8.989037e-02 -1.687202e-03
5.366667e+01 -8.692188e-02 -1.619662e-03
5.405556e+01 -8.401669e-02 -1.554266e-03
5.444444e+01 -8.117571e-02 -1.490982e-03
5.483333e+01 -7.839965e-02 -1.429781e-03
5.522222e+01 -7.568905e-02 -1.370627e-03
5.561111e+01 -7.304425e-02 -1.313483e-03
5.600000e+01 -7.046546e-02 -1.258312e-03
5.638889e+01 -6.795271e-02 -1.205073e-03
5.677778e+01 -6.550590e-02 -1.153724e-03
5.716667e+01 -6.312482e-02 -1.104224e-03
5.755556e+01 -6.080914e-02 -1.056529e-03
5.794444e+01 -5.855839e-02 -1.010595e-03
5.833333e+01 -5.637206e-02 -9.663782e-04
5.872222e+01 -5.424945e-02 -9.238316e-04
5.911111e+01 -5.218986e-02 -8.829111e-04
5.950000e+01 -5.019248e-02 -8.435711e-04
5.988889e+01 -4.825644e-02 -8.057661e-04
6.027778e+01 -4.638080e-02 -7.694511e-04
6.066667e+01 -4.456458e-02 -7.345810e-04
6.105556e+01 -4.280675e-02 -7.011114e-04
6.144444e+01 -4.110621e-02 -6.689981e-04
6.183333e+01 -3.946188e-02 -6.381975e-04
6.222222e+01 -3.787259e-02 -6.086666e-04
6.261111e+01 -3.633718e-02 -5.803631e-04
6.300000e+01 -3.485445e-02 -5.532453e-04
6.338889e+01 -3.342321e-02 -5.272723e-04
6.377778e+01 -3.204221e-02 -5.024040e-04
6.416667e+01 -3.071024e-02 -4.786012e-04
6.455556e+01 -2.942606e-02 -4.558253e-04
6.494444e+01 -2.818841e-02 -4.340389e-04
6.533333e+01 -2.699607e-02 -4.132052e-04
6.572222e+01 -2.584780e-02 -3.932886e-04
6.611111e+01 -2.474236e-02 -3.742541e-04
6.650000e+01 -2.367853e-02 -3.560681e-04
6.688889e+01 -2.265510e-02 -3.386975e-04
6.727778e+01 -2.167087e-02 -3.221104e-04
6.766667e+01 -2.072465e-02 -3.062757e-04
6.805556e+01 -1.981528e-02 -2.911633e-04
6.844444e+01 -1.894160e-02 -2.767441e-04
6.883333e+01 -1.810246e-02 -2.629898e-04
6.922222e+01 -1.729676e-02 -2.498729e-04
6.961111e+01 -1.652339e-02 -2.373671e-04
7.000000e+01 -1.578127e-02 -2.254467e-04
7.077778e+01 -1.438652e-02 -2.032632e-04
7.155556e+01 -1.310455e-02 -1.831381e-04
7.233333e+01 -1.192745e-02 -1.648957e-04
7.311111e+01 -1.084775e-02 -1.483735e-04
7.388889e+01 -9.858387e-03 -1.334218e-04
7.466667e+01 -8.952692e-03 -1.199021e-04
7.544444e+01 -8.124396e-03 -1.076871e-04
7.622222e+01 -7.367603e-03 -9.665952e-05
7.700000e+01 -6.676780e-03 -8.671143e-05
7.777778e+01 -6.046742e-03 -7.774382e-05
7.855556e+01 -5.472638e-03 -6.966583e-05
7.933333e+01 -4.949941e-03 -6.239422e-05
8.011111e+01 -4.474432e-03 -5.585283e-05
8.088889e+01 -4.042186e-03 -4.997208e-05
8.166667e+01 -3.649561e-03 -4.468850e-05
8.244444e+01 -3.293180e-03 -3.994424e-05
8.322222e+01 -2.969924e-03 -3.568667e-05
8.400000e+01 -2.676913e-03 -3.186801e-05
8.477778e+01 -2.411492e-03 -2.844486e-05
8.555556e+01 -2.171222e-03 -2.537792e-05
8.633333e+01 -1.953863e-03 -2.263162e-05
8.711111e+01 -1.757360e-03 -2.017378e-05
8.788889e+01 -1.579832e-03 -1.797533e-05
8.866667e+01 -1.419554e-03 -1.601001e-05
8.944444e+01 -1.274948e-03 -1.425407e-05
9.022222e+01 -1.144564e-03 -1.268605e-05
9.100000e+01 -1.027071e-03 -1.128650e-05
9.177778e+01 -9.212409e-04 -1.003773e-05
9.255556e+01 -8.259337e-04 -8.923653e-06
9.333333e+01 -7.400851e-04 -7.929483e-06
9.488889e+01 -5.940206e-04 -6.260170e-06
9.644444e+01 -4.755129e-04 -4.930434e-06
9.800000e+01 -3.798152e-04 -3.875665e-06
9.955556e+01 -3.028669e-04 -3.042190e-06
1.011111e+02 -2.412220e-04 -2.385712e-06
1.026667e+02 -1.919807e-04 -1.869942e-06
1.042222e+02 -1.527251e-04 -1.465379e-06
1.057778e+02 -1.214592e-04 -1.148249e-06
1.073333e+02 -9.655297e-05 -8.995618e-07
1.088889e+02 -7.669033e-05 -7.042989e-07
1.104444e+02 -6.082116e-05 -5.506946e-07
1.120000e+02 -4.811752e-05 -4.296207e-07
1.135556e+02 -3.793379e-05 -3.340549e-07
1.151111e+02 -2.977094e-05 -2.586278e-07
1.166667e+02 -2.324481e-05 -1.992412e-07
1.182222e+02 -1.805848e-05 -1.527503e-07
1.197778e+02 -1.397868e-05 -1.167051e-07
1.213333e+02 -1.081622e-05 -8.914468e-08
1.228889e+02 -8.410541e-06 -6.844021e-08
1.244444e+02 -6.618267e-06 -5.318250e-08
1.260000e+02 -5.305835e-06 -4.210980e-08
1.275556e+02 -4.346176e-06 -3.407280e-08
1.291111e+02 -3.619442e-06 -2.803355e-08
1.306667e+02 -3.017802e-06 -2.309542e-08
1.322222e+02 -2.454277e-06 -1.856176e-08
1.337778e+02 -1.875641e-06 -1.402057e-08
1.353333e+02 -1.279371e-06 -9.453484e-09
1.368889e+02 -7.346530e-07 -5.366783e-09
1.384444e+02 -4.074388e-07 -2.942977e-09
1.400000e+02 -5.895642e-07 -4.211173e-09
1.404667e+02 -5.465701e-07 -3.891102e-09
1.409333e+02 -5.066782e-07 -3.595162e-09
1.414000e+02 -4.696683e-07 -3.321558e-09
1.418667e+02 -4.353352e-07 -3.068622e-09
1.423333e+02 -4.034877e-07 -2.834808e-09
1.428000e+02 -3.739480e-07 -2.618683e-09
1.432667e+02 -3.465505e-07 -2.418919e-09
1.437333e+02 -3.211415e-07 -2.234287e-09
1.442000e+02 -2.975779e-07 -2.063647e-09
1.446667e+02 -2.757270e-07 -1.905947e-09
1.451333e+02 -2.554654e-07 -1.760212e-09
1.456000e+02 -2.366787e-07 -1.625541e-09
1.460667e+02 -2.192606e-07 -1.501100e-09
1.465333e+02 -2.031125e-07 -1.386118e-09
1.470000e+02 -1.881427e-07 -1.279883e-09
1.474667e+02 -1.742664e-07 -1.181734e-09
1.479333e+02 -1.614045e-07 -1.091062e-09
1.484000e+02 -1.494837e-07 -1.007303e-09
1.488667e+02 -1.384360e-07 -9.299328e-10
1.493333e+02 -1.281981e-07 -8.584692e-10
1.498000e+02 -1.187111e-07 -7.924642e-10
1.502667e+02 -1.099205e-07 -7.315031e-10
1.507333e+02 -1.017755e-07 -6.752022e-10
1.512000e+02 -9.422882e-08 -6.232065e-10
1.516667e+02 -8.723680e-08 -5.751877e-10
1.521333e+02 -8.075888e-08 -5.308428e-10
1.526000e+02 -7.475757e-08 -4.898924e-10
1.530667e+02 -6.919835e-08 -4.520798e-10
1.535333e+02 -6.404954e-08 -4.171703e-10
1.540000e+02 -5.928229e-08 -3.849500e-10
1.545133e+02 -5.444315e-08 -3.523524e-10
1.550267e+02 -4.999560e-08 -3.224967e-10
1.555400e+02 -4.590845e-08 -2.951553e-10
1.560533e+02 -4.215290e-08 -2.701185e-10
1.565667e+02 -3.870233e-08 -2.471939e-10
1.570800e+02 -3.553221e-08 -2.262045e-10
1.575933e+02 -3.261991e-08 -2.069879e-10
1.581067e+02 -2.994461e-08 -1.893950e-10
1.586200e+02 -2.748713e-08 -1.732892e-10
1.591333e+02 -2.522985e-08 -1.585454e-10
1.596467e+02 -2.315656e-08 -1.450488e-10
1.601600e+02 -2.125236e-08 -1.326946e-10
1.606733e+02 -1.950357e-08 -1.213865e-10
1.611867e+02 -1.789760e-08 -1.110365e-10
1.617000e+02 -1.642291e-08 -1.015641e-10
1.622133e+02 -1.506886e-08 -9.289535e-11
1.627267e+02 -1.382570e-08 -8.496274e-11
1.632400e+02 -1.268444e-08 -7.770425e-11
1.637533e+02 -1.163681e-08 -7.106304e-11
1.642667e+02 -1.067519e-08 -6.498697e-11
1.647800e+02 -9.792580e-09 -5.942821e-11
1.652933e+02 -8.982511e-09 -5.434285e-11
1.658067e+02 -8.239033e-09 -4.969060e-11
1.663200e+02 -7.556673e-09 -4.543454e-11
1.668333e+02 -6.930397e-09 -4.154084e-11
1.673467e+02 -6.355595e-09 -3.797862e-11
1.678600e+02 -5.828060e-09 -3.471977e-11
1.683733e+02 -5.343977e-09 -3.173886e-11
1.688867e+02 -4.899918e-09 -2.901305e-11
1.694000e+02 -4.492842e-09 -2.652209e-11
1.699647e+02 -4.083601e-09 -2.402618e-11
1.705293e+02 -3.711357e-09 -2.176374e-11
1.710940e+02 -3.372822e-09 -1.971327e-11
1.716587e+02 -3.064984e-09 -1.785511e-11
1.722233e+02 -2.785090e-09 -1.617139e-11
1.727880e+02 -2.530621e-09 -1.464581e-11
1.733527e+02 -2.299281e-09 -1.326360e-11
1.739173e+02 -2.088975e-09 -1.201131e-11
1.744820e+02 -1.897797e-09 -1.087675e-11
1.750467e+02 -1.724013e-09 -9.848875e-12
1.756113e+02 -1.566044e-09 -8.917668e-12
1.761760e+02 -1.422456e-09 -8.074065e-12
1.767407e+02 -1.291949e-09 -7.309855e-12
1.773053e+02 -1.173337e-09 -6.617606e-12
1.778700e+02 -1.065545e-09 -5.990585e-12
1.784347e+02 -9.675967e-10 -5.422695e-12
1.789993e+02 -8.786014e-10 -4.908406e-12
1.795640e+02 -7.977496e-10 -4.442704e-12
1.801287e+02 -7.243035e-10 -4.021034e-12
1.806933e+02 -6.575899e-10 -3.639259e-12
1.812580e+02 -5.969944e-10 -3.293617e-12
1.818227e+02 -5.419563e-10 -2.980686e-12
1.823873e+02 -4.919634e-10 -2.697355e-12
1.829520e+02 -4.465490e-10 -2.440798e-12
1.835167e+02 -4.052888e-10 -2.208457e-12
1.840813e+02 -3.677989e-10 -1.998024e-12
1.846460e+02 -3.337348e-10 -1.807430e-12
1.852107e+02 -3.027907e-10 -1.634845e-12
1.857753e+02 -2.747004e-10 -1.478670e-12
1.863400e+02 -2.492382e-10 -1.337545e-12
1.869611e+02 -2.238921e-10 -1.197533e-12
1.875823e+02 -2.010872e-10 -1.071995e-12
1.882034e+02 -1.805721e-10 -9.594516e-13
1.888245e+02 -1.621179e-10 -8.585640e-13
1.894457e+02 -1.455176e-10 -7.681229e-13
1.900668e+02 -1.305832e-10 -6.870385e-13
1.906879e+02 -1.171452e-10 -6.143295e-13
1.913091e+02 -1.050504e-10 -5.491136e-13
1.919302e+02 -9.416067e-11 -4.905985e-13
1.925513e+02 -8.435156e-11 -4.380731e-13
1.931725e+02 -7.551106e-11 -3.908997e-13
1.937936e+02 -6.753834e-11 -3.485065e-13
1.944147e+02 -6.034260e-11 -3.103808e-13
1.950359e+02 -5.384202e-11 -2.760622e-13
1.956570e+02 -4.796279e-11 -2.451371e-13
1.962781e+02 -4.263816e-11 -2.172333e-13
1.968993e+02 -3.780760e-11 -1.920149e-13
1.975204e+02 -3.341608e-11 -1.691779e-13
1.981415e+02 -2.941334e-11 -1.484461e-13
1.987627e+02 -2.575331e-11 -1.295681e-13
1.993838e+02 -2.239353e-11 -1.123137e-13
2.000049e+02 -1.929475e-11 -9.647135e-14
2.006261e+02 -1.642047e-11 -8.184613e-14
2.012472e+02 -1.373670e-11 -6.825782e-14
2.018683e+02 -1.121168e-11 -5.553956e-14
2.024895e+02 -8.815749e-12 -4.353683e-14
2.031106e+02 -6.521242e-12 -3.210685e-14
2.037317e+02 -4.302485e-12 -2.111839e-14
2.043529e+02 -2.135872e-12 -1.045188e-14
2.049740e+02 0.000000e+00
