# 
# Output from EIGENRAD program.
# 
# Eigenfunction for specific electronic state.
# The first column contains radius $r$ in bohr units.
# The second column holds value of eginefunction.
# 
# Use this file with gnuplot to create the plot.
#
0.000000e+00 0.000000e+00 1.161610e-06
4.861111e-02 -4.769710e-07 -9.811975e-06
9.722222e-02 -3.819599e-06 -3.928730e-05
1.458333e-01 -1.260658e-05 -8.644510e-05
1.944444e-01 -2.925964e-05 -1.504781e-04
2.430556e-01 -5.604661e-05 -2.305918e-04
2.916667e-01 -9.508457e-05 -3.260042e-04
3.402778e-01 -1.483431e-04 -4.359471e-04
3.888889e-01 -2.176478e-04 -5.596658e-04
4.375000e-01 -3.046836e-04 -6.964197e-04
4.861111e-01 -4.109987e-04 -8.454830e-04
5.347222e-01 -5.380078e-04 -1.006145e-03
5.833333e-01 -6.869967e-04 -1.177709e-03
6.319444e-01 -8.591257e-04 -1.359496e-03
6.805556e-01 -1.055434e-03 -1.550842e-03
7.291667e-01 -1.276843e-03 -1.751099e-03
7.777778e-01 -1.524163e-03 -1.959639e-03
8.263889e-01 -1.798095e-03 -2.175847e-03
8.750000e-01 -2.099237e-03 -2.399128e-03
9.236111e-01 -2.428087e-03 -2.628907e-03
9.722222e-01 -2.785050e-03 -2.864623e-03
1.020833e+00 -3.170442e-03 -3.105739e-03
1.069444e+00 -3.584493e-03 -3.351734e-03
1.118056e+00 -4.027356e-03 -3.602107e-03
1.166667e+00 -4.499109e-03 -3.856379e-03
1.215278e+00 -4.999763e-03 -4.114091e-03
1.263889e+00 -5.529265e-03 -4.374803e-03
1.312500e+00 -6.087505e-03 -4.638099e-03
1.361111e+00 -6.674322e-03 -4.903584e-03
1.409722e+00 -7.289510e-03 -5.170884e-03
1.458333e+00 -7.932821e-03 -5.439648e-03
1.506944e+00 -8.603764e-03 -5.709410e-03
1.555556e+00 -9.302003e-03 -5.979859e-03
1.604167e+00 -1.002709e-02 -6.250655e-03
1.652778e+00 -1.077854e-02 -6.521470e-03
1.701389e+00 -1.155582e-02 -6.791990e-03
1.750000e+00 -1.235835e-02 -7.061913e-03
1.798611e+00 -1.318553e-02 -7.330948e-03
1.847222e+00 -1.403671e-02 -7.598820e-03
1.895833e+00 -1.491122e-02 -7.865260e-03
1.944444e+00 -1.580836e-02 -8.130015e-03
1.993056e+00 -1.672740e-02 -8.392840e-03
2.041667e+00 -1.766757e-02 -8.653502e-03
2.090278e+00 -1.862809e-02 -8.911778e-03
2.138889e+00 -1.960817e-02 -9.167455e-03
2.187500e+00 -2.060697e-02 -9.420331e-03
2.236111e+00 -2.162367e-02 -9.670211e-03
2.284722e+00 -2.265739e-02 -9.916912e-03
2.333333e+00 -2.370727e-02 -1.016026e-02
2.381944e+00 -2.477243e-02 -1.040009e-02
2.430556e+00 -2.585196e-02 -1.063624e-02
2.479167e+00 -2.694497e-02 -1.086856e-02
2.527778e+00 -2.805054e-02 -1.109692e-02
2.576389e+00 -2.916775e-02 -1.132117e-02
2.625000e+00 -3.029566e-02 -1.154121e-02
2.673611e+00 -3.143336e-02 -1.175689e-02
2.722222e+00 -3.257991e-02 -1.196813e-02
2.770833e+00 -3.373436e-02 -1.217481e-02
2.819444e+00 -3.489579e-02 -1.237683e-02
2.868056e+00 -3.606326e-02 -1.257411e-02
2.916667e+00 -3.723582e-02 -1.276657e-02
3.013889e+00 -3.959249e-02 -1.313668e-02
3.111111e+00 -4.195848e-02 -1.348665e-02
3.208333e+00 -4.432640e-02 -1.381602e-02
3.305556e+00 -4.668900e-02 -1.412440e-02
3.402778e+00 -4.903917e-02 -1.441151e-02
3.500000e+00 -5.136997e-02 -1.467713e-02
3.597222e+00 -5.367462e-02 -1.492113e-02
3.694444e+00 -5.594654e-02 -1.514342e-02
3.791667e+00 -5.817936e-02 -1.534401e-02
3.888889e+00 -6.036692e-02 -1.552292e-02
3.986111e+00 -6.250328e-02 -1.568027e-02
4.083333e+00 -6.458276e-02 -1.581619e-02
4.180556e+00 -6.659990e-02 -1.593087e-02
4.277778e+00 -6.854951e-02 -1.602456e-02
4.375000e+00 -7.042666e-02 -1.609752e-02
4.472222e+00 -7.222668e-02 -1.615007e-02
4.569444e+00 -7.394518e-02 -1.618253e-02
4.666667e+00 -7.557803e-02 -1.619529e-02
4.763889e+00 -7.712140e-02 -1.618875e-02
4.861111e+00 -7.857171e-02 -1.616332e-02
4.958333e+00 -7.992569e-02 -1.611947e-02
5.055556e+00 -8.118031e-02 -1.605764e-02
5.152778e+00 -8.233284e-02 -1.597834e-02
5.250000e+00 -8.338082e-02 -1.588206e-02
5.347222e+00 -8.432206e-02 -1.576932e-02
5.444444e+00 -8.515462e-02 -1.564064e-02
5.541667e+00 -8.587681e-02 -1.549657e-02
5.638889e+00 -8.648722e-02 -1.533764e-02
5.736111e+00 -8.698466e-02 -1.516440e-02
5.833333e+00 -8.736816e-02 -1.497740e-02
5.930556e+00 -8.763712e-02 -1.477722e-02
6.027778e+00 -8.779108e-02 -1.456442e-02
6.125000e+00 -8.782982e-02 -1.433956e-02
6.222222e+00 -8.775332e-02 -1.410321e-02
6.319444e+00 -8.756181e-02 -1.385594e-02
6.416667e+00 -8.725572e-02 -1.359829e-02
6.513889e+00 -8.683567e-02 -1.333085e-02
6.611111e+00 -8.630249e-02 -1.305416e-02
6.708333e+00 -8.565719e-02 -1.276877e-02
6.805556e+00 -8.490096e-02 -1.247524e-02
6.902778e+00 -8.403516e-02 -1.217411e-02
7.000000e+00 -8.306132e-02 -1.186590e-02
7.097222e+00 -8.198112e-02 -1.155116e-02
7.194444e+00 -8.079639e-02 -1.123039e-02
7.291667e+00 -7.950912e-02 -1.090411e-02
7.388889e+00 -7.812140e-02 -1.057282e-02
7.486111e+00 -7.663549e-02 -1.023702e-02
7.583333e+00 -7.505374e-02 -9.897196e-03
7.680556e+00 -7.337861e-02 -9.553816e-03
7.777778e+00 -7.161270e-02 -9.207347e-03
7.875000e+00 -6.975867e-02 -8.858244e-03
7.972222e+00 -6.781930e-02 -8.506950e-03
8.069444e+00 -6.579744e-02 -8.153899e-03
8.166667e+00 -6.369603e-02 -7.799513e-03
8.263889e+00 -6.151806e-02 -7.444203e-03
8.361111e+00 -5.926662e-02 -7.088366e-03
8.458333e+00 -5.694482e-02 -6.732393e-03
8.555556e+00 -5.455585e-02 -6.376658e-03
8.652778e+00 -5.210293e-02 -6.021527e-03
8.750000e+00 -4.958932e-02 -5.667351e-03
8.847222e+00 -4.701833e-02 -5.314474e-03
8.944444e+00 -4.439329e-02 -4.963224e-03
9.041667e+00 -4.171754e-02 -4.613922e-03
9.138889e+00 -3.899447e-02 -4.266872e-03
9.236111e+00 -3.622746e-02 -3.922371e-03
9.333333e+00 -3.341989e-02 -3.580703e-03
9.430556e+00 -3.057517e-02 -3.242138e-03
9.527778e+00 -2.769668e-02 -2.906940e-03
9.625000e+00 -2.478781e-02 -2.575356e-03
9.722222e+00 -2.185193e-02 -2.247627e-03
9.819444e+00 -1.889241e-02 -1.923980e-03
9.916667e+00 -1.591260e-02 -1.604632e-03
1.001389e+01 -1.291580e-02 -1.289788e-03
1.011111e+01 -9.905306e-03 -9.796457e-04
1.020833e+01 -6.884389e-03 -6.743892e-04
1.030556e+01 -3.856275e-03 -3.741938e-04
1.040278e+01 -8.241550e-04 -7.922451e-05
1.050000e+01 2.208818e-03 2.103636e-04
1.059722e+01 5.239533e-03 4.944251e-04
1.069444e+01 8.264927e-03 7.728244e-04
1.079167e+01 1.128198e-02 1.045435e-03
1.088889e+01 1.428774e-02 1.312139e-03
1.098611e+01 1.727928e-02 1.572829e-03
1.108333e+01 2.025374e-02 1.827405e-03
1.118056e+01 2.320834e-02 2.075777e-03
1.127778e+01 2.614032e-02 2.317861e-03
1.137500e+01 2.904701e-02 2.553583e-03
1.147222e+01 3.192579e-02 2.782878e-03
1.156944e+01 3.477410e-02 3.005685e-03
1.166667e+01 3.758947e-02 3.221954e-03
1.186111e+01 4.311159e-02 3.634701e-03
1.205556e+01 4.847397e-02 4.020882e-03
1.225000e+01 5.365901e-02 4.380328e-03
1.244444e+01 5.865037e-02 4.712976e-03
1.263889e+01 6.343290e-02 5.018867e-03
1.283333e+01 6.799264e-02 5.298128e-03
1.302778e+01 7.231687e-02 5.550975e-03
1.322222e+01 7.639404e-02 5.777700e-03
1.341667e+01 8.021377e-02 5.978666e-03
1.361111e+01 8.376686e-02 6.154300e-03
1.380556e+01 8.704526e-02 6.305089e-03
1.400000e+01 9.004204e-02 6.431575e-03
1.419444e+01 9.275140e-02 6.534345e-03
1.438889e+01 9.516861e-02 6.614035e-03
1.458333e+01 9.729001e-02 6.671315e-03
1.477778e+01 9.911298e-02 6.706894e-03
1.497222e+01 1.006359e-01 6.721508e-03
1.516667e+01 1.018581e-01 6.715922e-03
1.536111e+01 1.027800e-01 6.690923e-03
1.555556e+01 1.034027e-01 6.647317e-03
1.575000e+01 1.037283e-01 6.585926e-03
1.594444e+01 1.037598e-01 6.507583e-03
1.613889e+01 1.035008e-01 6.413130e-03
1.633333e+01 1.029558e-01 6.303414e-03
1.652778e+01 1.021299e-01 6.179287e-03
1.672222e+01 1.010289e-01 6.041596e-03
1.691667e+01 9.965926e-02 5.891188e-03
1.711111e+01 9.802787e-02 5.728902e-03
1.730556e+01 9.614217e-02 5.555567e-03
1.750000e+01 9.401002e-02 5.372001e-03
1.769444e+01 9.164018e-02 5.179037e-03
1.788889e+01 8.904139e-02 4.977469e-03
1.808333e+01 8.622288e-02 4.768086e-03
1.827778e+01 8.319422e-02 4.551659e-03
1.847222e+01 7.996525e-02 4.328946e-03
1.866667e+01 7.654611e-02 4.100684e-03
1.886111e+01 7.294713e-02 3.867594e-03
1.905556e+01 6.917883e-02 3.630376e-03
1.925000e+01 6.525189e-02 3.389709e-03
1.944444e+01 6.117712e-02 3.146252e-03
1.963889e+01 5.696541e-02 2.900643e-03
1.983333e+01 5.262769e-02 2.653497e-03
2.002778e+01 4.817494e-02 2.405406e-03
2.022222e+01 4.361814e-02 2.156941e-03
2.041667e+01 3.896823e-02 1.908648e-03
2.061111e+01 3.423613e-02 1.661052e-03
2.080556e+01 2.943265e-02 1.414654e-03
2.100000e+01 2.456853e-02 1.169930e-03
2.119444e+01 1.965437e-02 9.273358e-04
2.138889e+01 1.470064e-02 6.873026e-04
2.158333e+01 9.717651e-03 4.502387e-04
2.177778e+01 4.715542e-03 2.165300e-04
2.197222e+01 -2.957505e-04 -1.346020e-05
2.216667e+01 -5.306492e-03 -2.393906e-04
2.236111e+01 -1.030718e-02 -4.609420e-04
2.255556e+01 -1.528853e-02 -6.778164e-04
2.275000e+01 -2.024152e-02 -8.897370e-04
2.294444e+01 -2.515738e-02 -1.096448e-03
2.313889e+01 -3.002763e-02 -1.297712e-03
2.333333e+01 -3.484402e-02 -1.493315e-03
2.372222e+01 -4.428260e-02 -1.866714e-03
2.411111e+01 -5.341627e-02 -2.215421e-03
2.450000e+01 -6.218849e-02 -2.538306e-03
2.488889e+01 -7.054835e-02 -2.834532e-03
2.527778e+01 -7.845043e-02 -3.103533e-03
2.566667e+01 -8.585461e-02 -3.344985e-03
2.605556e+01 -9.272597e-02 -3.558779e-03
2.644444e+01 -9.903462e-02 -3.745006e-03
2.683333e+01 -1.047555e-01 -3.903932e-03
2.722222e+01 -1.098683e-01 -4.035977e-03
2.761111e+01 -1.143570e-01 -4.141704e-03
2.800000e+01 -1.182103e-01 -4.221798e-03
2.838889e+01 -1.214207e-01 -4.277051e-03
2.877778e+01 -1.239848e-01 -4.308353e-03
2.916667e+01 -1.259029e-01 -4.316670e-03
2.955556e+01 -1.271787e-01 -4.303039e-03
2.994444e+01 -1.278195e-01 -4.268554e-03
3.033333e+01 -1.278354e-01 -4.214354e-03
3.072222e+01 -1.272396e-01 -4.141614e-03
3.111111e+01 -1.260478e-01 -4.051536e-03
3.150000e+01 -1.242781e-01 -3.945337e-03
3.188889e+01 -1.219508e-01 -3.824243e-03
3.227778e+01 -1.190882e-01 -3.689478e-03
3.266667e+01 -1.157139e-01 -3.542261e-03
3.305556e+01 -1.118531e-01 -3.383793e-03
3.344444e+01 -1.075323e-01 -3.215251e-03
3.383333e+01 -1.027784e-01 -3.037785e-03
3.422222e+01 -9.761910e-02 -2.852506e-03
3.461111e+01 -9.208232e-02 -2.660484e-03
3.500000e+01 -8.619589e-02 -2.462740e-03
3.538889e+01 -7.999177e-02 -2.260364e-03
3.577778e+01 -7.349766e-02 -2.054282e-03
3.616667e+01 -6.674295e-02 -1.845427e-03
3.655556e+01 -5.975675e-02 -1.634683e-03
3.694444e+01 -5.256778e-02 -1.422887e-03
3.733333e+01 -4.520425e-02 -1.210828e-03
3.772222e+01 -3.769384e-02 -9.992476e-04
3.811111e+01 -3.006355e-02 -7.888394e-04
3.850000e+01 -2.233967e-02 -5.802511e-04
3.888889e+01 -1.454770e-02 -3.740837e-04
3.927778e+01 -6.712297e-03 -1.708930e-04
3.966667e+01 1.142793e-03 2.880990e-05
4.005556e+01 8.994772e-03 2.245574e-04
4.044444e+01 1.682184e-02 4.159245e-04
4.083333e+01 2.460321e-02 6.025276e-04
4.122222e+01 3.231917e-02 7.840231e-04
4.161111e+01 3.995109e-02 9.601063e-04
4.200000e+01 4.748142e-02 1.130510e-03
4.238889e+01 5.489373e-02 1.295003e-03
4.277778e+01 6.217269e-02 1.453388e-03
4.316667e+01 6.930411e-02 1.605501e-03
4.355556e+01 7.627486e-02 1.751209e-03
4.394444e+01 8.307292e-02 1.890408e-03
4.433333e+01 8.968734e-02 2.023023e-03
4.472222e+01 9.610819e-02 2.149003e-03
4.511111e+01 1.023266e-01 2.268323e-03
4.550000e+01 1.083345e-01 2.380978e-03
4.588889e+01 1.141250e-01 2.486985e-03
4.627778e+01 1.196918e-01 2.586378e-03
4.666667e+01 1.250297e-01 2.679207e-03
4.705556e+01 1.301347e-01 2.765555e-03
4.744444e+01 1.350034e-01 2.845505e-03
4.783333e+01 1.396331e-01 2.919158e-03
4.822222e+01 1.440218e-01 2.986627e-03
4.861111e+01 1.481684e-01 3.048036e-03
4.900000e+01 1.520725e-01 3.103520e-03
4.938889e+01 1.557342e-01 3.153224e-03
4.977778e+01 1.591544e-01 3.197298e-03
5.016667e+01 1.623344e-01 3.235902e-03
5.055556e+01 1.652762e-01 3.269200e-03
5.094444e+01 1.679823e-01 3.297362e-03
5.133333e+01 1.704554e-01 3.320560e-03
5.172222e+01 1.726990e-01 3.338971e-03
5.211111e+01 1.747167e-01 3.352773e-03
5.250000e+01 1.765128e-01 3.362148e-03
5.288889e+01 1.780915e-01 3.367277e-03
5.327778e+01 1.794577e-01 3.368341e-03
5.366667e+01 1.806164e-01 3.365523e-03
5.405556e+01 1.815728e-01 3.359003e-03
5.444444e+01 1.823323e-01 3.348961e-03
5.483333e+01 1.829007e-01 3.335575e-03
5.522222e+01 1.832837e-01 3.319021e-03
5.561111e+01 1.834874e-01 3.299473e-03
5.600000e+01 1.835177e-01 3.277102e-03
5.638889e+01 1.833809e-01 3.252075e-03
5.677778e+01 1.830832e-01 3.224557e-03
5.716667e+01 1.826308e-01 3.194707e-03
5.755556e+01 1.820300e-01 3.162683e-03
5.794444e+01 1.812872e-01 3.128638e-03
5.833333e+01 1.804086e-01 3.092718e-03
5.872222e+01 1.794005e-01 3.055071e-03
5.911111e+01 1.782693e-01 3.015834e-03
5.950000e+01 1.770210e-01 2.975143e-03
5.988889e+01 1.756619e-01 2.933130e-03
6.027778e+01 1.741980e-01 2.889920e-03
6.066667e+01 1.726353e-01 2.845636e-03
6.105556e+01 1.709796e-01 2.800394e-03
6.144444e+01 1.692368e-01 2.754306e-03
6.183333e+01 1.674126e-01 2.707481e-03
6.222222e+01 1.655124e-01 2.660020e-03
6.261111e+01 1.635417e-01 2.612024e-03
6.300000e+01 1.615059e-01 2.563585e-03
6.338889e+01 1.594100e-01 2.514794e-03
6.377778e+01 1.572591e-01 2.465736e-03
6.416667e+01 1.550582e-01 2.416491e-03
6.455556e+01 1.528119e-01 2.367137e-03
6.494444e+01 1.505248e-01 2.317747e-03
6.533333e+01 1.482014e-01 2.268388e-03
6.572222e+01 1.458459e-01 2.219127e-03
6.611111e+01 1.434626e-01 2.170022e-03
6.650000e+01 1.410553e-01 2.121133e-03
6.688889e+01 1.386280e-01 2.072512e-03
6.727778e+01 1.361843e-01 2.024209e-03
6.766667e+01 1.337277e-01 1.976272e-03
6.805556e+01 1.312616e-01 1.928742e-03
6.844444e+01 1.287893e-01 1.881662e-03
6.883333e+01 1.263138e-01 1.835067e-03
6.922222e+01 1.238380e-01 1.788992e-03
6.961111e+01 1.213648e-01 1.743469e-03
7.000000e+01 1.188969e-01 1.698527e-03
7.077778e+01 1.139866e-01 1.610486e-03
7.155556e+01 1.091256e-01 1.525047e-03
7.233333e+01 1.043303e-01 1.442354e-03
7.311111e+01 9.961534e-02 1.362520e-03
7.388889e+01 9.499338e-02 1.285625e-03
7.466667e+01 9.047528e-02 1.211723e-03
7.544444e+01 8.607028e-02 1.140843e-03
7.622222e+01 8.178608e-02 1.072995e-03
7.700000e+01 7.762898e-02 1.008169e-03
7.777778e+01 7.360398e-02 9.463369e-04
7.855556e+01 6.971491e-02 8.874599e-04
7.933333e+01 6.596449e-02 8.314852e-04
8.011111e+01 6.235450e-02 7.783502e-04
8.088889e+01 5.888578e-02 7.279835e-04
8.166667e+01 5.555841e-02 6.803070e-04
8.244444e+01 5.237174e-02 6.352368e-04
8.322222e+01 4.932450e-02 5.926843e-04
8.400000e+01 4.641485e-02 5.525578e-04
8.477778e+01 4.364049e-02 5.147633e-04
8.555556e+01 4.099867e-02 4.792052e-04
8.633333e+01 3.848631e-02 4.457874e-04
8.711111e+01 3.610005e-02 4.144138e-04
8.788889e+01 3.383625e-02 3.849890e-04
8.866667e+01 3.169112e-02 3.574186e-04
8.944444e+01 2.966069e-02 3.316101e-04
9.022222e+01 2.774090e-02 3.074730e-04
9.100000e+01 2.592761e-02 2.849188e-04
9.177778e+01 2.421667e-02 2.638620e-04
9.255556e+01 2.260388e-02 2.442195e-04
9.333333e+01 2.108505e-02 2.259113e-04
9.488889e+01 1.831120e-02 1.929752e-04
9.644444e+01 1.586609e-02 1.645101e-04
9.800000e+01 1.371659e-02 1.399652e-04
9.955556e+01 1.183215e-02 1.188498e-04
1.011111e+02 1.018465e-02 1.007273e-04
1.026667e+02 8.748242e-03 8.521015e-05
1.042222e+02 7.499318e-03 7.195508e-05
1.057778e+02 6.416325e-03 6.065854e-05
1.073333e+02 5.479681e-03 5.105293e-05
1.088889e+02 4.671655e-03 4.290295e-05
1.104444e+02 3.976261e-03 3.600236e-05
1.120000e+02 3.379145e-03 3.017094e-05
1.135556e+02 2.867482e-03 2.525180e-05
1.151111e+02 2.429863e-03 2.110885e-05
1.166667e+02 2.056200e-03 1.762457e-05
1.182222e+02 1.737616e-03 1.469788e-05
1.197778e+02 1.466349e-03 1.224224e-05
1.213333e+02 1.235648e-03 1.018392e-05
1.228889e+02 1.039681e-03 8.460337e-06
1.244444e+02 8.734339e-04 7.018665e-06
1.260000e+02 7.326170e-04 5.814421e-06
1.275556e+02 6.135740e-04 4.810249e-06
1.291111e+02 5.131890e-04 3.974786e-06
1.306667e+02 4.287970e-04 3.281610e-06
1.322222e+02 3.580956e-04 2.708286e-06
1.337778e+02 2.990589e-04 2.235490e-06
1.353333e+02 2.498520e-04 1.846197e-06
1.368889e+02 2.087476e-04 1.524942e-06
1.384444e+02 1.740448e-04 1.257145e-06
1.400000e+02 1.439880e-04 1.028486e-06
1.404667e+02 1.361986e-04 9.696153e-07
1.409333e+02 1.288199e-04 9.140487e-07
1.414000e+02 1.218309e-04 8.616050e-07
1.418667e+02 1.152117e-04 8.121128e-07
1.423333e+02 1.089433e-04 7.654098e-07
1.428000e+02 1.030077e-04 7.213425e-07
1.432667e+02 9.738770e-05 6.797653e-07
1.437333e+02 9.206704e-05 6.405406e-07
1.442000e+02 8.703022e-05 6.035382e-07
1.446667e+02 8.226252e-05 5.686350e-07
1.451333e+02 7.774998e-05 5.357142e-07
1.456000e+02 7.347932e-05 5.046657e-07
1.460667e+02 6.943793e-05 4.753852e-07
1.465333e+02 6.561383e-05 4.477741e-07
1.470000e+02 6.199566e-05 4.217392e-07
1.474667e+02 5.857263e-05 3.971923e-07
1.479333e+02 5.533450e-05 3.740502e-07
1.484000e+02 5.227153e-05 3.522341e-07
1.488667e+02 4.937451e-05 3.316694e-07
1.493333e+02 4.663467e-05 3.122858e-07
1.498000e+02 4.404370e-05 2.940167e-07
1.502667e+02 4.159371e-05 2.767993e-07
1.507333e+02 3.927721e-05 2.605742e-07
1.512000e+02 3.708711e-05 2.452851e-07
1.516667e+02 3.501666e-05 2.308791e-07
1.521333e+02 3.305948e-05 2.173060e-07
1.526000e+02 3.120953e-05 2.045185e-07
1.530667e+02 2.946107e-05 1.924721e-07
1.535333e+02 2.780867e-05 1.811246e-07
1.540000e+02 2.624721e-05 1.704364e-07
1.545133e+02 2.462876e-05 1.593957e-07
1.550267e+02 2.310821e-05 1.490596e-07
1.555400e+02 2.167980e-05 1.393841e-07
1.560533e+02 2.033806e-05 1.303276e-07
1.565667e+02 1.907786e-05 1.218514e-07
1.570800e+02 1.789435e-05 1.139187e-07
1.575933e+02 1.678296e-05 1.064954e-07
1.581067e+02 1.573938e-05 9.954910e-08
1.586200e+02 1.475956e-05 9.304977e-08
1.591333e+02 1.383967e-05 8.696904e-08
1.596467e+02 1.297614e-05 8.128036e-08
1.601600e+02 1.216557e-05 7.595882e-08
1.606733e+02 1.140477e-05 7.098110e-08
1.611867e+02 1.069076e-05 6.632532e-08
1.617000e+02 1.002070e-05 6.197096e-08
1.622133e+02 9.391961e-06 5.789882e-08
1.627267e+02 8.802029e-06 5.409088e-08
1.632400e+02 8.248559e-06 5.053025e-08
1.637533e+02 7.729340e-06 4.720112e-08
1.642667e+02 7.242293e-06 4.408863e-08
1.647800e+02 6.785459e-06 4.117890e-08
1.652933e+02 6.356997e-06 3.845889e-08
1.658067e+02 5.955175e-06 3.591638e-08
1.663200e+02 5.578362e-06 3.353993e-08
1.668333e+02 5.225026e-06 3.131884e-08
1.673467e+02 4.893728e-06 2.924306e-08
1.678600e+02 4.583117e-06 2.730321e-08
1.683733e+02 4.291924e-06 2.549052e-08
1.688867e+02 4.018965e-06 2.379682e-08
1.694000e+02 3.763130e-06 2.221447e-08
1.699647e+02 3.500202e-06 2.059371e-08
1.705293e+02 3.255373e-06 1.908982e-08
1.710940e+02 3.027422e-06 1.769450e-08
1.716587e+02 2.815207e-06 1.640003e-08
1.722233e+02 2.617658e-06 1.519920e-08
1.727880e+02 2.433778e-06 1.408534e-08
1.733527e+02 2.262634e-06 1.305220e-08
1.739173e+02 2.103357e-06 1.209400e-08
1.744820e+02 1.955134e-06 1.120536e-08
1.750467e+02 1.817208e-06 1.038128e-08
1.756113e+02 1.688872e-06 9.617103e-09
1.761760e+02 1.569469e-06 8.908529e-09
1.767407e+02 1.458384e-06 8.251549e-09
1.773053e+02 1.355046e-06 7.642441e-09
1.778700e+02 1.258920e-06 7.077752e-09
1.784347e+02 1.169510e-06 6.554273e-09
1.789993e+02 1.086352e-06 6.069026e-09
1.795640e+02 1.009014e-06 5.619243e-09
1.801287e+02 9.370931e-07 5.202354e-09
1.806933e+02 8.702135e-07 4.815969e-09
1.812580e+02 8.080244e-07 4.457869e-09
1.818227e+02 7.501987e-07 4.125991e-09
1.823873e+02 6.964314e-07 3.818420e-09
1.829520e+02 6.464379e-07 3.533375e-09
1.835167e+02 5.999533e-07 3.269204e-09
1.840813e+02 5.567309e-07 3.024374e-09
1.846460e+02 5.165414e-07 2.797469e-09
1.852107e+02 4.791723e-07 2.587175e-09
1.857753e+02 4.444274e-07 2.392284e-09
1.863400e+02 4.121260e-07 2.211688e-09
1.869611e+02 3.791986e-07 2.028222e-09
1.875823e+02 3.487942e-07 1.859420e-09
1.882034e+02 3.207165e-07 1.704095e-09
1.888245e+02 2.947835e-07 1.561150e-09
1.894457e+02 2.708258e-07 1.429570e-09
1.900668e+02 2.486867e-07 1.308417e-09
1.906879e+02 2.282204e-07 1.196827e-09
1.913091e+02 2.092920e-07 1.093999e-09
1.919302e+02 1.917764e-07 9.991987e-10
1.925513e+02 1.755575e-07 9.117440e-10
1.931725e+02 1.605277e-07 8.310072e-10
1.937936e+02 1.465871e-07 7.564085e-10
1.944147e+02 1.336430e-07 6.874117e-10
1.950359e+02 1.216090e-07 6.235210e-10
1.956570e+02 1.104048e-07 5.642773e-10
1.962781e+02 9.995554e-08 5.092546e-10
1.968993e+02 9.019113e-08 4.580572e-10
1.975204e+02 8.104592e-08 4.103167e-10
1.981415e+02 7.245821e-08 3.656892e-10
1.987627e+02 6.436984e-08 3.238528e-10
1.993838e+02 5.672579e-08 2.845055e-10
2.000049e+02 4.947385e-08 2.473632e-10
2.006261e+02 4.256427e-08 2.121572e-10
2.012472e+02 3.594945e-08 1.786333e-10
2.018683e+02 2.958374e-08 1.465497e-10
2.024895e+02 2.342313e-08 1.156758e-10
2.031106e+02 1.742510e-08 8.579118e-11
2.037317e+02 1.154843e-08 5.668449e-11
2.043529e+02 5.753064e-09 2.815260e-11
2.049740e+02 0.000000e+00
