# 
# Output from EIGENRAD program.
# 
# Eigenfunction for specific electronic state.
# The first column contains radius $r$ in bohr units.
# The second column holds value of eginefunction.
# 
# Use this file with gnuplot to create the plot.
#
0.000000e+00 0.000000e+00 4.034054e-06
2.500000e-01 7.622931e-08 3.049172e-07
5.000000e-01 -7.048583e-07 -1.409717e-06
7.500000e-01 -1.744740e-06 -2.326320e-06
1.000000e+00 -3.596961e-06 -3.596961e-06
1.250000e+00 -7.886108e-06 -6.308886e-06
1.500000e+00 -1.722616e-05 -1.148410e-05
1.750000e+00 -3.513820e-05 -2.007897e-05
2.000000e+00 -6.596756e-05 -3.298378e-05
2.250000e+00 -1.148003e-04 -5.102233e-05
2.500000e+00 -1.873788e-04 -7.495153e-05
2.750000e+00 -2.900177e-04 -1.054610e-04
3.000000e+00 -4.295175e-04 -1.431725e-04
3.250000e+00 -6.130795e-04 -1.886398e-04
3.500000e+00 -8.482184e-04 -2.423481e-04
3.750000e+00 -1.142676e-03 -3.047135e-04
4.000000e+00 -1.504331e-03 -3.760828e-04
4.250000e+00 -1.941115e-03 -4.567330e-04
4.500000e+00 -2.460918e-03 -5.468707e-04
4.750000e+00 -3.071503e-03 -6.466321e-04
5.000000e+00 -3.780411e-03 -7.560823e-04
5.250000e+00 -4.594877e-03 -8.752147e-04
5.500000e+00 -5.521731e-03 -1.003951e-03
5.750000e+00 -6.567310e-03 -1.142141e-03
6.000000e+00 -7.737363e-03 -1.289561e-03
6.250000e+00 -9.036961e-03 -1.445914e-03
6.500000e+00 -1.047040e-02 -1.610830e-03
6.750000e+00 -1.204110e-02 -1.783866e-03
7.000000e+00 -1.375152e-02 -1.964503e-03
7.250000e+00 -1.560308e-02 -2.152148e-03
7.500000e+00 -1.759600e-02 -2.346133e-03
7.750000e+00 -1.973480e-02 -2.546426e-03
8.000000e+00 -2.201762e-02 -2.752202e-03
8.250000e+00 -2.444392e-02 -2.962899e-03
8.500000e+00 -2.701242e-02 -3.177932e-03
8.750000e+00 -2.972113e-02 -3.396701e-03
9.000000e+00 -3.256739e-02 -3.618599e-03
9.250000e+00 -3.554790e-02 -3.843016e-03
9.500000e+00 -3.865878e-02 -4.069346e-03
9.750000e+00 -4.189562e-02 -4.296987e-03
1.000000e+01 -4.525348e-02 -4.525348e-03
1.025000e+01 -4.872697e-02 -4.753850e-03
1.050000e+01 -5.231024e-02 -4.981928e-03
1.075000e+01 -5.599710e-02 -5.209032e-03
1.100000e+01 -5.978096e-02 -5.434632e-03
1.125000e+01 -6.365494e-02 -5.658217e-03
1.150000e+01 -6.761189e-02 -5.879294e-03
1.175000e+01 -7.164439e-02 -6.097395e-03
1.200000e+01 -7.574486e-02 -6.312072e-03
1.225000e+01 -7.990552e-02 -6.522900e-03
1.250000e+01 -8.411848e-02 -6.729478e-03
1.275000e+01 -8.837572e-02 -6.931429e-03
1.300000e+01 -9.266921e-02 -7.128401e-03
1.325000e+01 -9.699085e-02 -7.320064e-03
1.350000e+01 -1.013326e-01 -7.506117e-03
1.375000e+01 -1.056864e-01 -7.686280e-03
1.400000e+01 -1.100442e-01 -7.860302e-03
1.425000e+01 -1.143983e-01 -8.027954e-03
1.450000e+01 -1.187410e-01 -8.189034e-03
1.475000e+01 -1.230647e-01 -8.343366e-03
1.500000e+01 -1.273620e-01 -8.490799e-03
1.525000e+01 -1.316255e-01 -8.631179e-03
1.550000e+01 -1.358483e-01 -8.764404e-03
1.575000e+01 -1.400235e-01 -8.890379e-03
1.600000e+01 -1.441445e-01 -9.009032e-03
1.625000e+01 -1.482050e-01 -9.120309e-03
1.650000e+01 -1.521989e-01 -9.224176e-03
1.675000e+01 -1.561204e-01 -9.320619e-03
1.700000e+01 -1.599638e-01 -9.409637e-03
1.725000e+01 -1.637241e-01 -9.491250e-03
1.750000e+01 -1.673961e-01 -9.565491e-03
1.775000e+01 -1.709752e-01 -9.632408e-03
1.800000e+01 -1.744571e-01 -9.692061e-03
1.825000e+01 -1.778376e-01 -9.744526e-03
1.850000e+01 -1.811129e-01 -9.789888e-03
1.875000e+01 -1.842796e-01 -9.828245e-03
1.900000e+01 -1.873344e-01 -9.859706e-03
1.925000e+01 -1.902744e-01 -9.884387e-03
1.950000e+01 -1.930971e-01 -9.902416e-03
1.975000e+01 -1.958000e-01 -9.913926e-03
2.000000e+01 -1.983812e-01 -9.919061e-03
2.025000e+01 -2.008389e-01 -9.917970e-03
2.050000e+01 -2.031715e-01 -9.910807e-03
2.075000e+01 -2.053780e-01 -9.897733e-03
2.100000e+01 -2.074572e-01 -9.878914e-03
2.125000e+01 -2.094085e-01 -9.854519e-03
2.150000e+01 -2.112315e-01 -9.824720e-03
2.175000e+01 -2.129258e-01 -9.789693e-03
2.200000e+01 -2.144915e-01 -9.749615e-03
2.225000e+01 -2.159288e-01 -9.704665e-03
2.250000e+01 -2.172380e-01 -9.655024e-03
2.275000e+01 -2.184199e-01 -9.600875e-03
2.300000e+01 -2.194752e-01 -9.542400e-03
2.325000e+01 -2.204049e-01 -9.479782e-03
2.350000e+01 -2.212103e-01 -9.413203e-03
2.375000e+01 -2.218925e-01 -9.342844e-03
2.400000e+01 -2.224532e-01 -9.268884e-03
2.425000e+01 -2.228940e-01 -9.191505e-03
2.450000e+01 -2.232166e-01 -9.110881e-03
2.475000e+01 -2.234229e-01 -9.027189e-03
2.500000e+01 -2.235151e-01 -8.940603e-03
2.525000e+01 -2.234951e-01 -8.851291e-03
2.550000e+01 -2.233653e-01 -8.759424e-03
2.575000e+01 -2.231280e-01 -8.665165e-03
2.600000e+01 -2.227856e-01 -8.568676e-03
2.625000e+01 -2.223406e-01 -8.470117e-03
2.650000e+01 -2.217955e-01 -8.369643e-03
2.675000e+01 -2.211531e-01 -8.267407e-03
2.700000e+01 -2.204160e-01 -8.163555e-03
2.725000e+01 -2.195869e-01 -8.058234e-03
2.750000e+01 -2.186686e-01 -7.951584e-03
2.775000e+01 -2.176639e-01 -7.843743e-03
2.800000e+01 -2.165756e-01 -7.734844e-03
2.825000e+01 -2.154067e-01 -7.625016e-03
2.850000e+01 -2.141600e-01 -7.514384e-03
2.875000e+01 -2.128383e-01 -7.403071e-03
2.900000e+01 -2.114446e-01 -7.291194e-03
2.925000e+01 -2.099818e-01 -7.178865e-03
2.950000e+01 -2.084527e-01 -7.066194e-03
2.975000e+01 -2.068603e-01 -6.953287e-03
3.000000e+01 -2.052073e-01 -6.840244e-03
3.025000e+01 -2.034967e-01 -6.727164e-03
3.050000e+01 -2.017313e-01 -6.614140e-03
3.075000e+01 -1.999138e-01 -6.501262e-03
3.100000e+01 -1.980470e-01 -6.388614e-03
3.125000e+01 -1.961338e-01 -6.276280e-03
3.150000e+01 -1.941766e-01 -6.164338e-03
3.175000e+01 -1.921784e-01 -6.052862e-03
3.200000e+01 -1.901415e-01 -5.941923e-03
3.225000e+01 -1.880687e-01 -5.831589e-03
3.250000e+01 -1.859625e-01 -5.721923e-03
3.275000e+01 -1.838253e-01 -5.612987e-03
3.300000e+01 -1.816596e-01 -5.504837e-03
3.325000e+01 -1.794678e-01 -5.397528e-03
3.350000e+01 -1.772522e-01 -5.291109e-03
3.375000e+01 -1.750150e-01 -5.185630e-03
3.400000e+01 -1.727586e-01 -5.081135e-03
3.425000e+01 -1.704850e-01 -4.977665e-03
3.450000e+01 -1.681965e-01 -4.875260e-03
3.475000e+01 -1.658950e-01 -4.773956e-03
3.500000e+01 -1.635825e-01 -4.673786e-03
3.525000e+01 -1.612610e-01 -4.574781e-03
3.550000e+01 -1.589324e-01 -4.476970e-03
3.575000e+01 -1.565985e-01 -4.380378e-03
3.600000e+01 -1.542610e-01 -4.285029e-03
3.625000e+01 -1.519217e-01 -4.190945e-03
3.650000e+01 -1.495823e-01 -4.098144e-03
3.675000e+01 -1.472442e-01 -4.006644e-03
3.700000e+01 -1.449090e-01 -3.916459e-03
3.725000e+01 -1.425782e-01 -3.827603e-03
3.750000e+01 -1.402533e-01 -3.740088e-03
3.775000e+01 -1.379355e-01 -3.653921e-03
3.800000e+01 -1.356263e-01 -3.569112e-03
3.825000e+01 -1.333267e-01 -3.485666e-03
3.850000e+01 -1.310381e-01 -3.403587e-03
3.875000e+01 -1.287616e-01 -3.322879e-03
3.900000e+01 -1.264982e-01 -3.243543e-03
3.925000e+01 -1.242490e-01 -3.165579e-03
3.950000e+01 -1.220150e-01 -3.088987e-03
3.975000e+01 -1.197971e-01 -3.013763e-03
4.000000e+01 -1.175962e-01 -2.939905e-03
4.025000e+01 -1.154131e-01 -2.867407e-03
4.050000e+01 -1.132487e-01 -2.796264e-03
4.075000e+01 -1.111036e-01 -2.726470e-03
4.100000e+01 -1.089787e-01 -2.658016e-03
4.125000e+01 -1.068744e-01 -2.590895e-03
4.150000e+01 -1.047915e-01 -2.525096e-03
4.175000e+01 -1.027305e-01 -2.460610e-03
4.200000e+01 -1.006919e-01 -2.397426e-03
4.225000e+01 -9.867626e-02 -2.335533e-03
4.250000e+01 -9.668400e-02 -2.274918e-03
4.275000e+01 -9.471554e-02 -2.215568e-03
4.300000e+01 -9.277126e-02 -2.157471e-03
4.325000e+01 -9.085150e-02 -2.100613e-03
4.350000e+01 -8.895656e-02 -2.044978e-03
4.375000e+01 -8.708674e-02 -1.990554e-03
4.400000e+01 -8.524227e-02 -1.937324e-03
4.425000e+01 -8.342336e-02 -1.885274e-03
4.450000e+01 -8.163021e-02 -1.834387e-03
4.475000e+01 -7.986297e-02 -1.784647e-03
4.500000e+01 -7.812177e-02 -1.736039e-03
4.550000e+01 -7.471787e-02 -1.642151e-03
4.600000e+01 -7.141907e-02 -1.552588e-03
4.650000e+01 -6.822552e-02 -1.467215e-03
4.700000e+01 -6.513701e-02 -1.385894e-03
4.750000e+01 -6.215306e-02 -1.308485e-03
4.800000e+01 -5.927287e-02 -1.234852e-03
4.850000e+01 -5.649542e-02 -1.164854e-03
4.900000e+01 -5.381945e-02 -1.098356e-03
4.950000e+01 -5.124347e-02 -1.035222e-03
5.000000e+01 -4.876586e-02 -9.753172e-04
5.050000e+01 -4.638480e-02 -9.185108e-04
5.100000e+01 -4.409833e-02 -8.646731e-04
5.150000e+01 -4.190439e-02 -8.136774e-04
5.200000e+01 -3.980080e-02 -7.654000e-04
5.250000e+01 -3.778531e-02 -7.197202e-04
5.300000e+01 -3.585558e-02 -6.765205e-04
5.350000e+01 -3.400924e-02 -6.356868e-04
5.400000e+01 -3.224386e-02 -5.971085e-04
5.450000e+01 -3.055698e-02 -5.606785e-04
5.500000e+01 -2.894614e-02 -5.262934e-04
5.550000e+01 -2.740886e-02 -4.938533e-04
5.600000e+01 -2.594266e-02 -4.632618e-04
5.650000e+01 -2.454509e-02 -4.344263e-04
5.700000e+01 -2.321370e-02 -4.072579e-04
5.750000e+01 -2.194607e-02 -3.816708e-04
5.800000e+01 -2.073981e-02 -3.575830e-04
5.850000e+01 -1.959257e-02 -3.349157e-04
5.900000e+01 -1.850202e-02 -3.135936e-04
5.950000e+01 -1.746588e-02 -2.935443e-04
6.000000e+01 -1.648191e-02 -2.746985e-04
6.050000e+01 -1.554797e-02 -2.569912e-04
6.100000e+01 -1.466194e-02 -2.403597e-04
6.150000e+01 -1.382176e-02 -2.247441e-04
6.200000e+01 -1.302541e-02 -2.100872e-04
6.250000e+01 -1.227094e-02 -1.963350e-04
6.300000e+01 -1.155646e-02 -1.834358e-04
6.350000e+01 -1.088014e-02 -1.713408e-04
6.400000e+01 -1.024022e-02 -1.600035e-04
6.450000e+01 -9.634994e-03 -1.493798e-04
6.500000e+01 -9.062810e-03 -1.394278e-04
6.550000e+01 -8.522079e-03 -1.301081e-04
6.600000e+01 -8.011275e-03 -1.213830e-04
6.650000e+01 -7.528925e-03 -1.132169e-04
6.700000e+01 -7.073615e-03 -1.055763e-04
6.750000e+01 -6.643987e-03 -9.842943e-05
6.800000e+01 -6.238738e-03 -9.174615e-05
6.850000e+01 -5.856621e-03 -8.549812e-05
6.900000e+01 -5.496440e-03 -7.965855e-05
6.950000e+01 -5.157051e-03 -7.420217e-05
7.000000e+01 -4.837362e-03 -6.910517e-05
7.050000e+01 -4.536330e-03 -6.434510e-05
7.100000e+01 -4.252958e-03 -5.990081e-05
7.150000e+01 -3.986296e-03 -5.575240e-05
7.200000e+01 -3.735440e-03 -5.188111e-05
7.250000e+01 -3.499527e-03 -4.826934e-05
7.300000e+01 -3.277735e-03 -4.490048e-05
7.350000e+01 -3.069281e-03 -4.175893e-05
7.400000e+01 -2.873420e-03 -3.882999e-05
7.450000e+01 -2.689440e-03 -3.609986e-05
7.500000e+01 -2.516663e-03 -3.355550e-05
7.550000e+01 -2.354467e-03 -3.118499e-05
7.600000e+01 -2.202240e-03 -2.897685e-05
7.650000e+01 -2.059409e-03 -2.692038e-05
7.700000e+01 -1.925430e-03 -2.500558e-05
7.750000e+01 -1.799787e-03 -2.322305e-05
7.800000e+01 -1.681991e-03 -2.156399e-05
7.850000e+01 -1.571583e-03 -2.002016e-05
7.900000e+01 -1.468123e-03 -1.858384e-05
7.950000e+01 -1.371199e-03 -1.724779e-05
8.000000e+01 -1.280420e-03 -1.600526e-05
8.050000e+01 -1.195418e-03 -1.484991e-05
8.100000e+01 -1.115842e-03 -1.377583e-05
8.150000e+01 -1.041365e-03 -1.277748e-05
8.200000e+01 -9.716755e-04 -1.184970e-05
8.250000e+01 -9.064809e-04 -1.098765e-05
8.300000e+01 -8.455048e-04 -1.018681e-05
8.350000e+01 -7.884871e-04 -9.442960e-06
8.400000e+01 -7.351825e-04 -8.752172e-06
8.450000e+01 -6.853599e-04 -8.110768e-06
8.500000e+01 -6.388018e-04 -7.515315e-06
8.550000e+01 -5.953034e-04 -6.962613e-06
8.600000e+01 -5.546720e-04 -6.449675e-06
8.650000e+01 -5.167264e-04 -5.973716e-06
8.700000e+01 -4.812962e-04 -5.532140e-06
8.750000e+01 -4.482210e-04 -5.122526e-06
8.800000e+01 -4.173504e-04 -4.742618e-06
8.850000e+01 -3.885430e-04 -4.390316e-06
8.900000e+01 -3.616660e-04 -4.063663e-06
8.950000e+01 -3.365952e-04 -3.760840e-06
9.000000e+01 -3.132137e-04 -3.480153e-06
9.100000e+01 -2.711049e-04 -2.979175e-06
9.200000e+01 -2.344903e-04 -2.548808e-06
9.300000e+01 -2.026907e-04 -2.179470e-06
9.400000e+01 -1.751017e-04 -1.862784e-06
9.500000e+01 -1.511873e-04 -1.591445e-06
9.600000e+01 -1.304737e-04 -1.359101e-06
9.700000e+01 -1.125440e-04 -1.160247e-06
9.800000e+01 -9.703177e-05 -9.901201e-07
9.900000e+01 -8.361686e-05 -8.446147e-07
1.000000e+02 -7.201988e-05 -7.201988e-07
1.010000e+02 -6.199795e-05 -6.138411e-07
1.020000e+02 -5.334035e-05 -5.229446e-07
1.030000e+02 -4.586467e-05 -4.452880e-07
1.040000e+02 -3.941312e-05 -3.789723e-07
1.050000e+02 -3.384931e-05 -3.223744e-07
1.060000e+02 -2.905521e-05 -2.741057e-07
1.070000e+02 -2.492849e-05 -2.329765e-07
1.080000e+02 -2.138017e-05 -1.979645e-07
1.090000e+02 -1.833257e-05 -1.681887e-07
1.100000e+02 -1.571757e-05 -1.428870e-07
1.110000e+02 -1.347518e-05 -1.213980e-07
1.120000e+02 -1.155244e-05 -1.031467e-07
1.130000e+02 -9.902622e-06 -8.763382e-08
1.140000e+02 -8.484754e-06 -7.442767e-08
1.150000e+02 -7.263427e-06 -6.316023e-08
1.160000e+02 -6.208947e-06 -5.352541e-08
1.170000e+02 -5.297792e-06 -4.528028e-08
1.180000e+02 -4.513373e-06 -3.824892e-08
1.190000e+02 -3.847111e-06 -3.232867e-08
1.200000e+02 -3.299834e-06 -2.749862e-08
1.210000e+02 -2.817366e-06 -2.328401e-08
1.220000e+02 -2.404055e-06 -1.970537e-08
1.230000e+02 -2.050462e-06 -1.667042e-08
1.240000e+02 -1.748288e-06 -1.409910e-08
1.250000e+02 -1.490271e-06 -1.192217e-08
1.260000e+02 -1.270086e-06 -1.008005e-08
1.270000e+02 -1.082246e-06 -8.521626e-09
1.280000e+02 -9.220179e-07 -7.203265e-09
1.290000e+02 -7.853327e-07 -6.087850e-09
1.300000e+02 -6.687113e-07 -5.143933e-09
1.310000e+02 -5.691892e-07 -4.344956e-09
1.320000e+02 -4.842490e-07 -3.668553e-09
1.330000e+02 -4.117583e-07 -3.095927e-09
1.340000e+02 -3.499131e-07 -2.611292e-09
1.350000e+02 -2.971861e-07 -2.201378e-09
1.360000e+02 -2.522811e-07 -1.855008e-09
1.370000e+02 -2.140929e-07 -1.562722e-09
1.380000e+02 -1.816719e-07 -1.316463e-09
1.390000e+02 -1.541953e-07 -1.109319e-09
1.400000e+02 -1.309427e-07 -9.353051e-10
1.410000e+02 -1.112780e-07 -7.892054e-10
1.420000e+02 -9.463608e-08 -6.664513e-10
1.430000e+02 -8.051587e-08 -5.630480e-10
1.440000e+02 -6.847780e-08 -4.755403e-10
1.450000e+02 -5.814757e-08 -4.010178e-10
1.460000e+02 -4.922504e-08 -3.371578e-10
1.470000e+02 -4.149861e-08 -2.823035e-10
1.480000e+02 -3.486519e-08 -2.355756e-10
1.490000e+02 -2.935553e-08 -1.970170e-10
1.500000e+02 -2.516510e-08 -1.677673e-10
1.510000e+02 -2.130960e-08 -1.411232e-10
1.520000e+02 -1.803472e-08 -1.186495e-10
1.530000e+02 -1.525724e-08 -9.972052e-11
1.540000e+02 -1.290447e-08 -8.379526e-11
1.550000e+02 -1.091320e-08 -7.040773e-11
1.560000e+02 -9.228748e-09 -5.915864e-11
1.570000e+02 -7.804084e-09 -4.970754e-11
1.580000e+02 -6.598957e-09 -4.176555e-11
1.590000e+02 -5.579116e-09 -3.508878e-11
1.600000e+02 -4.715561e-09 -2.947226e-11
1.610000e+02 -3.983860e-09 -2.474447e-11
1.620000e+02 -3.363510e-09 -2.076241e-11
1.630000e+02 -2.837357e-09 -1.740710e-11
1.640000e+02 -2.391064e-09 -1.457966e-11
1.650000e+02 -2.012636e-09 -1.219779e-11
1.660000e+02 -1.691996e-09 -1.019275e-11
1.670000e+02 -1.420617e-09 -8.506687e-12
1.680000e+02 -1.191197e-09 -7.090459e-12
1.690000e+02 -9.974030e-10 -5.901793e-12
1.700000e+02 -8.336531e-10 -4.903842e-12
1.710000e+02 -6.949600e-10 -4.064094e-12
1.720000e+02 -5.768249e-10 -3.353633e-12
1.730000e+02 -4.751838e-10 -2.746727e-12
1.740000e+02 -3.864081e-10 -2.220736e-12
1.750000e+02 -3.073573e-10 -1.756328e-12
1.760000e+02 -2.354846e-10 -1.337981e-12
1.770000e+02 -1.689960e-10 -9.547795e-13
1.780000e+02 -1.070617e-10 -6.014701e-13
1.790000e+02 -5.008103e-11 -2.797823e-13
1.800000e+02 0.000000e+00
