# 
# Output from EIGENRAD program.
# 
# Eigenfunction for specific electronic state.
# The first column contains radius $r$ in bohr units.
# The second column holds value of eginefunction.
# 
# Use this file with gnuplot to create the plot.
#
0.000000e+00 0.000000e+00 -4.463935e-06
2.500000e-01 -8.603229e-08 -3.441292e-07
5.000000e-01 7.751521e-07 1.550304e-06
7.500000e-01 1.905179e-06 2.540239e-06
1.000000e+00 3.870658e-06 3.870658e-06
1.250000e+00 8.387974e-06 6.710379e-06
1.500000e+00 1.822768e-05 1.215179e-05
1.750000e+00 3.711849e-05 2.121057e-05
2.000000e+00 6.965084e-05 3.482542e-05
2.250000e+00 1.211801e-04 5.385780e-05
2.500000e+00 1.977291e-04 7.909166e-05
2.750000e+00 3.058911e-04 1.112331e-04
3.000000e+00 4.527310e-04 1.509103e-04
3.250000e+00 6.456872e-04 1.986730e-04
3.500000e+00 8.924730e-04 2.549923e-04
3.750000e+00 1.200977e-03 3.202605e-04
4.000000e+00 1.579163e-03 3.947907e-04
4.250000e+00 2.034971e-03 4.788168e-04
4.500000e+00 2.576217e-03 5.724927e-04
4.750000e+00 3.210489e-03 6.758924e-04
5.000000e+00 3.945050e-03 7.890100e-04
5.250000e+00 4.786733e-03 9.117586e-04
5.500000e+00 5.741840e-03 1.043971e-03
5.750000e+00 6.816042e-03 1.185399e-03
6.000000e+00 8.014270e-03 1.335712e-03
6.250000e+00 9.340618e-03 1.494499e-03
6.500000e+00 1.079824e-02 1.661267e-03
6.750000e+00 1.238922e-02 1.835441e-03
7.000000e+00 1.411454e-02 2.016362e-03
7.250000e+00 1.597386e-02 2.203291e-03
7.500000e+00 1.796553e-02 2.395405e-03
7.750000e+00 2.009266e-02 2.592601e-03
8.000000e+00 2.235104e-02 2.793880e-03
8.250000e+00 2.473804e-02 2.998550e-03
8.500000e+00 2.725011e-02 3.205895e-03
8.750000e+00 2.988287e-02 3.415185e-03
9.000000e+00 3.263118e-02 3.625687e-03
9.250000e+00 3.548916e-02 3.836666e-03
9.500000e+00 3.845028e-02 4.047398e-03
9.750000e+00 4.150738e-02 4.257167e-03
1.000000e+01 4.465276e-02 4.465276e-03
1.025000e+01 4.787821e-02 4.671045e-03
1.050000e+01 5.117506e-02 4.873816e-03
1.075000e+01 5.453426e-02 5.072955e-03
1.100000e+01 5.794640e-02 5.267854e-03
1.125000e+01 6.140176e-02 5.457934e-03
1.150000e+01 6.489038e-02 5.642642e-03
1.175000e+01 6.840213e-02 5.821457e-03
1.200000e+01 7.192667e-02 5.993889e-03
1.225000e+01 7.545362e-02 6.159479e-03
1.250000e+01 7.897249e-02 6.317800e-03
1.275000e+01 8.247283e-02 6.468457e-03
1.300000e+01 8.594419e-02 6.611092e-03
1.325000e+01 8.937623e-02 6.745376e-03
1.350000e+01 9.275870e-02 6.871015e-03
1.375000e+01 9.608156e-02 6.987750e-03
1.400000e+01 9.933497e-02 7.095355e-03
1.425000e+01 1.025093e-01 7.193637e-03
1.450000e+01 1.055954e-01 7.282439e-03
1.475000e+01 1.085841e-01 7.361635e-03
1.500000e+01 1.114670e-01 7.431135e-03
1.525000e+01 1.142354e-01 7.490845e-03
1.550000e+01 1.168815e-01 7.540740e-03
1.575000e+01 1.193976e-01 7.580802e-03
1.600000e+01 1.217767e-01 7.611042e-03
1.625000e+01 1.240119e-01 7.631499e-03
1.650000e+01 1.260969e-01 7.642234e-03
1.675000e+01 1.280258e-01 7.643334e-03
1.700000e+01 1.297934e-01 7.634904e-03
1.725000e+01 1.313946e-01 7.617075e-03
1.750000e+01 1.328249e-01 7.589994e-03
1.775000e+01 1.340804e-01 7.553825e-03
1.800000e+01 1.351575e-01 7.508752e-03
1.825000e+01 1.360532e-01 7.454972e-03
1.850000e+01 1.367649e-01 7.392697e-03
1.875000e+01 1.372904e-01 7.322153e-03
1.900000e+01 1.376280e-01 7.243577e-03
1.925000e+01 1.377764e-01 7.157218e-03
1.950000e+01 1.377350e-01 7.063334e-03
1.975000e+01 1.375033e-01 6.962193e-03
2.000000e+01 1.370814e-01 6.854070e-03
2.025000e+01 1.364697e-01 6.739247e-03
2.050000e+01 1.356692e-01 6.618011e-03
2.075000e+01 1.346811e-01 6.490656e-03
2.100000e+01 1.335071e-01 6.357479e-03
2.125000e+01 1.321490e-01 6.218778e-03
2.150000e+01 1.306094e-01 6.074854e-03
2.175000e+01 1.288908e-01 5.926012e-03
2.200000e+01 1.269961e-01 5.772551e-03
2.225000e+01 1.249287e-01 5.614775e-03
2.250000e+01 1.226921e-01 5.452983e-03
2.275000e+01 1.202901e-01 5.287479e-03
2.300000e+01 1.177269e-01 5.118560e-03
2.325000e+01 1.150066e-01 4.946521e-03
2.350000e+01 1.121339e-01 4.771654e-03
2.375000e+01 1.091133e-01 4.594246e-03
2.400000e+01 1.059499e-01 4.414581e-03
2.425000e+01 1.026487e-01 4.232938e-03
2.450000e+01 9.921495e-02 4.049590e-03
2.475000e+01 9.565394e-02 3.864806e-03
2.500000e+01 9.197118e-02 3.678847e-03
2.525000e+01 8.817227e-02 3.491971e-03
2.550000e+01 8.426288e-02 3.304427e-03
2.575000e+01 8.024877e-02 3.116457e-03
2.600000e+01 7.613574e-02 2.928298e-03
2.625000e+01 7.192968e-02 2.740178e-03
2.650000e+01 6.763647e-02 2.552320e-03
2.675000e+01 6.326205e-02 2.364937e-03
2.700000e+01 5.881236e-02 2.178236e-03
2.725000e+01 5.429334e-02 1.992416e-03
2.750000e+01 4.971090e-02 1.807669e-03
2.775000e+01 4.507097e-02 1.624179e-03
2.800000e+01 4.037941e-02 1.442122e-03
2.825000e+01 3.564205e-02 1.261665e-03
2.850000e+01 3.086466e-02 1.082971e-03
2.875000e+01 2.605297e-02 9.061903e-04
2.900000e+01 2.121262e-02 7.314696e-04
2.925000e+01 1.634917e-02 5.589460e-04
2.950000e+01 1.146811e-02 3.887493e-04
2.975000e+01 6.574810e-03 2.210020e-04
3.000000e+01 1.674568e-03 5.581894e-05
3.025000e+01 -3.227417e-03 -1.066915e-04
3.050000e+01 -8.126094e-03 -2.664293e-04
3.075000e+01 -1.301650e-02 -4.233008e-04
3.100000e+01 -1.789379e-02 -5.772191e-04
3.125000e+01 -2.275326e-02 -7.281044e-04
3.150000e+01 -2.759033e-02 -8.758835e-04
3.175000e+01 -3.240054e-02 -1.020490e-03
3.200000e+01 -3.717959e-02 -1.161862e-03
3.225000e+01 -4.192331e-02 -1.299948e-03
3.250000e+01 -4.662766e-02 -1.434697e-03
3.275000e+01 -5.128875e-02 -1.566069e-03
3.300000e+01 -5.590284e-02 -1.694026e-03
3.325000e+01 -6.046634e-02 -1.818536e-03
3.350000e+01 -6.497578e-02 -1.939576e-03
3.375000e+01 -6.942787e-02 -2.057122e-03
3.400000e+01 -7.381944e-02 -2.171160e-03
3.425000e+01 -7.814750e-02 -2.281679e-03
3.450000e+01 -8.240917e-02 -2.388672e-03
3.475000e+01 -8.660175e-02 -2.492137e-03
3.500000e+01 -9.072268e-02 -2.592076e-03
3.525000e+01 -9.476952e-02 -2.688497e-03
3.550000e+01 -9.874002e-02 -2.781409e-03
3.575000e+01 -1.026320e-01 -2.870826e-03
3.600000e+01 -1.064436e-01 -2.956766e-03
3.625000e+01 -1.101728e-01 -3.039250e-03
3.650000e+01 -1.138180e-01 -3.118302e-03
3.675000e+01 -1.173776e-01 -3.193949e-03
3.700000e+01 -1.208502e-01 -3.266221e-03
3.725000e+01 -1.242344e-01 -3.335152e-03
3.750000e+01 -1.275291e-01 -3.400776e-03
3.775000e+01 -1.307332e-01 -3.463131e-03
3.800000e+01 -1.338458e-01 -3.522258e-03
3.825000e+01 -1.368661e-01 -3.578199e-03
3.850000e+01 -1.397934e-01 -3.630997e-03
3.875000e+01 -1.426271e-01 -3.680700e-03
3.900000e+01 -1.453668e-01 -3.727354e-03
3.925000e+01 -1.480121e-01 -3.771010e-03
3.950000e+01 -1.505628e-01 -3.811717e-03
3.975000e+01 -1.530187e-01 -3.849528e-03
4.000000e+01 -1.553798e-01 -3.884496e-03
4.025000e+01 -1.576462e-01 -3.916676e-03
4.050000e+01 -1.598180e-01 -3.946123e-03
4.075000e+01 -1.618954e-01 -3.972893e-03
4.100000e+01 -1.638787e-01 -3.997043e-03
4.125000e+01 -1.657685e-01 -4.018630e-03
4.150000e+01 -1.675651e-01 -4.037713e-03
4.175000e+01 -1.692691e-01 -4.054351e-03
4.200000e+01 -1.708813e-01 -4.068602e-03
4.225000e+01 -1.724022e-01 -4.080525e-03
4.250000e+01 -1.738326e-01 -4.090180e-03
4.275000e+01 -1.751735e-01 -4.097627e-03
4.300000e+01 -1.764257e-01 -4.102924e-03
4.325000e+01 -1.775902e-01 -4.106132e-03
4.350000e+01 -1.786680e-01 -4.107311e-03
4.375000e+01 -1.796602e-01 -4.106518e-03
4.400000e+01 -1.805678e-01 -4.103814e-03
4.425000e+01 -1.813921e-01 -4.099257e-03
4.450000e+01 -1.821343e-01 -4.092905e-03
4.475000e+01 -1.827956e-01 -4.084817e-03
4.500000e+01 -1.833773e-01 -4.075050e-03
4.550000e+01 -1.843072e-01 -4.050708e-03
4.600000e+01 -1.849349e-01 -4.020324e-03
4.650000e+01 -1.852719e-01 -3.984341e-03
4.700000e+01 -1.853298e-01 -3.943187e-03
4.750000e+01 -1.851208e-01 -3.897279e-03
4.800000e+01 -1.846570e-01 -3.847021e-03
4.850000e+01 -1.839509e-01 -3.792803e-03
4.900000e+01 -1.830150e-01 -3.734999e-03
4.950000e+01 -1.818616e-01 -3.673972e-03
5.000000e+01 -1.805033e-01 -3.610067e-03
5.050000e+01 -1.789526e-01 -3.543615e-03
5.100000e+01 -1.772216e-01 -3.474934e-03
5.150000e+01 -1.753226e-01 -3.404323e-03
5.200000e+01 -1.732675e-01 -3.332068e-03
5.250000e+01 -1.710681e-01 -3.258441e-03
5.300000e+01 -1.687359e-01 -3.183696e-03
5.350000e+01 -1.662821e-01 -3.108076e-03
5.400000e+01 -1.637176e-01 -3.031807e-03
5.450000e+01 -1.610529e-01 -2.955100e-03
5.500000e+01 -1.582985e-01 -2.878155e-03
5.550000e+01 -1.554642e-01 -2.801156e-03
5.600000e+01 -1.525594e-01 -2.724275e-03
5.650000e+01 -1.495935e-01 -2.647672e-03
5.700000e+01 -1.465751e-01 -2.571493e-03
5.750000e+01 -1.435127e-01 -2.495873e-03
5.800000e+01 -1.404143e-01 -2.420936e-03
5.850000e+01 -1.372875e-01 -2.346796e-03
5.900000e+01 -1.341398e-01 -2.273555e-03
5.950000e+01 -1.309778e-01 -2.201308e-03
6.000000e+01 -1.278084e-01 -2.130140e-03
6.050000e+01 -1.246374e-01 -2.060122e-03
6.100000e+01 -1.214706e-01 -1.991321e-03
6.150000e+01 -1.183134e-01 -1.923795e-03
6.200000e+01 -1.151710e-01 -1.857597e-03
6.250000e+01 -1.120480e-01 -1.792769e-03
6.300000e+01 -1.089489e-01 -1.729347e-03
6.350000e+01 -1.058776e-01 -1.667364e-03
6.400000e+01 -1.028379e-01 -1.606842e-03
6.450000e+01 -9.983324e-02 -1.547802e-03
6.500000e+01 -9.686675e-02 -1.490258e-03
6.550000e+01 -9.394127e-02 -1.434218e-03
6.600000e+01 -9.105939e-02 -1.379688e-03
6.650000e+01 -8.822344e-02 -1.326668e-03
6.700000e+01 -8.543550e-02 -1.275157e-03
6.750000e+01 -8.269740e-02 -1.225147e-03
6.800000e+01 -8.001076e-02 -1.176629e-03
6.850000e+01 -7.737699e-02 -1.129591e-03
6.900000e+01 -7.479728e-02 -1.084018e-03
6.950000e+01 -7.227262e-02 -1.039894e-03
7.000000e+01 -6.980386e-02 -9.971979e-04
7.050000e+01 -6.739162e-02 -9.559095e-04
7.100000e+01 -6.503640e-02 -9.160056e-04
7.150000e+01 -6.273852e-02 -8.774619e-04
7.200000e+01 -6.049820e-02 -8.402527e-04
7.250000e+01 -5.831547e-02 -8.043513e-04
7.300000e+01 -5.619029e-02 -7.697300e-04
7.350000e+01 -5.412248e-02 -7.363603e-04
7.400000e+01 -5.211177e-02 -7.042131e-04
7.450000e+01 -5.015779e-02 -6.732589e-04
7.500000e+01 -4.826009e-02 -6.434678e-04
7.550000e+01 -4.641808e-02 -6.148089e-04
7.600000e+01 -4.463116e-02 -5.872521e-04
7.650000e+01 -4.289865e-02 -5.607666e-04
7.700000e+01 -4.121978e-02 -5.353218e-04
7.750000e+01 -3.959375e-02 -5.108871e-04
7.800000e+01 -3.801971e-02 -4.874322e-04
7.850000e+01 -3.649676e-02 -4.649268e-04
7.900000e+01 -3.502395e-02 -4.433411e-04
7.950000e+01 -3.360032e-02 -4.226456e-04
8.000000e+01 -3.222488e-02 -4.028110e-04
8.050000e+01 -3.089659e-02 -3.838086e-04
8.100000e+01 -2.961442e-02 -3.656101e-04
8.150000e+01 -2.837731e-02 -3.481878e-04
8.200000e+01 -2.718418e-02 -3.315143e-04
8.250000e+01 -2.603395e-02 -3.155630e-04
8.300000e+01 -2.492553e-02 -3.003076e-04
8.350000e+01 -2.385784e-02 -2.857227e-04
8.400000e+01 -2.282978e-02 -2.717831e-04
8.450000e+01 -2.184027e-02 -2.584647e-04
8.500000e+01 -2.088822e-02 -2.457437e-04
8.550000e+01 -1.997254e-02 -2.335970e-04
8.600000e+01 -1.909219e-02 -2.220022e-04
8.650000e+01 -1.824608e-02 -2.109374e-04
8.700000e+01 -1.743319e-02 -2.003815e-04
8.750000e+01 -1.665248e-02 -1.903140e-04
8.800000e+01 -1.590292e-02 -1.807150e-04
8.850000e+01 -1.518351e-02 -1.715651e-04
8.900000e+01 -1.449327e-02 -1.628458e-04
8.950000e+01 -1.383123e-02 -1.545389e-04
9.000000e+01 -1.319642e-02 -1.466269e-04
9.100000e+01 -1.200476e-02 -1.319205e-04
9.200000e+01 -1.091128e-02 -1.186008e-04
9.300000e+01 -9.908976e-03 -1.065481e-04
9.400000e+01 -8.991257e-03 -9.565167e-05
9.500000e+01 -8.151886e-03 -8.580932e-05
9.600000e+01 -7.384988e-03 -7.692696e-05
9.700000e+01 -6.685037e-03 -6.891791e-05
9.800000e+01 -6.046840e-03 -6.170244e-05
9.900000e+01 -5.465527e-03 -5.520734e-05
1.000000e+02 -4.936542e-03 -4.936542e-05
1.010000e+02 -4.455624e-03 -4.411509e-05
1.020000e+02 -4.018803e-03 -3.940003e-05
1.030000e+02 -3.622382e-03 -3.516876e-05
1.040000e+02 -3.262927e-03 -3.137430e-05
1.050000e+02 -2.937254e-03 -2.797385e-05
1.060000e+02 -2.642420e-03 -2.492849e-05
1.070000e+02 -2.375706e-03 -2.220286e-05
1.080000e+02 -2.134607e-03 -1.976488e-05
1.090000e+02 -1.916821e-03 -1.758551e-05
1.100000e+02 -1.720235e-03 -1.563850e-05
1.110000e+02 -1.542913e-03 -1.390011e-05
1.120000e+02 -1.383082e-03 -1.234895e-05
1.130000e+02 -1.239124e-03 -1.096570e-05
1.140000e+02 -1.109559e-03 -9.732976e-06
1.150000e+02 -9.930343e-04 -8.635081e-06
1.160000e+02 -8.883115e-04 -7.657858e-06
1.170000e+02 -7.942549e-04 -6.788503e-06
1.180000e+02 -7.098178e-04 -6.015405e-06
1.190000e+02 -6.340305e-04 -5.327987e-06
1.200000e+02 -5.659872e-04 -4.716560e-06
1.210000e+02 -5.050620e-04 -4.174066e-06
1.220000e+02 -4.504767e-04 -3.692432e-06
1.230000e+02 -4.016043e-04 -3.265076e-06
1.240000e+02 -3.578742e-04 -2.886083e-06
1.250000e+02 -3.187680e-04 -2.550144e-06
1.260000e+02 -2.838155e-04 -2.252504e-06
1.270000e+02 -2.525909e-04 -1.988905e-06
1.280000e+02 -2.247099e-04 -1.755546e-06
1.290000e+02 -1.998253e-04 -1.549033e-06
1.300000e+02 -1.776247e-04 -1.366344e-06
1.310000e+02 -1.578269e-04 -1.204785e-06
1.320000e+02 -1.401793e-04 -1.061964e-06
1.330000e+02 -1.244552e-04 -9.357531e-07
1.340000e+02 -1.104512e-04 -8.242624e-07
1.350000e+02 -9.798493e-05 -7.258143e-07
1.360000e+02 -8.689303e-05 -6.389193e-07
1.370000e+02 -7.702890e-05 -5.622547e-07
1.380000e+02 -6.826108e-05 -4.946455e-07
1.390000e+02 -6.047160e-05 -4.350475e-07
1.400000e+02 -5.355448e-05 -3.825320e-07
1.410000e+02 -4.741448e-05 -3.362729e-07
1.420000e+02 -4.196601e-05 -2.955353e-07
1.430000e+02 -3.713219e-05 -2.596656e-07
1.440000e+02 -3.284406e-05 -2.280837e-07
1.450000e+02 -2.904007e-05 -2.002763e-07
1.460000e+02 -2.566563e-05 -1.757920e-07
1.470000e+02 -2.267289e-05 -1.542373e-07
1.480000e+02 -2.002070e-05 -1.352750e-07
1.490000e+02 -1.767471e-05 -1.186222e-07
1.500000e+02 -1.560770e-05 -1.040513e-07
1.510000e+02 -1.377325e-05 -9.121356e-08
1.520000e+02 -1.214973e-05 -7.993245e-08
1.530000e+02 -1.071375e-05 -7.002453e-08
1.540000e+02 -9.444262e-06 -6.132637e-08
1.550000e+02 -8.322380e-06 -5.369277e-08
1.560000e+02 -7.331214e-06 -4.699496e-08
1.570000e+02 -6.455684e-06 -4.111901e-08
1.580000e+02 -5.682360e-06 -3.596430e-08
1.590000e+02 -4.999304e-06 -3.144217e-08
1.600000e+02 -4.395930e-06 -2.747456e-08
1.610000e+02 -3.862858e-06 -2.399291e-08
1.620000e+02 -3.391792e-06 -2.093699e-08
1.630000e+02 -2.975394e-06 -1.825395e-08
1.640000e+02 -2.607176e-06 -1.589741e-08
1.650000e+02 -2.281395e-06 -1.382663e-08
1.660000e+02 -1.992958e-06 -1.200577e-08
1.670000e+02 -1.737339e-06 -1.040323e-08
1.680000e+02 -1.510499e-06 -8.991066e-09
1.690000e+02 -1.308819e-06 -7.744492e-09
1.700000e+02 -1.129040e-06 -6.641412e-09
1.710000e+02 -9.682116e-07 -5.662056e-09
1.720000e+02 -8.236501e-07 -4.788663e-09
1.730000e+02 -6.929046e-07 -4.005229e-09
1.740000e+02 -5.737321e-07 -3.297311e-09
1.750000e+02 -4.640810e-07 -2.651891e-09
1.760000e+02 -3.620832e-07 -2.057291e-09
1.770000e+02 -2.660557e-07 -1.503140e-09
1.780000e+02 -1.745099e-07 -9.803928e-10
1.790000e+02 -8.617000e-08 -4.813966e-10
1.800000e+02 0.000000e+00
