# 
# Output from EIGENRAD program.
# 
# Eigenfunction for specific electronic state.
# The first column contains radius $r$ in bohr units.
# The second column holds value of eginefunction.
# 
# Use this file with gnuplot to create the plot.
#
0.000000e+00 0.000000e+00 -4.264975e-06
2.500000e-01 -8.313004e-08 -3.325202e-07
5.000000e-01 7.378988e-07 1.475798e-06
7.500000e-01 1.805846e-06 2.407795e-06
1.000000e+00 3.636146e-06 3.636146e-06
1.250000e+00 7.822828e-06 6.258262e-06
1.500000e+00 1.694425e-05 1.129616e-05
1.750000e+00 3.446863e-05 1.969636e-05
2.000000e+00 6.465946e-05 3.232973e-05
2.250000e+00 1.124806e-04 4.999139e-05
2.500000e+00 1.835014e-04 7.340057e-05
2.750000e+00 2.838014e-04 1.032005e-04
3.000000e+00 4.198748e-04 1.399583e-04
3.250000e+00 5.985355e-04 1.841648e-04
3.500000e+00 8.268205e-04 2.362344e-04
3.750000e+00 1.111895e-03 2.965053e-04
4.000000e+00 1.460954e-03 3.652386e-04
4.250000e+00 1.881131e-03 4.426190e-04
4.500000e+00 2.379395e-03 5.287544e-04
4.750000e+00 2.962458e-03 6.236753e-04
5.000000e+00 3.636677e-03 7.273355e-04
5.250000e+00 4.407959e-03 8.396113e-04
5.500000e+00 5.281660e-03 9.603018e-04
5.750000e+00 6.262489e-03 1.089129e-03
6.000000e+00 7.354413e-03 1.225735e-03
6.250000e+00 8.560555e-03 1.369689e-03
6.500000e+00 9.883099e-03 1.520477e-03
6.750000e+00 1.132319e-02 1.677510e-03
7.000000e+00 1.288084e-02 1.840121e-03
7.250000e+00 1.455483e-02 2.007563e-03
7.500000e+00 1.634259e-02 2.179012e-03
7.750000e+00 1.824617e-02 2.354344e-03
8.000000e+00 2.026052e-02 2.532565e-03
8.250000e+00 2.238214e-02 2.712987e-03
8.500000e+00 2.460664e-02 2.894899e-03
8.750000e+00 2.692883e-02 3.077581e-03
9.000000e+00 2.934278e-02 3.260309e-03
9.250000e+00 3.184187e-02 3.442365e-03
9.500000e+00 3.441888e-02 3.623040e-03
9.750000e+00 3.706598e-02 3.801639e-03
1.000000e+01 3.977489e-02 3.977489e-03
1.025000e+01 4.253684e-02 4.149936e-03
1.050000e+01 4.534269e-02 4.318351e-03
1.075000e+01 4.818293e-02 4.482133e-03
1.100000e+01 5.104781e-02 4.640710e-03
1.125000e+01 5.392731e-02 4.793539e-03
1.150000e+01 5.681127e-02 4.940110e-03
1.175000e+01 5.968936e-02 5.079946e-03
1.200000e+01 6.255122e-02 5.212602e-03
1.225000e+01 6.538645e-02 5.337669e-03
1.250000e+01 6.818465e-02 5.454772e-03
1.275000e+01 7.093554e-02 5.563572e-03
1.300000e+01 7.362893e-02 5.663764e-03
1.325000e+01 7.625480e-02 5.755079e-03
1.350000e+01 7.880337e-02 5.837286e-03
1.375000e+01 8.126508e-02 5.910188e-03
1.400000e+01 8.363072e-02 5.973623e-03
1.425000e+01 8.589138e-02 6.027465e-03
1.450000e+01 8.803858e-02 6.071626e-03
1.475000e+01 9.006426e-02 6.106052e-03
1.500000e+01 9.196082e-02 6.130721e-03
1.525000e+01 9.372060e-02 6.145613e-03
1.550000e+01 9.533703e-02 6.150776e-03
1.575000e+01 9.680371e-02 6.146267e-03
1.600000e+01 9.811477e-02 6.132173e-03
1.625000e+01 9.926484e-02 6.108605e-03
1.650000e+01 1.002491e-01 6.075703e-03
1.675000e+01 1.010633e-01 6.033628e-03
1.700000e+01 1.017036e-01 5.982564e-03
1.725000e+01 1.021668e-01 5.922715e-03
1.750000e+01 1.024503e-01 5.854304e-03
1.775000e+01 1.025519e-01 5.777573e-03
1.800000e+01 1.024700e-01 5.692777e-03
1.825000e+01 1.022034e-01 5.600188e-03
1.850000e+01 1.017517e-01 5.500092e-03
1.875000e+01 1.011147e-01 5.392785e-03
1.900000e+01 1.002929e-01 5.278574e-03
1.925000e+01 9.928724e-02 5.157778e-03
1.950000e+01 9.809909e-02 5.030723e-03
1.975000e+01 9.673037e-02 4.897740e-03
2.000000e+01 9.518341e-02 4.759170e-03
2.025000e+01 9.346097e-02 4.615357e-03
2.050000e+01 9.156627e-02 4.466647e-03
2.075000e+01 8.950289e-02 4.313392e-03
2.100000e+01 8.727483e-02 4.155945e-03
2.125000e+01 8.488644e-02 3.994656e-03
2.150000e+01 8.234240e-02 3.829879e-03
2.175000e+01 7.964772e-02 3.661964e-03
2.200000e+01 7.680770e-02 3.491259e-03
2.225000e+01 7.382791e-02 3.318108e-03
2.250000e+01 7.071415e-02 3.142851e-03
2.275000e+01 6.747263e-02 2.965830e-03
2.300000e+01 6.410966e-02 2.787377e-03
2.325000e+01 6.063175e-02 2.607817e-03
2.350000e+01 5.704559e-02 2.427472e-03
2.375000e+01 5.335804e-02 2.246655e-03
2.400000e+01 4.957612e-02 2.065672e-03
2.425000e+01 4.570694e-02 1.884822e-03
2.450000e+01 4.175773e-02 1.704397e-03
2.475000e+01 3.773579e-02 1.524678e-03
2.500000e+01 3.364848e-02 1.345939e-03
2.525000e+01 2.950322e-02 1.168444e-03
2.550000e+01 2.530744e-02 9.924485e-04
2.575000e+01 2.106857e-02 8.181970e-04
2.600000e+01 1.679406e-02 6.459254e-04
2.625000e+01 1.249131e-02 4.758593e-04
2.650000e+01 8.167674e-03 3.082141e-04
2.675000e+01 3.830476e-03 1.431954e-04
2.700000e+01 -5.130483e-04 -1.900179e-05
2.725000e+01 -4.855743e-03 -1.781924e-04
2.750000e+01 -9.190547e-03 -3.342017e-04
2.775000e+01 -1.351051e-02 -4.868652e-04
2.800000e+01 -1.780880e-02 -6.360287e-04
2.825000e+01 -2.207873e-02 -7.815479e-04
2.850000e+01 -2.631373e-02 -9.232888e-04
2.875000e+01 -3.050741e-02 -1.061127e-03
2.900000e+01 -3.465353e-02 -1.194949e-03
2.925000e+01 -3.874602e-02 -1.324650e-03
2.950000e+01 -4.277899e-02 -1.450135e-03
2.975000e+01 -4.674674e-02 -1.571319e-03
3.000000e+01 -5.064377e-02 -1.688126e-03
3.025000e+01 -5.446473e-02 -1.800487e-03
3.050000e+01 -5.820455e-02 -1.908346e-03
3.075000e+01 -6.185831e-02 -2.011652e-03
3.100000e+01 -6.542131e-02 -2.110365e-03
3.125000e+01 -6.888908e-02 -2.204451e-03
3.150000e+01 -7.225736e-02 -2.293884e-03
3.175000e+01 -7.552211e-02 -2.378649e-03
3.200000e+01 -7.867951e-02 -2.458735e-03
3.225000e+01 -8.172599e-02 -2.534139e-03
3.250000e+01 -8.465817e-02 -2.604867e-03
3.275000e+01 -8.747292e-02 -2.670929e-03
3.300000e+01 -9.016732e-02 -2.732343e-03
3.325000e+01 -9.273869e-02 -2.789133e-03
3.350000e+01 -9.518454e-02 -2.841330e-03
3.375000e+01 -9.750265e-02 -2.888967e-03
3.400000e+01 -9.969098e-02 -2.932088e-03
3.425000e+01 -1.017477e-01 -2.970737e-03
3.450000e+01 -1.036713e-01 -3.004965e-03
3.475000e+01 -1.054603e-01 -3.034830e-03
3.500000e+01 -1.071137e-01 -3.060390e-03
3.525000e+01 -1.086303e-01 -3.081711e-03
3.550000e+01 -1.100095e-01 -3.098860e-03
3.575000e+01 -1.112508e-01 -3.111910e-03
3.600000e+01 -1.123537e-01 -3.120937e-03
3.625000e+01 -1.133181e-01 -3.126018e-03
3.650000e+01 -1.141441e-01 -3.127235e-03
3.675000e+01 -1.148317e-01 -3.124673e-03
3.700000e+01 -1.153815e-01 -3.118419e-03
3.725000e+01 -1.157939e-01 -3.108561e-03
3.750000e+01 -1.160697e-01 -3.095191e-03
3.775000e+01 -1.162097e-01 -3.078401e-03
3.800000e+01 -1.162149e-01 -3.058288e-03
3.825000e+01 -1.160867e-01 -3.034945e-03
3.850000e+01 -1.158262e-01 -3.008472e-03
3.875000e+01 -1.154350e-01 -2.978967e-03
3.900000e+01 -1.149146e-01 -2.946529e-03
3.925000e+01 -1.142669e-01 -2.911258e-03
3.950000e+01 -1.134936e-01 -2.873255e-03
3.975000e+01 -1.125967e-01 -2.832622e-03
4.000000e+01 -1.115784e-01 -2.789459e-03
4.025000e+01 -1.104407e-01 -2.743869e-03
4.050000e+01 -1.091861e-01 -2.695952e-03
4.075000e+01 -1.078168e-01 -2.645810e-03
4.100000e+01 -1.063353e-01 -2.593544e-03
4.125000e+01 -1.047443e-01 -2.539255e-03
4.150000e+01 -1.030463e-01 -2.483043e-03
4.175000e+01 -1.012440e-01 -2.425006e-03
4.200000e+01 -9.934023e-02 -2.365244e-03
4.225000e+01 -9.733780e-02 -2.303853e-03
4.250000e+01 -9.523959e-02 -2.240931e-03
4.275000e+01 -9.304854e-02 -2.176574e-03
4.300000e+01 -9.076764e-02 -2.110875e-03
4.325000e+01 -8.839991e-02 -2.043929e-03
4.350000e+01 -8.594841e-02 -1.975826e-03
4.375000e+01 -8.341623e-02 -1.906657e-03
4.400000e+01 -8.080650e-02 -1.836511e-03
4.425000e+01 -7.812234e-02 -1.765477e-03
4.450000e+01 -7.536692e-02 -1.693639e-03
4.475000e+01 -7.254340e-02 -1.621082e-03
4.500000e+01 -6.965495e-02 -1.547888e-03
4.550000e+01 -6.369620e-02 -1.399917e-03
4.600000e+01 -5.751574e-02 -1.250342e-03
4.650000e+01 -5.113905e-02 -1.099765e-03
4.700000e+01 -4.459138e-02 -9.487527e-04
4.750000e+01 -3.789754e-02 -7.978429e-04
4.800000e+01 -3.108193e-02 -6.475403e-04
4.850000e+01 -2.416842e-02 -4.983179e-04
4.900000e+01 -1.718026e-02 -3.506175e-04
4.950000e+01 -1.014006e-02 -2.048497e-04
5.000000e+01 -3.069719e-03 -6.139438e-05
5.050000e+01 4.009649e-03 7.939898e-05
5.100000e+01 1.107773e-02 2.172104e-04
5.150000e+01 1.811508e-02 3.517491e-04
5.200000e+01 2.510313e-02 4.827524e-04
5.250000e+01 3.202424e-02 6.099855e-04
5.300000e+01 3.886172e-02 7.332400e-04
5.350000e+01 4.559984e-02 8.523335e-04
5.400000e+01 5.222386e-02 9.671086e-04
5.450000e+01 5.872003e-02 1.077432e-03
5.500000e+01 6.507556e-02 1.183192e-03
5.550000e+01 7.127870e-02 1.284301e-03
5.600000e+01 7.731864e-02 1.380690e-03
5.650000e+01 8.318557e-02 1.472311e-03
5.700000e+01 8.887060e-02 1.559133e-03
5.750000e+01 9.436579e-02 1.641144e-03
5.800000e+01 9.966408e-02 1.718346e-03
5.850000e+01 1.047593e-01 1.790757e-03
5.900000e+01 1.096461e-01 1.858408e-03
5.950000e+01 1.143198e-01 1.921341e-03
6.000000e+01 1.187766e-01 1.979611e-03
6.050000e+01 1.230140e-01 2.033290e-03
6.100000e+01 1.270297e-01 2.082454e-03
6.150000e+01 1.308221e-01 2.127188e-03
6.200000e+01 1.343904e-01 2.167588e-03
6.250000e+01 1.377346e-01 2.203753e-03
6.300000e+01 1.408549e-01 2.235792e-03
6.350000e+01 1.437525e-01 2.263819e-03
6.400000e+01 1.464289e-01 2.287952e-03
6.450000e+01 1.488862e-01 2.308313e-03
6.500000e+01 1.511268e-01 2.325028e-03
6.550000e+01 1.531538e-01 2.338226e-03
6.600000e+01 1.549706e-01 2.348039e-03
6.650000e+01 1.565807e-01 2.354598e-03
6.700000e+01 1.579885e-01 2.358037e-03
6.750000e+01 1.591981e-01 2.358490e-03
6.800000e+01 1.602143e-01 2.356092e-03
6.850000e+01 1.610419e-01 2.350977e-03
6.900000e+01 1.616862e-01 2.343278e-03
6.950000e+01 1.621524e-01 2.333127e-03
7.000000e+01 1.624460e-01 2.320657e-03
7.050000e+01 1.625726e-01 2.305995e-03
7.100000e+01 1.625381e-01 2.289269e-03
7.150000e+01 1.623483e-01 2.270605e-03
7.200000e+01 1.620090e-01 2.250125e-03
7.250000e+01 1.615264e-01 2.227950e-03
7.300000e+01 1.609063e-01 2.204196e-03
7.350000e+01 1.601550e-01 2.178979e-03
7.400000e+01 1.592782e-01 2.152409e-03
7.450000e+01 1.582822e-01 2.124593e-03
7.500000e+01 1.571728e-01 2.095638e-03
7.550000e+01 1.559561e-01 2.065644e-03
7.600000e+01 1.546379e-01 2.034709e-03
7.650000e+01 1.532239e-01 2.002927e-03
7.700000e+01 1.517200e-01 1.970390e-03
7.750000e+01 1.501319e-01 1.937185e-03
7.800000e+01 1.484649e-01 1.903396e-03
7.850000e+01 1.467246e-01 1.869104e-03
7.900000e+01 1.449164e-01 1.834384e-03
7.950000e+01 1.430453e-01 1.799311e-03
8.000000e+01 1.411164e-01 1.763955e-03
8.050000e+01 1.391347e-01 1.728381e-03
8.100000e+01 1.371050e-01 1.692654e-03
8.150000e+01 1.350319e-01 1.656833e-03
8.200000e+01 1.329199e-01 1.620974e-03
8.250000e+01 1.307734e-01 1.585132e-03
8.300000e+01 1.285966e-01 1.549357e-03
8.350000e+01 1.263936e-01 1.513696e-03
8.400000e+01 1.241683e-01 1.478195e-03
8.450000e+01 1.219245e-01 1.442893e-03
8.500000e+01 1.196657e-01 1.407832e-03
8.550000e+01 1.173954e-01 1.373046e-03
8.600000e+01 1.151170e-01 1.338569e-03
8.650000e+01 1.128335e-01 1.304433e-03
8.700000e+01 1.105480e-01 1.270667e-03
8.750000e+01 1.082634e-01 1.237296e-03
8.800000e+01 1.059823e-01 1.204345e-03
8.850000e+01 1.037074e-01 1.171835e-03
8.900000e+01 1.014411e-01 1.139788e-03
8.950000e+01 9.918571e-02 1.108220e-03
9.000000e+01 9.694341e-02 1.077149e-03
9.100000e+01 9.250612e-02 1.016551e-03
9.200000e+01 8.814393e-02 9.580862e-04
9.300000e+01 8.386984e-02 9.018262e-04
9.400000e+01 7.969496e-02 8.478187e-04
9.500000e+01 7.562869e-02 7.960915e-04
9.600000e+01 7.167884e-02 7.466546e-04
9.700000e+01 6.785175e-02 6.995025e-04
9.800000e+01 6.415238e-02 6.546162e-04
9.900000e+01 6.058452e-02 6.119649e-04
1.000000e+02 5.715079e-02 5.715079e-04
1.010000e+02 5.385283e-02 5.331963e-04
1.020000e+02 5.069134e-02 4.969739e-04
1.030000e+02 4.766623e-02 4.627789e-04
1.040000e+02 4.477666e-02 4.305448e-04
1.050000e+02 4.202118e-02 4.002017e-04
1.060000e+02 3.939776e-02 3.716769e-04
1.070000e+02 3.690389e-02 3.448962e-04
1.080000e+02 3.453666e-02 3.197839e-04
1.090000e+02 3.229281e-02 2.962644e-04
1.100000e+02 3.016880e-02 2.742619e-04
1.110000e+02 2.816086e-02 2.537014e-04
1.120000e+02 2.626503e-02 2.345092e-04
1.130000e+02 2.447724e-02 2.166127e-04
1.140000e+02 2.279331e-02 1.999413e-04
1.150000e+02 2.120903e-02 1.844264e-04
1.160000e+02 1.972015e-02 1.700013e-04
1.170000e+02 1.832242e-02 1.566019e-04
1.180000e+02 1.701163e-02 1.441664e-04
1.190000e+02 1.578359e-02 1.326352e-04
1.200000e+02 1.463417e-02 1.219514e-04
1.210000e+02 1.355934e-02 1.120607e-04
1.220000e+02 1.255528e-02 1.029121e-04
1.230000e+02 1.161812e-02 9.445627e-05
1.240000e+02 1.074415e-02 8.664636e-05
1.250000e+02 9.929782e-03 7.943825e-05
1.260000e+02 9.171577e-03 7.279030e-05
1.270000e+02 8.466231e-03 6.666324e-05
1.280000e+02 7.810575e-03 6.102012e-05
1.290000e+02 7.201579e-03 5.582619e-05
1.300000e+02 6.636347e-03 5.104883e-05
1.310000e+02 6.112119e-03 4.665740e-05
1.320000e+02 5.626265e-03 4.262322e-05
1.330000e+02 5.176287e-03 3.891945e-05
1.340000e+02 4.759815e-03 3.552100e-05
1.350000e+02 4.374604e-03 3.240447e-05
1.360000e+02 4.018532e-03 2.954803e-05
1.370000e+02 3.689597e-03 2.693137e-05
1.380000e+02 3.385913e-03 2.453560e-05
1.390000e+02 3.105705e-03 2.234320e-05
1.400000e+02 2.847307e-03 2.033791e-05
1.410000e+02 2.609158e-03 1.850466e-05
1.420000e+02 2.389793e-03 1.682953e-05
1.430000e+02 2.187843e-03 1.529960e-05
1.440000e+02 2.002028e-03 1.390298e-05
1.450000e+02 1.831151e-03 1.262863e-05
1.460000e+02 1.674092e-03 1.146638e-05
1.470000e+02 1.529800e-03 1.040680e-05
1.480000e+02 1.397292e-03 9.441164e-06
1.490000e+02 1.275641e-03 8.561350e-06
1.500000e+02 1.163971e-03 7.759804e-06
1.510000e+02 1.061571e-03 7.030271e-06
1.520000e+02 9.676724e-04 6.366266e-06
1.530000e+02 8.815992e-04 5.762086e-06
1.540000e+02 8.027232e-04 5.212488e-06
1.550000e+02 7.304607e-04 4.712650e-06
1.560000e+02 6.642700e-04 4.258141e-06
1.570000e+02 6.036486e-04 3.844896e-06
1.580000e+02 5.481309e-04 3.469183e-06
1.590000e+02 4.972855e-04 3.127582e-06
1.600000e+02 4.507132e-04 2.816958e-06
1.610000e+02 4.080444e-04 2.534437e-06
1.620000e+02 3.689370e-04 2.277389e-06
1.630000e+02 3.330745e-04 2.043402e-06
1.640000e+02 3.001637e-04 1.830266e-06
1.650000e+02 2.699329e-04 1.635957e-06
1.660000e+02 2.421303e-04 1.458616e-06
1.670000e+02 2.165216e-04 1.296536e-06
1.680000e+02 1.928890e-04 1.148149e-06
1.690000e+02 1.710293e-04 1.012008e-06
1.700000e+02 1.507524e-04 8.867787e-07
1.710000e+02 1.318798e-04 7.712271e-07
1.720000e+02 1.142436e-04 6.642071e-07
1.730000e+02 9.768478e-05 5.646519e-07
1.740000e+02 8.205232e-05 4.715651e-07
1.750000e+02 6.720210e-05 3.840120e-07
1.760000e+02 5.299582e-05 3.011126e-07
1.770000e+02 3.930011e-05 2.220345e-07
1.780000e+02 2.598572e-05 1.459872e-07
1.790000e+02 1.292675e-05 7.221650e-08
1.800000e+02 0.000000e+00
