# 
# Output from EIGENRAD program.
# 
# Eigenfunction for specific electronic state.
# The first column contains radius $r$ in bohr units.
# The second column holds value of eginefunction.
# 
# Use this file with gnuplot to create the plot.
#
0.000000e+00 0.000000e+00 3.898903e-06
2.500000e-01 7.653082e-08 3.061233e-07
5.000000e-01 -6.729943e-07 -1.345989e-06
7.500000e-01 -1.642425e-06 -2.189900e-06
1.000000e+00 -3.287840e-06 -3.287840e-06
1.250000e+00 -7.039722e-06 -5.631778e-06
1.500000e+00 -1.521509e-05 -1.014339e-05
1.750000e+00 -3.092960e-05 -1.767406e-05
2.000000e+00 -5.800962e-05 -2.900481e-05
2.250000e+00 -1.009042e-04 -4.484633e-05
2.500000e+00 -1.645973e-04 -6.583891e-05
2.750000e+00 -2.545192e-04 -9.255245e-05
3.000000e+00 -3.764592e-04 -1.254864e-04
3.250000e+00 -5.364768e-04 -1.650698e-04
3.500000e+00 -7.408139e-04 -2.116611e-04
3.750000e+00 -9.958066e-04 -2.655484e-04
4.000000e+00 -1.307797e-03 -3.269492e-04
4.250000e+00 -1.683044e-03 -3.960104e-04
4.500000e+00 -2.127638e-03 -4.728084e-04
4.750000e+00 -2.647408e-03 -5.573490e-04
5.000000e+00 -3.247837e-03 -6.495674e-04
5.250000e+00 -3.933972e-03 -7.493279e-04
5.500000e+00 -4.710335e-03 -8.564246e-04
5.750000e+00 -5.580838e-03 -9.705805e-04
6.000000e+00 -6.548688e-03 -1.091448e-03
6.250000e+00 -7.616306e-03 -1.218609e-03
6.500000e+00 -8.785232e-03 -1.351574e-03
6.750000e+00 -1.005604e-02 -1.489784e-03
7.000000e+00 -1.142825e-02 -1.632607e-03
7.250000e+00 -1.290023e-02 -1.779342e-03
7.500000e+00 -1.446913e-02 -1.929218e-03
7.750000e+00 -1.613632e-02 -2.082106e-03
8.000000e+00 -1.789665e-02 -2.237081e-03
8.250000e+00 -1.974637e-02 -2.393500e-03
8.500000e+00 -2.168097e-02 -2.550703e-03
8.750000e+00 -2.369519e-02 -2.708021e-03
9.000000e+00 -2.578307e-02 -2.864786e-03
9.250000e+00 -2.793809e-02 -3.020334e-03
9.500000e+00 -3.015313e-02 -3.174014e-03
9.750000e+00 -3.242060e-02 -3.325189e-03
1.000000e+01 -3.473244e-02 -3.473244e-03
1.025000e+01 -3.708024e-02 -3.617584e-03
1.050000e+01 -3.945523e-02 -3.757641e-03
1.075000e+01 -4.184838e-02 -3.892872e-03
1.100000e+01 -4.425044e-02 -4.022767e-03
1.125000e+01 -4.665197e-02 -4.146842e-03
1.150000e+01 -4.904345e-02 -4.264648e-03
1.175000e+01 -5.141524e-02 -4.375765e-03
1.200000e+01 -5.375771e-02 -4.479809e-03
1.225000e+01 -5.606127e-02 -4.576430e-03
1.250000e+01 -5.831637e-02 -4.665309e-03
1.275000e+01 -6.051361e-02 -4.746165e-03
1.300000e+01 -6.264375e-02 -4.818750e-03
1.325000e+01 -6.469777e-02 -4.882851e-03
1.350000e+01 -6.666690e-02 -4.938289e-03
1.375000e+01 -6.854266e-02 -4.984921e-03
1.400000e+01 -7.031693e-02 -5.022638e-03
1.425000e+01 -7.198197e-02 -5.051366e-03
1.450000e+01 -7.353045e-02 -5.071066e-03
1.475000e+01 -7.495551e-02 -5.081729e-03
1.500000e+01 -7.625079e-02 -5.083386e-03
1.525000e+01 -7.740987e-02 -5.076057e-03
1.550000e+01 -7.842749e-02 -5.059838e-03
1.575000e+01 -7.929854e-02 -5.034828e-03
1.600000e+01 -8.001845e-02 -5.001153e-03
1.625000e+01 -8.058321e-02 -4.958966e-03
1.650000e+01 -8.098932e-02 -4.908443e-03
1.675000e+01 -8.123385e-02 -4.849782e-03
1.700000e+01 -8.131441e-02 -4.783201e-03
1.725000e+01 -8.122916e-02 -4.708937e-03
1.750000e+01 -8.097676e-02 -4.627243e-03
1.775000e+01 -8.055644e-02 -4.538391e-03
1.800000e+01 -7.996794e-02 -4.442663e-03
1.825000e+01 -7.921152e-02 -4.340357e-03
1.850000e+01 -7.828796e-02 -4.231781e-03
1.875000e+01 -7.719851e-02 -4.117254e-03
1.900000e+01 -7.594494e-02 -3.997102e-03
1.925000e+01 -7.452948e-02 -3.871662e-03
1.950000e+01 -7.295483e-02 -3.741273e-03
1.975000e+01 -7.122412e-02 -3.606284e-03
2.000000e+01 -6.934091e-02 -3.467046e-03
2.025000e+01 -6.730919e-02 -3.323911e-03
2.050000e+01 -6.513333e-02 -3.177236e-03
2.075000e+01 -6.281806e-02 -3.027377e-03
2.100000e+01 -6.036848e-02 -2.874690e-03
2.125000e+01 -5.778999e-02 -2.719529e-03
2.150000e+01 -5.508832e-02 -2.562247e-03
2.175000e+01 -5.226944e-02 -2.403193e-03
2.200000e+01 -4.933960e-02 -2.242709e-03
2.225000e+01 -4.630524e-02 -2.081134e-03
2.250000e+01 -4.317301e-02 -1.918800e-03
2.275000e+01 -3.994992e-02 -1.756041e-03
2.300000e+01 -3.664302e-02 -1.593175e-03
2.325000e+01 -3.325948e-02 -1.430515e-03
2.350000e+01 -2.980665e-02 -1.268368e-03
2.375000e+01 -2.629195e-02 -1.107029e-03
2.400000e+01 -2.272289e-02 -9.467872e-04
2.425000e+01 -1.910706e-02 -7.879202e-04
2.450000e+01 -1.545208e-02 -6.306970e-04
2.475000e+01 -1.176556e-02 -4.753764e-04
2.500000e+01 -8.055162e-03 -3.222065e-04
2.525000e+01 -4.328480e-03 -1.714249e-04
2.550000e+01 -5.930915e-04 -2.325849e-05
2.575000e+01 3.143488e-03 1.220772e-04
2.600000e+01 6.873816e-03 2.643775e-04
2.625000e+01 1.059054e-02 4.034493e-04
2.650000e+01 1.428643e-02 5.391105e-04
2.675000e+01 1.795434e-02 6.711904e-04
2.700000e+01 2.158731e-02 7.995299e-04
2.725000e+01 2.517848e-02 9.239809e-04
2.750000e+01 2.872119e-02 1.044407e-03
2.775000e+01 3.220892e-02 1.160682e-03
2.800000e+01 3.563538e-02 1.272692e-03
2.825000e+01 3.899444e-02 1.380334e-03
2.850000e+01 4.228018e-02 1.483515e-03
2.875000e+01 4.548691e-02 1.582153e-03
2.900000e+01 4.860915e-02 1.676177e-03
2.925000e+01 5.164166e-02 1.765527e-03
2.950000e+01 5.457944e-02 1.850150e-03
2.975000e+01 5.741772e-02 1.930007e-03
3.000000e+01 6.015201e-02 2.005067e-03
3.025000e+01 6.277800e-02 2.075306e-03
3.050000e+01 6.529174e-02 2.140713e-03
3.075000e+01 6.768947e-02 2.201283e-03
3.100000e+01 6.996769e-02 2.257022e-03
3.125000e+01 7.212318e-02 2.307942e-03
3.150000e+01 7.415300e-02 2.354063e-03
3.175000e+01 7.605445e-02 2.395416e-03
3.200000e+01 7.782511e-02 2.432035e-03
3.225000e+01 7.946284e-02 2.463964e-03
3.250000e+01 8.096573e-02 2.491253e-03
3.275000e+01 8.233216e-02 2.513959e-03
3.300000e+01 8.356076e-02 2.532144e-03
3.325000e+01 8.465040e-02 2.545877e-03
3.350000e+01 8.560024e-02 2.555231e-03
3.375000e+01 8.640966e-02 2.560286e-03
3.400000e+01 8.707828e-02 2.561126e-03
3.425000e+01 8.760600e-02 2.557840e-03
3.450000e+01 8.799293e-02 2.550520e-03
3.475000e+01 8.823941e-02 2.539263e-03
3.500000e+01 8.834601e-02 2.524172e-03
3.525000e+01 8.831353e-02 2.505348e-03
3.550000e+01 8.814299e-02 2.482901e-03
3.575000e+01 8.783561e-02 2.456940e-03
3.600000e+01 8.739281e-02 2.427578e-03
3.625000e+01 8.681621e-02 2.394930e-03
3.650000e+01 8.610763e-02 2.359113e-03
3.675000e+01 8.526904e-02 2.320246e-03
3.700000e+01 8.430262e-02 2.278449e-03
3.725000e+01 8.321069e-02 2.233844e-03
3.750000e+01 8.199573e-02 2.186553e-03
3.775000e+01 8.066041e-02 2.136700e-03
3.800000e+01 7.920752e-02 2.084408e-03
3.825000e+01 7.763999e-02 2.029804e-03
3.850000e+01 7.596088e-02 1.973010e-03
3.875000e+01 7.417336e-02 1.914151e-03
3.900000e+01 7.228074e-02 1.853352e-03
3.925000e+01 7.028642e-02 1.790737e-03
3.950000e+01 6.819391e-02 1.726428e-03
3.975000e+01 6.600680e-02 1.660549e-03
4.000000e+01 6.372879e-02 1.593220e-03
4.025000e+01 6.136362e-02 1.524562e-03
4.050000e+01 5.891514e-02 1.454695e-03
4.075000e+01 5.638723e-02 1.383736e-03
4.100000e+01 5.378385e-02 1.311801e-03
4.125000e+01 5.110898e-02 1.239006e-03
4.150000e+01 4.836667e-02 1.165462e-03
4.175000e+01 4.556099e-02 1.091281e-03
4.200000e+01 4.269604e-02 1.016572e-03
4.225000e+01 3.977595e-02 9.414427e-04
4.250000e+01 3.680486e-02 8.659966e-04
4.275000e+01 3.378690e-02 7.903368e-04
4.300000e+01 3.072623e-02 7.145636e-04
4.325000e+01 2.762701e-02 6.387747e-04
4.350000e+01 2.449335e-02 5.630656e-04
4.375000e+01 2.132940e-02 4.875292e-04
4.400000e+01 1.813926e-02 4.122558e-04
4.425000e+01 1.492699e-02 3.373331e-04
4.450000e+01 1.169665e-02 2.628460e-04
4.475000e+01 8.452246e-03 1.888770e-04
4.500000e+01 5.197749e-03 1.155055e-04
4.550000e+01 -1.325598e-03 -2.913403e-05
4.600000e+01 -7.843198e-03 -1.705043e-04
4.650000e+01 -1.432488e-02 -3.080620e-04
4.700000e+01 -2.074162e-02 -4.413110e-04
4.750000e+01 -2.706560e-02 -5.698021e-04
4.800000e+01 -3.327029e-02 -6.931310e-04
4.850000e+01 -3.933048e-02 -8.109378e-04
4.900000e+01 -4.522239e-02 -9.229059e-04
4.950000e+01 -5.092363e-02 -1.028760e-03
5.000000e+01 -5.641332e-02 -1.128266e-03
5.050000e+01 -6.167205e-02 -1.221229e-03
5.100000e+01 -6.668197e-02 -1.307490e-03
5.150000e+01 -7.142677e-02 -1.386928e-03
5.200000e+01 -7.589169e-02 -1.459455e-03
5.250000e+01 -8.006353e-02 -1.525020e-03
5.300000e+01 -8.393067e-02 -1.583598e-03
5.350000e+01 -8.748303e-02 -1.635197e-03
5.400000e+01 -9.071207e-02 -1.679853e-03
5.450000e+01 -9.361075e-02 -1.717628e-03
5.500000e+01 -9.617352e-02 -1.748609e-03
5.550000e+01 -9.839628e-02 -1.772906e-03
5.600000e+01 -1.002763e-01 -1.790649e-03
5.650000e+01 -1.018123e-01 -1.801988e-03
5.700000e+01 -1.030042e-01 -1.807092e-03
5.750000e+01 -1.038532e-01 -1.806143e-03
5.800000e+01 -1.043616e-01 -1.799338e-03
5.850000e+01 -1.045329e-01 -1.786887e-03
5.900000e+01 -1.043714e-01 -1.769007e-03
5.950000e+01 -1.038826e-01 -1.745926e-03
6.000000e+01 -1.030726e-01 -1.717876e-03
6.050000e+01 -1.019492e-01 -1.685111e-03
6.100000e+01 -1.005204e-01 -1.647876e-03
6.150000e+01 -9.879506e-02 -1.606424e-03
6.200000e+01 -9.678260e-02 -1.561010e-03
6.250000e+01 -9.449317e-02 -1.511891e-03
6.300000e+01 -9.193746e-02 -1.459325e-03
6.350000e+01 -8.912665e-02 -1.403569e-03
6.400000e+01 -8.607233e-02 -1.344880e-03
6.450000e+01 -8.278649e-02 -1.283512e-03
6.500000e+01 -7.928142e-02 -1.219714e-03
6.550000e+01 -7.556966e-02 -1.153735e-03
6.600000e+01 -7.166396e-02 -1.085818e-03
6.650000e+01 -6.757722e-02 -1.016199e-03
6.700000e+01 -6.332244e-02 -9.451111e-04
6.750000e+01 -5.891270e-02 -8.727807e-04
6.800000e+01 -5.436105e-02 -7.994272e-04
6.850000e+01 -4.968055e-02 -7.252635e-04
6.900000e+01 -4.488416e-02 -6.504951e-04
6.950000e+01 -3.998476e-02 -5.753203e-04
7.000000e+01 -3.499507e-02 -4.999296e-04
7.050000e+01 -2.992763e-02 -4.245054e-04
7.100000e+01 -2.479478e-02 -3.492223e-04
7.150000e+01 -1.960863e-02 -2.742466e-04
7.200000e+01 -1.438101e-02 -1.997363e-04
7.250000e+01 -9.123482e-03 -1.258411e-04
7.300000e+01 -3.847281e-03 -5.270248e-05
7.350000e+01 1.436677e-03 1.954663e-05
7.400000e+01 6.717827e-03 9.078145e-05
7.450000e+01 1.198597e-02 1.608855e-04
7.500000e+01 1.723127e-02 2.297502e-04
7.550000e+01 2.244422e-02 2.972745e-04
7.600000e+01 2.761587e-02 3.633667e-04
7.650000e+01 3.273752e-02 4.279415e-04
7.700000e+01 3.780092e-02 4.909210e-04
7.750000e+01 4.279822e-02 5.522351e-04
7.800000e+01 4.772201e-02 6.118207e-04
7.850000e+01 5.256531e-02 6.696218e-04
7.900000e+01 5.732155e-02 7.255892e-04
7.950000e+01 6.198457e-02 7.796801e-04
8.000000e+01 6.654863e-02 8.318579e-04
8.050000e+01 7.100842e-02 8.820921e-04
8.100000e+01 7.535900e-02 9.303580e-04
8.150000e+01 7.959586e-02 9.766363e-04
8.200000e+01 8.371487e-02 1.020913e-03
8.250000e+01 8.771229e-02 1.063179e-03
8.300000e+01 9.158476e-02 1.103431e-03
8.350000e+01 9.532929e-02 1.141668e-03
8.400000e+01 9.894326e-02 1.177896e-03
8.450000e+01 1.024244e-01 1.212123e-03
8.500000e+01 1.057708e-01 1.244362e-03
8.550000e+01 1.089808e-01 1.274629e-03
8.600000e+01 1.120532e-01 1.302944e-03
8.650000e+01 1.149871e-01 1.329330e-03
8.700000e+01 1.177817e-01 1.353812e-03
8.750000e+01 1.204367e-01 1.376419e-03
8.800000e+01 1.229520e-01 1.397182e-03
8.850000e+01 1.253278e-01 1.416134e-03
8.900000e+01 1.275645e-01 1.433309e-03
8.950000e+01 1.296626e-01 1.448745e-03
9.000000e+01 1.316232e-01 1.462480e-03
9.100000e+01 1.351363e-01 1.485015e-03
9.200000e+01 1.381143e-01 1.501242e-03
9.300000e+01 1.405712e-01 1.511519e-03
9.400000e+01 1.425239e-01 1.516212e-03
9.500000e+01 1.439909e-01 1.515694e-03
9.600000e+01 1.449927e-01 1.510341e-03
9.700000e+01 1.455512e-01 1.500528e-03
9.800000e+01 1.456892e-01 1.486625e-03
9.900000e+01 1.454308e-01 1.468998e-03
1.000000e+02 1.448004e-01 1.448004e-03
1.010000e+02 1.438229e-01 1.423989e-03
1.020000e+02 1.425234e-01 1.397288e-03
1.030000e+02 1.409270e-01 1.368224e-03
1.040000e+02 1.390587e-01 1.337103e-03
1.050000e+02 1.369430e-01 1.304219e-03
1.060000e+02 1.346041e-01 1.269850e-03
1.070000e+02 1.320652e-01 1.234254e-03
1.080000e+02 1.293493e-01 1.197678e-03
1.090000e+02 1.264781e-01 1.160349e-03
1.100000e+02 1.234726e-01 1.122478e-03
1.110000e+02 1.203529e-01 1.084260e-03
1.120000e+02 1.171379e-01 1.045875e-03
1.130000e+02 1.138457e-01 1.007484e-03
1.140000e+02 1.104929e-01 9.692362e-04
1.150000e+02 1.070956e-01 9.312660e-04
1.160000e+02 1.036684e-01 8.936933e-04
1.170000e+02 1.002252e-01 8.566260e-04
1.180000e+02 9.677889e-02 8.201601e-04
1.190000e+02 9.334137e-02 7.843813e-04
1.200000e+02 8.992390e-02 7.493658e-04
1.210000e+02 8.653523e-02 7.151672e-04
1.220000e+02 8.318452e-02 6.818403e-04
1.230000e+02 7.987975e-02 6.494288e-04
1.240000e+02 7.662804e-02 6.179680e-04
1.250000e+02 7.343566e-02 5.874853e-04
1.260000e+02 7.030809e-02 5.580007e-04
1.270000e+02 6.725006e-02 5.295281e-04
1.280000e+02 6.426563e-02 5.020753e-04
1.290000e+02 6.135818e-02 4.756448e-04
1.300000e+02 5.853051e-02 4.502347e-04
1.310000e+02 5.578482e-02 4.258383e-04
1.320000e+02 5.312283e-02 4.024457e-04
1.330000e+02 5.054575e-02 3.800433e-04
1.340000e+02 4.805436e-02 3.586147e-04
1.350000e+02 4.564903e-02 3.381410e-04
1.360000e+02 4.332974e-02 3.186011e-04
1.370000e+02 4.109617e-02 2.999720e-04
1.380000e+02 3.894764e-02 2.822293e-04
1.390000e+02 3.688326e-02 2.653472e-04
1.400000e+02 3.490183e-02 2.492988e-04
1.410000e+02 3.300199e-02 2.340566e-04
1.420000e+02 3.118214e-02 2.195926e-04
1.430000e+02 2.944056e-02 2.058781e-04
1.440000e+02 2.777536e-02 1.928844e-04
1.450000e+02 2.618453e-02 1.805830e-04
1.460000e+02 2.466598e-02 1.689450e-04
1.470000e+02 2.321752e-02 1.579423e-04
1.480000e+02 2.183692e-02 1.475468e-04
1.490000e+02 2.052190e-02 1.377309e-04
1.500000e+02 1.927015e-02 1.284677e-04
1.510000e+02 1.807921e-02 1.197299e-04
1.520000e+02 1.694678e-02 1.114920e-04
1.530000e+02 1.587046e-02 1.037285e-04
1.540000e+02 1.484786e-02 9.641471e-05
1.550000e+02 1.387662e-02 8.952661e-05
1.560000e+02 1.295439e-02 8.304099e-05
1.570000e+02 1.207885e-02 7.693535e-05
1.580000e+02 1.124770e-02 7.118799e-05
1.590000e+02 1.045869e-02 6.577792e-05
1.600000e+02 9.709586e-03 6.068491e-05
1.610000e+02 8.998201e-03 5.588945e-05
1.620000e+02 8.322385e-03 5.137275e-05
1.630000e+02 7.680025e-03 4.711672e-05
1.640000e+02 7.069048e-03 4.310395e-05
1.650000e+02 6.487421e-03 3.931770e-05
1.660000e+02 5.933148e-03 3.574186e-05
1.670000e+02 5.404272e-03 3.236091e-05
1.680000e+02 4.898872e-03 2.915995e-05
1.690000e+02 4.415058e-03 2.612461e-05
1.700000e+02 3.950973e-03 2.324102e-05
1.710000e+02 3.504786e-03 2.049583e-05
1.720000e+02 3.074689e-03 1.787610e-05
1.730000e+02 2.658895e-03 1.536933e-05
1.740000e+02 2.255627e-03 1.296337e-05
1.750000e+02 1.863121e-03 1.064641e-05
1.760000e+02 1.479614e-03 8.406896e-06
1.770000e+02 1.103337e-03 6.233540e-06
1.780000e+02 7.325113e-04 4.115232e-06
1.790000e+02 3.653405e-04 2.041009e-06
1.800000e+02 0.000000e+00
