# 
# Output from EIGENRAD program.
# 
# Eigenfunction for specific electronic state.
# The first column contains radius $r$ in bohr units.
# The second column holds value of eginefunction.
# 
# Use this file with gnuplot to create the plot.
#
0.000000e+00 0.000000e+00 4.501577e-08
1.111111e-01 2.834726e-08 2.551254e-07
2.222222e-01 3.117566e-07 1.402905e-06
3.333333e-01 1.532108e-06 4.596324e-06
4.444444e-01 4.816305e-06 1.083669e-05
5.555556e-01 1.167926e-05 2.102268e-05
6.666667e-01 2.396961e-05 3.595441e-05
7.777778e-01 4.381806e-05 5.633750e-05
8.888889e-01 7.358851e-05 8.278708e-05
1.000000e+00 1.158319e-04 1.158319e-04
1.111111e+00 1.732425e-04 1.559182e-04
1.222222e+00 2.486174e-04 2.034142e-04
1.333333e+00 3.448182e-04 2.586136e-04
1.444444e+00 4.647356e-04 3.217400e-04
1.555556e+00 6.112569e-04 3.929509e-04
1.666667e+00 7.872356e-04 4.723414e-04
1.777778e+00 9.954647e-04 5.599489e-04
1.888889e+00 1.238651e-03 6.557566e-04
2.000000e+00 1.519395e-03 7.596977e-04
2.111111e+00 1.840171e-03 8.716598e-04
2.222222e+00 2.203307e-03 9.914882e-04
2.333333e+00 2.610979e-03 1.118991e-03
2.444444e+00 3.065190e-03 1.253941e-03
2.555556e+00 3.567771e-03 1.396084e-03
2.666667e+00 4.120369e-03 1.545138e-03
2.777778e+00 4.724445e-03 1.700800e-03
2.888889e+00 5.381276e-03 1.862749e-03
3.000000e+00 6.091956e-03 2.030652e-03
3.111111e+00 6.857401e-03 2.204165e-03
3.222222e+00 7.678356e-03 2.382938e-03
3.333333e+00 8.555407e-03 2.566622e-03
3.444444e+00 9.488667e-03 2.754774e-03
3.555556e+00 1.047829e-02 2.947020e-03
3.666667e+00 1.152422e-02 3.142969e-03
3.777778e+00 1.262619e-02 3.342227e-03
3.888889e+00 1.378376e-02 3.544395e-03
4.000000e+00 1.499630e-02 3.749074e-03
4.111111e+00 1.626299e-02 3.955863e-03
4.222222e+00 1.758288e-02 4.164367e-03
4.333333e+00 1.895483e-02 4.374191e-03
4.444444e+00 2.037754e-02 4.584945e-03
4.555556e+00 2.184957e-02 4.796248e-03
4.666667e+00 2.336937e-02 5.007721e-03
4.777778e+00 2.493520e-02 5.218995e-03
4.888889e+00 2.654523e-02 5.429707e-03
5.000000e+00 2.819751e-02 5.639503e-03
5.111111e+00 2.988997e-02 5.848039e-03
5.222222e+00 3.162044e-02 6.054978e-03
5.333333e+00 3.338664e-02 6.259994e-03
5.444444e+00 3.518620e-02 6.462772e-03
5.555556e+00 3.701670e-02 6.663006e-03
5.666667e+00 3.887560e-02 6.860400e-03
5.777778e+00 4.076032e-02 7.054670e-03
5.888889e+00 4.266821e-02 7.245545e-03
6.000000e+00 4.459657e-02 7.432762e-03
6.111111e+00 4.654265e-02 7.616071e-03
6.222222e+00 4.850368e-02 7.795234e-03
6.333333e+00 5.047683e-02 7.970026e-03
6.444444e+00 5.245927e-02 8.140232e-03
6.555556e+00 5.444815e-02 8.305650e-03
6.666667e+00 5.644062e-02 8.466093e-03
6.777778e+00 5.843376e-02 8.621374e-03
6.888889e+00 6.042472e-02 8.771330e-03
7.000000e+00 6.241062e-02 8.915803e-03
7.111111e+00 6.438861e-02 9.054648e-03
7.222222e+00 6.635583e-02 9.187731e-03
7.333333e+00 6.830949e-02 9.314930e-03
7.444444e+00 7.024677e-02 9.436133e-03
7.555556e+00 7.216491e-02 9.551238e-03
7.666667e+00 7.406120e-02 9.660157e-03
7.777778e+00 7.593294e-02 9.762807e-03
7.888889e+00 7.777750e-02 9.859119e-03
8.000000e+00 7.959227e-02 9.949034e-03
8.111111e+00 8.137473e-02 1.003250e-02
8.222222e+00 8.312237e-02 1.010948e-02
8.333333e+00 8.483278e-02 1.017993e-02
8.444444e+00 8.650358e-02 1.024384e-02
8.555556e+00 8.813248e-02 1.030120e-02
8.666667e+00 8.971723e-02 1.035199e-02
8.777778e+00 9.125567e-02 1.039622e-02
8.888889e+00 9.274572e-02 1.043389e-02
9.000000e+00 9.418533e-02 1.046504e-02
9.111111e+00 9.557258e-02 1.048967e-02
9.222222e+00 9.690558e-02 1.050783e-02
9.333333e+00 9.818256e-02 1.051956e-02
9.444444e+00 9.940180e-02 1.052490e-02
9.555556e+00 1.005617e-01 1.052390e-02
9.666667e+00 1.016606e-01 1.051662e-02
9.777778e+00 1.026972e-01 1.050312e-02
9.888889e+00 1.036700e-01 1.048348e-02
1.000000e+01 1.045777e-01 1.045777e-02
1.011111e+01 1.054192e-01 1.042608e-02
1.022222e+01 1.061933e-01 1.038847e-02
1.033333e+01 1.068989e-01 1.034506e-02
1.044444e+01 1.075351e-01 1.029592e-02
1.055556e+01 1.081011e-01 1.024116e-02
1.066667e+01 1.085960e-01 1.018087e-02
1.077778e+01 1.090191e-01 1.011517e-02
1.088889e+01 1.093698e-01 1.004416e-02
1.100000e+01 1.096475e-01 9.967956e-03
1.111111e+01 1.098519e-01 9.886668e-03
1.122222e+01 1.099824e-01 9.800416e-03
1.133333e+01 1.100390e-01 9.709320e-03
1.144444e+01 1.100212e-01 9.613500e-03
1.155556e+01 1.099290e-01 9.513083e-03
1.166667e+01 1.097622e-01 9.408192e-03
1.177778e+01 1.095211e-01 9.298957e-03
1.188889e+01 1.092055e-01 9.185507e-03
1.200000e+01 1.088157e-01 9.067971e-03
1.211111e+01 1.083518e-01 8.946482e-03
1.222222e+01 1.078143e-01 8.821172e-03
1.233333e+01 1.072035e-01 8.692175e-03
1.244444e+01 1.065198e-01 8.559625e-03
1.255556e+01 1.057637e-01 8.423656e-03
1.266667e+01 1.049358e-01 8.284404e-03
1.277778e+01 1.040367e-01 8.142004e-03
1.288889e+01 1.030672e-01 7.996591e-03
1.300000e+01 1.020279e-01 7.848300e-03
1.311111e+01 1.009197e-01 7.697267e-03
1.322222e+01 9.974348e-02 7.543624e-03
1.333333e+01 9.850010e-02 7.387508e-03
1.355556e+01 9.581587e-02 7.068384e-03
1.377778e+01 9.287545e-02 6.740960e-03
1.400000e+01 8.968792e-02 6.406280e-03
1.422222e+01 8.626304e-02 6.065370e-03
1.444444e+01 8.261122e-02 5.719238e-03
1.466667e+01 7.874342e-02 5.368870e-03
1.488889e+01 7.467115e-02 5.015227e-03
1.511111e+01 7.040633e-02 4.659243e-03
1.533333e+01 6.596130e-02 4.301824e-03
1.555556e+01 6.134872e-02 3.943846e-03
1.577778e+01 5.658152e-02 3.586153e-03
1.600000e+01 5.167287e-02 3.229554e-03
1.622222e+01 4.663612e-02 2.874829e-03
1.644444e+01 4.148472e-02 2.522720e-03
1.666667e+01 3.623223e-02 2.173934e-03
1.688889e+01 3.089221e-02 1.829144e-03
1.711111e+01 2.547824e-02 1.488988e-03
1.733333e+01 2.000382e-02 1.154067e-03
1.755556e+01 1.448238e-02 8.249457e-04
1.777778e+01 8.927209e-03 5.021555e-04
1.800000e+01 3.351437e-03 1.861909e-04
1.822222e+01 -2.232008e-03 -1.224883e-04
1.844444e+01 -7.810427e-03 -4.234569e-04
1.866667e+01 -1.337138e-02 -7.163239e-04
1.888889e+01 -1.890271e-02 -1.000732e-03
1.911111e+01 -2.439259e-02 -1.276356e-03
1.933333e+01 -2.982951e-02 -1.542906e-03
1.955556e+01 -3.520233e-02 -1.800119e-03
1.977778e+01 -4.050028e-02 -2.047767e-03
2.000000e+01 -4.571301e-02 -2.285650e-03
2.022222e+01 -5.083044e-02 -2.513593e-03
2.044444e+01 -5.584312e-02 -2.731457e-03
2.066667e+01 -6.074188e-02 -2.939123e-03
2.088889e+01 -6.551800e-02 -3.136500e-03
2.111111e+01 -7.016322e-02 -3.323521e-03
2.133333e+01 -7.466976e-02 -3.500145e-03
2.155556e+01 -7.903026e-02 -3.666352e-03
2.177778e+01 -8.323787e-02 -3.822147e-03
2.200000e+01 -8.728616e-02 -3.967553e-03
2.222222e+01 -9.116918e-02 -4.102613e-03
2.244444e+01 -9.488144e-02 -4.227391e-03
2.266667e+01 -9.841790e-02 -4.341966e-03
2.288889e+01 -1.017740e-01 -4.446437e-03
2.311111e+01 -1.049456e-01 -4.540915e-03
2.333333e+01 -1.079290e-01 -4.625528e-03
2.355556e+01 -1.107209e-01 -4.700418e-03
2.377778e+01 -1.133187e-01 -4.765738e-03
2.400000e+01 -1.157198e-01 -4.821656e-03
2.422222e+01 -1.179222e-01 -4.868350e-03
2.444444e+01 -1.199246e-01 -4.906006e-03
2.466667e+01 -1.217256e-01 -4.934822e-03
2.488889e+01 -1.233246e-01 -4.955005e-03
2.511111e+01 -1.247210e-01 -4.966767e-03
2.533333e+01 -1.259150e-01 -4.970330e-03
2.555556e+01 -1.269069e-01 -4.965921e-03
2.577778e+01 -1.276972e-01 -4.953772e-03
2.600000e+01 -1.282871e-01 -4.934120e-03
2.622222e+01 -1.286778e-01 -4.907205e-03
2.644444e+01 -1.288710e-01 -4.873272e-03
2.666667e+01 -1.288684e-01 -4.832565e-03
2.688889e+01 -1.286724e-01 -4.785338e-03
2.711111e+01 -1.282855e-01 -4.731841e-03
2.733333e+01 -1.277102e-01 -4.672325e-03
2.755556e+01 -1.269497e-01 -4.607044e-03
2.777778e+01 -1.260069e-01 -4.536249e-03
2.800000e+01 -1.248854e-01 -4.460194e-03
2.822222e+01 -1.235888e-01 -4.379129e-03
2.844444e+01 -1.221207e-01 -4.293306e-03
2.866667e+01 -1.204852e-01 -4.202972e-03
2.888889e+01 -1.186864e-01 -4.108374e-03
2.911111e+01 -1.167285e-01 -4.009757e-03
2.933333e+01 -1.146160e-01 -3.907362e-03
2.955556e+01 -1.123533e-01 -3.801427e-03
2.977778e+01 -1.099452e-01 -3.692188e-03
3.000000e+01 -1.073963e-01 -3.579876e-03
3.022222e+01 -1.047115e-01 -3.464719e-03
3.044444e+01 -1.018957e-01 -3.346941e-03
3.066667e+01 -9.895399e-02 -3.226761e-03
3.088889e+01 -9.589128e-02 -3.104394e-03
3.111111e+01 -9.271271e-02 -2.980051e-03
3.133333e+01 -8.942342e-02 -2.853939e-03
3.155556e+01 -8.602857e-02 -2.726258e-03
3.177778e+01 -8.253335e-02 -2.597203e-03
3.200000e+01 -7.894295e-02 -2.466967e-03
3.222222e+01 -7.526258e-02 -2.335735e-03
3.244444e+01 -7.149743e-02 -2.203688e-03
3.266667e+01 -6.765268e-02 -2.071000e-03
3.288889e+01 -6.373349e-02 -1.937843e-03
3.311111e+01 -5.974501e-02 -1.804379e-03
3.333333e+01 -5.569231e-02 -1.670769e-03
3.355556e+01 -5.158048e-02 -1.537167e-03
3.377778e+01 -4.741452e-02 -1.403719e-03
3.400000e+01 -4.319939e-02 -1.270570e-03
3.422222e+01 -3.893999e-02 -1.137857e-03
3.444444e+01 -3.464117e-02 -1.005712e-03
3.466667e+01 -3.030770e-02 -8.742606e-04
3.488889e+01 -2.594427e-02 -7.436256e-04
3.511111e+01 -2.155550e-02 -6.139225e-04
3.533333e+01 -1.714593e-02 -4.852622e-04
3.555556e+01 -1.272001e-02 -3.577503e-04
3.577778e+01 -8.282109e-03 -2.314875e-04
3.600000e+01 -3.836494e-03 -1.065693e-04
3.622222e+01 6.126541e-04 1.691376e-05
3.644444e+01 5.061256e-03 1.388759e-04
3.666667e+01 9.505329e-03 2.592363e-04
3.688889e+01 1.394100e-02 3.779186e-04
3.711111e+01 1.836448e-02 4.948513e-04
3.733333e+01 2.277211e-02 6.099673e-04
3.755556e+01 2.716033e-02 7.232040e-04
3.777778e+01 3.152567e-02 8.345031e-04
3.800000e+01 3.586481e-02 9.438107e-04
3.822222e+01 4.017449e-02 1.051077e-03
3.844444e+01 4.445160e-02 1.156255e-03
3.866667e+01 4.869312e-02 1.259305e-03
3.888889e+01 5.289616e-02 1.360187e-03
3.911111e+01 5.705792e-02 1.458867e-03
3.933333e+01 6.117572e-02 1.555315e-03
3.955556e+01 6.524699e-02 1.649503e-03
3.977778e+01 6.926928e-02 1.741407e-03
4.000000e+01 7.324023e-02 1.831006e-03
4.044444e+01 8.101915e-02 2.003221e-03
4.088889e+01 8.856754e-02 2.166054e-03
4.133333e+01 9.587031e-02 2.319443e-03
4.177778e+01 1.029142e-01 2.463371e-03
4.222222e+01 1.096874e-01 2.597860e-03
4.266667e+01 1.161801e-01 2.722971e-03
4.311111e+01 1.223837e-01 2.838796e-03
4.355556e+01 1.282911e-01 2.945460e-03
4.400000e+01 1.338969e-01 3.043112e-03
4.444444e+01 1.391967e-01 3.131926e-03
4.488889e+01 1.441875e-01 3.212099e-03
4.533333e+01 1.488675e-01 3.283843e-03
4.577778e+01 1.532361e-01 3.347390e-03
4.622222e+01 1.572935e-01 3.402984e-03
4.666667e+01 1.610411e-01 3.450881e-03
4.711111e+01 1.644814e-01 3.491350e-03
4.755556e+01 1.676173e-01 3.524663e-03
4.800000e+01 1.704530e-01 3.551104e-03
4.844444e+01 1.729931e-01 3.570959e-03
4.888889e+01 1.752431e-01 3.584518e-03
4.933333e+01 1.772089e-01 3.592072e-03
4.977778e+01 1.788971e-01 3.593914e-03
5.022222e+01 1.803147e-01 3.590338e-03
5.066667e+01 1.814693e-01 3.581632e-03
5.111111e+01 1.823688e-01 3.568085e-03
5.155556e+01 1.830212e-01 3.549980e-03
5.200000e+01 1.834351e-01 3.527598e-03
5.244444e+01 1.836191e-01 3.501211e-03
5.288889e+01 1.835819e-01 3.471087e-03
5.333333e+01 1.833326e-01 3.437485e-03
5.377778e+01 1.828804e-01 3.400669e-03
5.422222e+01 1.822344e-01 3.360881e-03
5.466667e+01 1.814039e-01 3.318364e-03
5.511111e+01 1.803980e-01 3.273351e-03
5.555556e+01 1.792260e-01 3.226068e-03
5.600000e+01 1.778969e-01 3.176731e-03
5.644444e+01 1.764199e-01 3.125550e-03
5.688889e+01 1.748038e-01 3.072723e-03
5.733333e+01 1.730575e-01 3.018444e-03
5.777778e+01 1.711895e-01 2.962895e-03
5.822222e+01 1.692083e-01 2.906250e-03
5.866667e+01 1.671224e-01 2.848677e-03
5.911111e+01 1.649397e-01 2.790334e-03
5.955556e+01 1.626683e-01 2.731370e-03
6.000000e+01 1.603157e-01 2.671928e-03
6.044444e+01 1.578894e-01 2.612142e-03
6.088889e+01 1.553968e-01 2.552138e-03
6.133333e+01 1.528448e-01 2.492035e-03
6.177778e+01 1.502401e-01 2.431944e-03
6.222222e+01 1.475892e-01 2.371970e-03
6.266667e+01 1.448985e-01 2.312210e-03
6.311111e+01 1.421738e-01 2.252754e-03
6.355556e+01 1.394209e-01 2.193686e-03
6.400000e+01 1.366454e-01 2.135084e-03
6.444444e+01 1.338523e-01 2.077019e-03
6.488889e+01 1.310468e-01 2.019557e-03
6.533333e+01 1.282335e-01 1.962758e-03
6.577778e+01 1.254170e-01 1.906678e-03
6.622222e+01 1.226016e-01 1.851366e-03
6.666667e+01 1.197912e-01 1.796868e-03
6.711111e+01 1.169896e-01 1.743223e-03
6.755556e+01 1.142004e-01 1.690467e-03
6.800000e+01 1.114270e-01 1.638632e-03
6.844444e+01 1.086724e-01 1.587745e-03
6.888889e+01 1.059395e-01 1.537831e-03
6.933333e+01 1.032311e-01 1.488910e-03
6.977778e+01 1.005497e-01 1.440999e-03
7.022222e+01 9.789760e-02 1.394111e-03
7.066667e+01 9.527691e-02 1.348258e-03
7.111111e+01 9.268961e-02 1.303448e-03
7.155556e+01 9.013747e-02 1.259685e-03
7.200000e+01 8.762211e-02 1.216974e-03
7.244444e+01 8.514499e-02 1.175314e-03
7.288889e+01 8.270742e-02 1.134705e-03
7.333333e+01 8.031056e-02 1.095144e-03
7.377778e+01 7.795544e-02 1.056625e-03
7.422222e+01 7.564296e-02 1.019142e-03
7.466667e+01 7.337387e-02 9.826858e-04
7.511111e+01 7.114884e-02 9.472478e-04
7.555556e+01 6.896838e-02 9.128168e-04
7.600000e+01 6.683294e-02 8.793808e-04
7.644444e+01 6.474283e-02 8.469266e-04
7.688889e+01 6.269829e-02 8.154401e-04
7.733333e+01 6.069945e-02 7.849066e-04
7.777778e+01 5.874636e-02 7.553104e-04
7.822222e+01 5.683902e-02 7.266352e-04
7.866667e+01 5.497731e-02 6.988641e-04
7.911111e+01 5.316108e-02 6.719799e-04
7.955556e+01 5.139009e-02 6.459648e-04
8.000000e+01 4.966407e-02 6.208008e-04
8.088889e+01 4.634521e-02 5.729491e-04
8.177778e+01 4.320172e-02 5.282818e-04
8.266667e+01 4.022928e-02 4.866445e-04
8.355556e+01 3.742315e-02 4.478835e-04
8.444444e+01 3.477819e-02 4.118470e-04
8.533333e+01 3.228893e-02 3.783859e-04
8.622222e+01 2.994966e-02 3.473543e-04
8.711111e+01 2.775446e-02 3.186098e-04
8.800000e+01 2.569728e-02 2.920146e-04
8.888889e+01 2.377201e-02 2.674351e-04
8.977778e+01 2.197247e-02 2.447428e-04
9.066667e+01 2.029250e-02 2.238144e-04
9.155556e+01 1.872602e-02 2.045317e-04
9.244444e+01 1.726699e-02 1.867823e-04
9.333333e+01 1.590952e-02 1.704591e-04
9.422222e+01 1.464786e-02 1.554607e-04
9.511111e+01 1.347642e-02 1.416913e-04
9.600000e+01 1.238981e-02 1.290605e-04
9.688889e+01 1.138284e-02 1.174835e-04
9.777778e+01 1.045055e-02 1.068806e-04
9.866667e+01 9.588177e-03 9.717747e-05
9.955556e+01 8.791202e-03 8.830449e-05
1.004444e+02 8.055328e-03 8.019685e-05
1.013333e+02 7.376474e-03 7.279415e-05
1.022222e+02 6.750770e-03 6.604014e-05
1.031111e+02 6.174543e-03 5.988242e-05
1.040000e+02 5.644294e-03 5.427206e-05
1.048889e+02 5.156684e-03 4.916330e-05
1.057778e+02 4.708500e-03 4.451313e-05
1.066667e+02 4.296629e-03 4.028090e-05
1.075556e+02 3.918841e-03 3.643551e-05
1.084444e+02 3.572385e-03 3.294207e-05
1.093333e+02 3.254870e-03 2.977015e-05
1.102222e+02 2.964069e-03 2.689175e-05
1.111111e+02 2.697902e-03 2.428111e-05
1.120000e+02 2.454433e-03 2.191458e-05
1.128889e+02 2.231864e-03 1.977045e-05
1.137778e+02 2.028520e-03 1.782879e-05
1.146667e+02 1.842849e-03 1.607135e-05
1.155556e+02 1.673410e-03 1.448144e-05
1.164444e+02 1.518871e-03 1.304374e-05
1.173333e+02 1.377998e-03 1.174430e-05
1.182222e+02 1.249650e-03 1.057035e-05
1.191111e+02 1.132775e-03 9.510235e-06
1.200000e+02 1.026400e-03 8.553333e-06
1.208889e+02 9.296311e-04 7.689963e-06
1.217778e+02 8.416435e-04 6.911306e-06
1.226667e+02 7.616788e-04 6.209338e-06
1.235556e+02 6.890397e-04 5.576760e-06
1.244444e+02 6.230854e-04 5.006936e-06
1.253333e+02 5.632278e-04 4.493839e-06
1.262222e+02 5.089271e-04 4.031993e-06
1.271111e+02 4.596885e-04 3.616431e-06
1.280000e+02 4.150586e-04 3.242645e-06
1.288889e+02 3.746220e-04 2.906550e-06
1.297778e+02 3.379989e-04 2.604444e-06
1.306667e+02 3.048421e-04 2.332975e-06
1.315556e+02 2.748344e-04 2.089113e-06
1.324444e+02 2.476872e-04 1.870121e-06
1.333333e+02 2.231378e-04 1.673533e-06
1.342222e+02 2.009444e-04 1.497102e-06
1.351111e+02 1.808824e-04 1.338768e-06
1.360000e+02 1.627541e-04 1.196721e-06
1.368889e+02 1.463783e-04 1.069322e-06
1.377778e+02 1.315894e-04 9.550842e-07
1.386667e+02 1.182362e-04 8.526646e-07
1.395556e+02 1.061807e-04 7.608489e-07
1.404444e+02 9.529740e-05 6.785416e-07
1.413333e+02 8.547199e-05 6.047547e-07
1.422222e+02 7.660058e-05 5.385979e-07
1.431111e+02 6.858879e-05 4.792695e-07
1.440000e+02 6.135089e-05 4.260478e-07
1.448889e+02 5.480903e-05 3.782832e-07
1.457778e+02 4.889249e-05 3.353906e-07
1.466667e+02 4.353695e-05 2.968428e-07
1.475556e+02 3.868385e-05 2.621647e-07
1.484444e+02 3.427978e-05 2.309267e-07
1.493333e+02 3.027590e-05 2.027404e-07
1.502222e+02 2.662744e-05 1.772536e-07
1.511111e+02 2.329317e-05 1.541460e-07
1.520000e+02 2.023506e-05 1.331254e-07
1.528889e+02 1.741781e-05 1.139246e-07
1.537778e+02 1.480854e-05 9.629830e-08
1.546667e+02 1.237651e-05 8.002056e-08
1.555556e+02 1.009287e-05 6.488272e-08
1.564444e+02 7.930418e-06 5.069159e-08
1.573333e+02 5.863497e-06 3.726799e-08
1.582222e+02 3.867846e-06 2.444565e-08
1.591111e+02 1.920546e-06 1.207047e-08
1.600000e+02 3.187509e-20
