# 
# Output from EIGENRAD program.
# 
# Eigenfunction for specific electronic state.
# The first column contains radius $r$ in bohr units.
# The second column holds value of eginefunction.
# 
# Use this file with gnuplot to create the plot.
#
0.000000e+00 0.000000e+00 -2.670856e-08
1.111111e-01 -2.380871e-08 -2.142784e-07
2.222222e-01 -2.642575e-07 -1.189159e-06
3.333333e-01 -1.296682e-06 -3.890045e-06
4.444444e-01 -4.073213e-06 -9.164730e-06
5.555556e-01 -9.874195e-06 -1.777355e-05
6.666667e-01 -2.026189e-05 -3.039284e-05
7.777778e-01 -3.703649e-05 -4.761835e-05
8.888889e-01 -6.219442e-05 -6.996873e-05
1.000000e+00 -9.788895e-05 -9.788895e-05
1.111111e+00 -1.463931e-04 -1.317538e-04
1.222222e+00 -2.100647e-04 -1.718711e-04
1.333333e+00 -2.913142e-04 -2.184856e-04
1.444444e+00 -3.925741e-04 -2.717820e-04
1.555556e+00 -5.162713e-04 -3.318887e-04
1.666667e+00 -6.648013e-04 -3.988808e-04
1.777778e+00 -8.405051e-04 -4.727841e-04
1.888889e+00 -1.045648e-03 -5.535783e-04
2.000000e+00 -1.282401e-03 -6.412004e-04
2.111111e+00 -1.552824e-03 -7.355480e-04
2.222222e+00 -1.858852e-03 -8.364832e-04
2.333333e+00 -2.202283e-03 -9.438356e-04
2.444444e+00 -2.584770e-03 -1.057406e-03
2.555556e+00 -3.007812e-03 -1.176970e-03
2.666667e+00 -3.472748e-03 -1.302280e-03
2.777778e+00 -3.980757e-03 -1.433072e-03
2.888889e+00 -4.532856e-03 -1.569066e-03
3.000000e+00 -5.129905e-03 -1.709968e-03
3.111111e+00 -5.772605e-03 -1.855480e-03
3.222222e+00 -6.461511e-03 -2.005296e-03
3.333333e+00 -7.197036e-03 -2.159111e-03
3.444444e+00 -7.979195e-03 -2.316540e-03
3.555556e+00 -8.808029e-03 -2.477258e-03
3.666667e+00 -9.683394e-03 -2.640926e-03
3.777778e+00 -1.060497e-02 -2.807199e-03
3.888889e+00 -1.157229e-02 -2.975732e-03
4.000000e+00 -1.258471e-02 -3.146177e-03
4.111111e+00 -1.364144e-02 -3.318188e-03
4.222222e+00 -1.474155e-02 -3.491420e-03
4.333333e+00 -1.588397e-02 -3.665532e-03
4.444444e+00 -1.706750e-02 -3.840187e-03
4.555556e+00 -1.829080e-02 -4.015053e-03
4.666667e+00 -1.955241e-02 -4.189802e-03
4.777778e+00 -2.085078e-02 -4.364116e-03
4.888889e+00 -2.218422e-02 -4.537681e-03
5.000000e+00 -2.355096e-02 -4.710192e-03
5.111111e+00 -2.494913e-02 -4.881351e-03
5.222222e+00 -2.637676e-02 -5.050869e-03
5.333333e+00 -2.783181e-02 -5.218464e-03
5.444444e+00 -2.931216e-02 -5.383866e-03
5.555556e+00 -3.081562e-02 -5.546812e-03
5.666667e+00 -3.233995e-02 -5.707050e-03
5.777778e+00 -3.388282e-02 -5.864335e-03
5.888889e+00 -3.544189e-02 -6.018434e-03
6.000000e+00 -3.701476e-02 -6.169126e-03
6.111111e+00 -3.859898e-02 -6.316197e-03
6.222222e+00 -4.019211e-02 -6.459446e-03
6.333333e+00 -4.179164e-02 -6.598680e-03
6.444444e+00 -4.339509e-02 -6.733720e-03
6.555556e+00 -4.499993e-02 -6.864396e-03
6.666667e+00 -4.660367e-02 -6.990551e-03
6.777778e+00 -4.820375e-02 -7.112029e-03
6.888889e+00 -4.979766e-02 -7.228693e-03
7.000000e+00 -5.138291e-02 -7.340415e-03
7.111111e+00 -5.295698e-02 -7.447076e-03
7.222222e+00 -5.451742e-02 -7.548566e-03
7.333333e+00 -5.606177e-02 -7.644786e-03
7.444444e+00 -5.758761e-02 -7.735649e-03
7.555556e+00 -5.909255e-02 -7.821073e-03
7.666667e+00 -6.057425e-02 -7.900989e-03
7.777778e+00 -6.203039e-02 -7.975336e-03
7.888889e+00 -6.345871e-02 -8.044062e-03
8.000000e+00 -6.485699e-02 -8.107124e-03
8.111111e+00 -6.622306e-02 -8.164487e-03
8.222222e+00 -6.755482e-02 -8.216126e-03
8.333333e+00 -6.885019e-02 -8.262023e-03
8.444444e+00 -7.010720e-02 -8.302168e-03
8.555556e+00 -7.132390e-02 -8.336560e-03
8.666667e+00 -7.249842e-02 -8.365202e-03
8.777778e+00 -7.362896e-02 -8.388109e-03
8.888889e+00 -7.471379e-02 -8.405301e-03
9.000000e+00 -7.575123e-02 -8.416803e-03
9.111111e+00 -7.673970e-02 -8.422650e-03
9.222222e+00 -7.767767e-02 -8.422880e-03
9.333333e+00 -7.856370e-02 -8.417540e-03
9.444444e+00 -7.939643e-02 -8.406681e-03
9.555556e+00 -8.017455e-02 -8.390360e-03
9.666667e+00 -8.089685e-02 -8.368639e-03
9.777778e+00 -8.156219e-02 -8.341587e-03
9.888889e+00 -8.216950e-02 -8.309276e-03
1.000000e+01 -8.271782e-02 -8.271782e-03
1.011111e+01 -8.320623e-02 -8.229187e-03
1.022222e+01 -8.363391e-02 -8.181578e-03
1.033333e+01 -8.400012e-02 -8.129044e-03
1.044444e+01 -8.430420e-02 -8.071678e-03
1.055556e+01 -8.454555e-02 -8.009578e-03
1.066667e+01 -8.472366e-02 -7.942843e-03
1.077778e+01 -8.483811e-02 -7.871577e-03
1.088889e+01 -8.488854e-02 -7.795887e-03
1.100000e+01 -8.487468e-02 -7.715880e-03
1.111111e+01 -8.479632e-02 -7.631669e-03
1.122222e+01 -8.465334e-02 -7.543367e-03
1.133333e+01 -8.444569e-02 -7.451090e-03
1.144444e+01 -8.417338e-02 -7.354956e-03
1.155556e+01 -8.383652e-02 -7.255083e-03
1.166667e+01 -8.343525e-02 -7.151593e-03
1.177778e+01 -8.296982e-02 -7.044607e-03
1.188889e+01 -8.244052e-02 -6.934250e-03
1.200000e+01 -8.184773e-02 -6.820644e-03
1.211111e+01 -8.119187e-02 -6.703916e-03
1.222222e+01 -8.047344e-02 -6.584190e-03
1.233333e+01 -7.969300e-02 -6.461595e-03
1.244444e+01 -7.885117e-02 -6.336255e-03
1.255556e+01 -7.794863e-02 -6.208298e-03
1.266667e+01 -7.698612e-02 -6.077851e-03
1.277778e+01 -7.596442e-02 -5.945042e-03
1.288889e+01 -7.488439e-02 -5.809996e-03
1.300000e+01 -7.374693e-02 -5.672841e-03
1.311111e+01 -7.255298e-02 -5.533702e-03
1.322222e+01 -7.130354e-02 -5.392705e-03
1.333333e+01 -6.999966e-02 -5.249974e-03
1.355556e+01 -6.723294e-02 -4.959807e-03
1.377778e+01 -6.426215e-02 -4.664189e-03
1.400000e+01 -6.109714e-02 -4.364081e-03
1.422222e+01 -5.774832e-02 -4.060429e-03
1.444444e+01 -5.422668e-02 -3.754155e-03
1.466667e+01 -5.054364e-02 -3.446158e-03
1.488889e+01 -4.671106e-02 -3.137310e-03
1.511111e+01 -4.274113e-02 -2.828457e-03
1.533333e+01 -3.864633e-02 -2.520413e-03
1.555556e+01 -3.443937e-02 -2.213960e-03
1.577778e+01 -3.013316e-02 -1.909848e-03
1.600000e+01 -2.574071e-02 -1.608794e-03
1.622222e+01 -2.127513e-02 -1.311481e-03
1.644444e+01 -1.674955e-02 -1.018554e-03
1.666667e+01 -1.217708e-02 -7.306250e-04
1.688889e+01 -7.570783e-03 -4.482700e-04
1.711111e+01 -2.943602e-03 -1.720287e-04
1.733333e+01 1.691648e-03 9.759508e-05
1.755556e+01 6.322338e-03 3.601332e-04
1.777778e+01 1.093605e-02 6.151529e-04
1.800000e+01 1.552062e-02 8.622569e-04
1.822222e+01 2.006417e-02 1.101083e-03
1.844444e+01 2.455512e-02 1.331302e-03
1.866667e+01 2.898224e-02 1.552620e-03
1.888889e+01 3.333466e-02 1.764776e-03
1.911111e+01 3.760189e-02 1.967541e-03
1.933333e+01 4.177387e-02 2.160718e-03
1.955556e+01 4.584096e-02 2.344140e-03
1.977778e+01 4.979396e-02 2.517672e-03
2.000000e+01 5.362414e-02 2.681207e-03
2.022222e+01 5.732313e-02 2.834660e-03
2.044444e+01 6.088323e-02 2.977984e-03
2.066667e+01 6.429709e-02 3.111149e-03
2.088889e+01 6.755786e-02 3.234153e-03
2.111111e+01 7.065922e-02 3.347015e-03
2.133333e+01 7.359532e-02 3.449781e-03
2.155556e+01 7.636087e-02 3.542514e-03
2.177778e+01 7.895103e-02 3.625303e-03
2.200000e+01 8.136152e-02 3.698251e-03
2.222222e+01 8.358851e-02 3.761483e-03
2.244444e+01 8.562869e-02 3.815140e-03
2.266667e+01 8.747923e-02 3.859378e-03
2.288889e+01 8.913779e-02 3.894370e-03
2.311111e+01 9.060249e-02 3.920300e-03
2.333333e+01 9.187194e-02 3.937369e-03
2.355556e+01 9.294518e-02 3.945786e-03
2.377778e+01 9.382173e-02 3.945774e-03
2.400000e+01 9.450152e-02 3.937563e-03
2.422222e+01 9.498492e-02 3.921396e-03
2.444444e+01 9.527273e-02 3.897521e-03
2.466667e+01 9.536612e-02 3.866194e-03
2.488889e+01 9.526668e-02 3.827679e-03
2.511111e+01 9.497637e-02 3.782245e-03
2.533333e+01 9.449748e-02 3.730164e-03
2.555556e+01 9.383269e-02 3.671714e-03
2.577778e+01 9.298497e-02 3.607175e-03
2.600000e+01 9.195761e-02 3.536831e-03
2.622222e+01 9.075421e-02 3.460966e-03
2.644444e+01 8.937861e-02 3.379864e-03
2.666667e+01 8.783493e-02 3.293810e-03
2.688889e+01 8.612764e-02 3.203094e-03
2.711111e+01 8.426134e-02 3.108000e-03
2.733333e+01 8.224087e-02 3.008812e-03
2.755556e+01 8.007130e-02 2.905813e-03
2.777778e+01 7.775785e-02 2.799282e-03
2.800000e+01 7.530594e-02 2.689498e-03
2.822222e+01 7.272114e-02 2.576733e-03
2.844444e+01 7.000917e-02 2.461260e-03
2.866667e+01 6.717588e-02 2.343344e-03
2.888889e+01 6.422720e-02 2.223249e-03
2.911111e+01 6.116921e-02 2.101233e-03
2.933333e+01 5.800804e-02 1.977547e-03
2.955556e+01 5.474989e-02 1.852440e-03
2.977778e+01 5.140103e-02 1.726154e-03
3.000000e+01 4.796776e-02 1.598925e-03
3.022222e+01 4.445644e-02 1.470985e-03
3.044444e+01 4.087340e-02 1.342557e-03
3.066667e+01 3.722503e-02 1.213860e-03
3.088889e+01 3.351768e-02 1.085105e-03
3.111111e+01 2.975769e-02 9.564973e-04
3.133333e+01 2.595139e-02 8.282360e-04
3.155556e+01 2.210506e-02 7.005125e-04
3.177778e+01 1.822493e-02 5.735119e-04
3.200000e+01 1.431719e-02 4.474120e-04
3.222222e+01 1.038793e-02 3.223841e-04
3.244444e+01 6.443214e-03 1.985922e-04
3.266667e+01 2.488985e-03 7.619341e-05
3.288889e+01 -1.468892e-03 -4.466226e-05
3.311111e+01 -5.424651e-03 -1.638317e-04
3.333333e+01 -9.372633e-03 -2.811790e-04
3.355556e+01 -1.330727e-02 -3.965743e-04
3.377778e+01 -1.722315e-02 -5.098958e-04
3.400000e+01 -2.111494e-02 -6.210277e-04
3.422222e+01 -2.497747e-02 -7.298612e-04
3.444444e+01 -2.880568e-02 -8.362940e-04
3.466667e+01 -3.259466e-02 -9.402307e-04
3.488889e+01 -3.633965e-02 -1.041582e-03
3.511111e+01 -4.003600e-02 -1.140266e-03
3.533333e+01 -4.367926e-02 -1.236205e-03
3.555556e+01 -4.726509e-02 -1.329331e-03
3.577778e+01 -5.078933e-02 -1.419577e-03
3.600000e+01 -5.424796e-02 -1.506888e-03
3.622222e+01 -5.763713e-02 -1.591209e-03
3.644444e+01 -6.095315e-02 -1.672495e-03
3.666667e+01 -6.419247e-02 -1.750704e-03
3.688889e+01 -6.735175e-02 -1.825800e-03
3.711111e+01 -7.042775e-02 -1.897754e-03
3.733333e+01 -7.341745e-02 -1.966539e-03
3.755556e+01 -7.631797e-02 -2.032135e-03
3.777778e+01 -7.912659e-02 -2.094527e-03
3.800000e+01 -8.184077e-02 -2.153704e-03
3.822222e+01 -8.445811e-02 -2.209660e-03
3.844444e+01 -8.697640e-02 -2.262392e-03
3.866667e+01 -8.939357e-02 -2.311903e-03
3.888889e+01 -9.170772e-02 -2.358198e-03
3.911111e+01 -9.391710e-02 -2.401290e-03
3.933333e+01 -9.602014e-02 -2.441190e-03
3.955556e+01 -9.801539e-02 -2.477917e-03
3.977778e+01 -9.990157e-02 -2.511492e-03
4.000000e+01 -1.016775e-01 -2.541939e-03
4.044444e+01 -1.048950e-01 -2.593557e-03
4.088889e+01 -1.076620e-01 -2.633039e-03
4.133333e+01 -1.099747e-01 -2.660677e-03
4.177778e+01 -1.118310e-01 -2.676807e-03
4.222222e+01 -1.132315e-01 -2.681799e-03
4.266667e+01 -1.141783e-01 -2.676055e-03
4.311111e+01 -1.146758e-01 -2.660005e-03
4.355556e+01 -1.147297e-01 -2.634101e-03
4.400000e+01 -1.143478e-01 -2.598814e-03
4.444444e+01 -1.135391e-01 -2.554629e-03
4.488889e+01 -1.123139e-01 -2.502042e-03
4.533333e+01 -1.106841e-01 -2.441561e-03
4.577778e+01 -1.086625e-01 -2.373694e-03
4.622222e+01 -1.062629e-01 -2.298957e-03
4.666667e+01 -1.035003e-01 -2.217863e-03
4.711111e+01 -1.003902e-01 -2.130924e-03
4.755556e+01 -9.694908e-02 -2.038649e-03
4.800000e+01 -9.319388e-02 -1.941539e-03
4.844444e+01 -8.914212e-02 -1.840090e-03
4.888889e+01 -8.481174e-02 -1.734786e-03
4.933333e+01 -8.022101e-02 -1.626102e-03
4.977778e+01 -7.538845e-02 -1.514500e-03
5.022222e+01 -7.033272e-02 -1.400430e-03
5.066667e+01 -6.507257e-02 -1.284327e-03
5.111111e+01 -5.962672e-02 -1.166610e-03
5.155556e+01 -5.401382e-02 -1.047682e-03
5.200000e+01 -4.825233e-02 -9.279294e-04
5.244444e+01 -4.236049e-02 -8.077213e-04
5.288889e+01 -3.635622e-02 -6.874076e-04
5.333333e+01 -3.025706e-02 -5.673198e-04
5.377778e+01 -2.408079e-02 -4.477832e-04
5.422222e+01 -1.784398e-02 -3.290899e-04
5.466667e+01 -1.156320e-02 -2.115220e-04
5.511111e+01 -5.254477e-03 -9.534333e-05
5.555556e+01 1.066709e-03 1.920077e-05
5.600000e+01 7.385428e-03 1.318826e-04
5.644444e+01 1.368733e-02 2.424921e-04
5.688889e+01 1.995867e-02 3.508359e-04
5.733333e+01 2.618628e-02 4.567375e-04
5.777778e+01 3.235765e-02 5.600362e-04
5.822222e+01 3.846086e-02 6.605873e-04
5.866667e+01 4.448464e-02 7.582608e-04
5.911111e+01 5.041835e-02 8.529419e-04
5.955556e+01 5.625199e-02 9.445297e-04
6.000000e+01 6.197621e-02 1.032937e-03
6.044444e+01 6.758228e-02 1.118089e-03
6.088889e+01 7.306213e-02 1.199925e-03
6.133333e+01 7.840830e-02 1.278396e-03
6.177778e+01 8.361396e-02 1.353463e-03
6.222222e+01 8.867290e-02 1.425100e-03
6.266667e+01 9.357951e-02 1.493290e-03
6.311111e+01 9.832876e-02 1.558026e-03
6.355556e+01 1.029162e-01 1.619311e-03
6.400000e+01 1.073380e-01 1.677156e-03
6.444444e+01 1.115907e-01 1.731580e-03
6.488889e+01 1.156715e-01 1.782609e-03
6.533333e+01 1.195782e-01 1.830278e-03
6.577778e+01 1.233088e-01 1.874626e-03
6.622222e+01 1.268618e-01 1.915698e-03
6.666667e+01 1.302363e-01 1.953545e-03
6.711111e+01 1.334320e-01 1.988226e-03
6.755556e+01 1.364487e-01 2.019800e-03
6.800000e+01 1.392867e-01 2.048334e-03
6.844444e+01 1.419466e-01 2.073895e-03
6.888889e+01 1.444294e-01 2.096556e-03
6.933333e+01 1.467366e-01 2.116393e-03
6.977778e+01 1.488696e-01 2.133482e-03
7.022222e+01 1.508306e-01 2.147904e-03
7.066667e+01 1.526216e-01 2.159739e-03
7.111111e+01 1.542451e-01 2.169072e-03
7.155556e+01 1.557039e-01 2.175986e-03
7.200000e+01 1.570008e-01 2.180567e-03
7.244444e+01 1.581390e-01 2.182900e-03
7.288889e+01 1.591216e-01 2.183071e-03
7.333333e+01 1.599523e-01 2.181168e-03
7.377778e+01 1.606345e-01 2.177275e-03
7.422222e+01 1.611720e-01 2.171479e-03
7.466667e+01 1.615687e-01 2.163866e-03
7.511111e+01 1.618284e-01 2.154520e-03
7.555556e+01 1.619553e-01 2.143526e-03
7.600000e+01 1.619533e-01 2.130965e-03
7.644444e+01 1.618268e-01 2.116920e-03
7.688889e+01 1.615798e-01 2.101472e-03
7.733333e+01 1.612168e-01 2.084699e-03
7.777778e+01 1.607418e-01 2.066680e-03
7.822222e+01 1.601593e-01 2.047491e-03
7.866667e+01 1.594735e-01 2.027206e-03
7.911111e+01 1.586888e-01 2.005897e-03
7.955556e+01 1.578093e-01 1.983637e-03
8.000000e+01 1.568394e-01 1.960493e-03
8.088889e+01 1.546458e-01 1.911830e-03
8.177778e+01 1.521398e-01 1.860405e-03
8.266667e+01 1.493545e-01 1.806708e-03
8.355556e+01 1.463221e-01 1.751195e-03
8.444444e+01 1.430731e-01 1.694286e-03
8.533333e+01 1.396366e-01 1.636367e-03
8.622222e+01 1.360407e-01 1.577791e-03
8.711111e+01 1.323114e-01 1.518881e-03
8.800000e+01 1.284737e-01 1.459928e-03
8.888889e+01 1.245509e-01 1.401198e-03
8.977778e+01 1.205650e-01 1.342927e-03
9.066667e+01 1.165361e-01 1.285325e-03
9.155556e+01 1.124833e-01 1.228580e-03
9.244444e+01 1.084240e-01 1.172855e-03
9.333333e+01 1.043739e-01 1.118292e-03
9.422222e+01 1.003478e-01 1.065012e-03
9.511111e+01 9.635867e-02 1.013117e-03
9.600000e+01 9.241833e-02 9.626910e-04
9.688889e+01 8.853725e-02 9.138019e-04
9.777778e+01 8.472466e-02 8.665022e-04
9.866667e+01 8.098859e-02 8.208303e-04
9.955556e+01 7.733595e-02 7.768120e-04
1.004444e+02 7.377262e-02 7.344619e-04
1.013333e+02 7.030349e-02 6.937844e-04
1.022222e+02 6.693258e-02 6.547753e-04
1.031111e+02 6.366314e-02 6.174227e-04
1.040000e+02 6.049771e-02 5.817088e-04
1.048889e+02 5.743828e-02 5.476107e-04
1.057778e+02 5.448634e-02 5.151020e-04
1.066667e+02 5.164308e-02 4.841538e-04
1.075556e+02 4.890714e-02 4.547151e-04
1.084444e+02 4.627881e-02 4.267513e-04
1.093333e+02 4.375721e-02 4.002184e-04
1.102222e+02 4.134111e-02 3.750705e-04
1.111111e+02 3.902896e-02 3.512607e-04
1.120000e+02 3.681895e-02 3.287406e-04
1.128889e+02 3.470899e-02 3.074615e-04
1.137778e+02 3.269682e-02 2.873744e-04
1.146667e+02 3.077996e-02 2.684299e-04
1.155556e+02 2.895582e-02 2.505792e-04
1.164444e+02 2.722164e-02 2.337736e-04
1.173333e+02 2.557459e-02 2.179653e-04
1.182222e+02 2.401177e-02 2.031071e-04
1.191111e+02 2.253021e-02 1.891529e-04
1.200000e+02 2.112691e-02 1.760575e-04
1.208889e+02 1.979885e-02 1.637773e-04
1.217778e+02 1.854304e-02 1.522695e-04
1.226667e+02 1.735647e-02 1.414929e-04
1.235556e+02 1.623618e-02 1.314079e-04
1.244444e+02 1.517926e-02 1.219762e-04
1.253333e+02 1.418283e-02 1.131608e-04
1.262222e+02 1.324408e-02 1.049267e-04
1.271111e+02 1.236026e-02 9.723982e-05
1.280000e+02 1.152871e-02 9.006802e-05
1.288889e+02 1.074681e-02 8.338041e-05
1.297778e+02 1.001203e-02 7.714753e-05
1.306667e+02 9.321929e-03 7.134129e-05
1.315556e+02 8.674100e-03 6.593488e-05
1.324444e+02 8.066224e-03 6.090270e-05
1.333333e+02 7.496035e-03 5.622027e-05
1.342222e+02 6.961534e-03 5.186574e-05
1.351111e+02 6.460634e-03 4.781719e-05
1.360000e+02 5.991368e-03 4.405418e-05
1.368889e+02 5.551855e-03 4.055738e-05
1.377778e+02 5.140294e-03 3.730859e-05
1.386667e+02 4.754963e-03 3.429060e-05
1.395556e+02 4.394215e-03 3.148721e-05
1.404444e+02 4.056478e-03 2.888315e-05
1.413333e+02 3.740250e-03 2.646403e-05
1.422222e+02 3.444096e-03 2.421630e-05
1.431111e+02 3.166649e-03 2.212720e-05
1.440000e+02 2.906600e-03 2.018472e-05
1.448889e+02 2.662703e-03 1.837755e-05
1.457778e+02 2.433768e-03 1.669505e-05
1.466667e+02 2.218654e-03 1.512719e-05
1.475556e+02 2.016276e-03 1.366452e-05
1.484444e+02 1.825590e-03 1.229814e-05
1.493333e+02 1.645599e-03 1.101963e-05
1.502222e+02 1.475343e-03 9.821072e-06
1.511111e+02 1.313902e-03 8.694938e-06
1.520000e+02 1.160385e-03 7.634109e-06
1.528889e+02 1.013932e-03 6.631821e-06
1.537778e+02 8.737080e-04 5.681627e-06
1.546667e+02 7.389005e-04 4.777374e-06
1.555556e+02 6.087138e-04 3.913160e-06
1.564444e+02 4.823664e-04 3.083308e-06
1.573333e+02 3.590867e-04 2.282331e-06
1.582222e+02 2.381089e-04 1.504902e-06
1.591111e+02 1.186689e-04 7.458242e-07
1.600000e+02 1.974094e-18
