# 
# Output from EIGENRAD program.
# 
# Eigenfunction for specific electronic state.
# The first column contains radius $r$ in bohr units.
# The second column holds value of eginefunction.
# 
# Use this file with gnuplot to create the plot.
#
0.000000e+00 0.000000e+00 5.779321e-01
1.388889e-02 8.026459e-03 5.779050e-01
2.777778e-02 1.605067e-02 5.778241e-01
4.166667e-02 2.407039e-02 5.776894e-01
5.555556e-02 3.208339e-02 5.775010e-01
6.944444e-02 4.008744e-02 5.772591e-01
8.333333e-02 4.808030e-02 5.769636e-01
9.722222e-02 5.605979e-02 5.766150e-01
1.111111e-01 6.402369e-02 5.762132e-01
1.250000e-01 7.196984e-02 5.757587e-01
1.388889e-01 7.989607e-02 5.752517e-01
1.527778e-01 8.780024e-02 5.746925e-01
1.666667e-01 9.568024e-02 5.740814e-01
1.805556e-01 1.035340e-01 5.734190e-01
1.944444e-01 1.113594e-01 5.727054e-01
2.083333e-01 1.191544e-01 5.719413e-01
2.222222e-01 1.269171e-01 5.711271e-01
2.361111e-01 1.346455e-01 5.702632e-01
2.500000e-01 1.423376e-01 5.693502e-01
2.638889e-01 1.499915e-01 5.683887e-01
2.777778e-01 1.576053e-01 5.673792e-01
2.916667e-01 1.651773e-01 5.663222e-01
3.055556e-01 1.727057e-01 5.652185e-01
3.194444e-01 1.801886e-01 5.640686e-01
3.333333e-01 1.876244e-01 5.628733e-01
3.472222e-01 1.950115e-01 5.616331e-01
3.611111e-01 2.023481e-01 5.603487e-01
3.750000e-01 2.096329e-01 5.590210e-01
3.888889e-01 2.168641e-01 5.576505e-01
4.027778e-01 2.240403e-01 5.562380e-01
4.166667e-01 2.311601e-01 5.547843e-01
4.305556e-01 2.382222e-01 5.532902e-01
4.444444e-01 2.452251e-01 5.517564e-01
4.583333e-01 2.521675e-01 5.501836e-01
4.722222e-01 2.590482e-01 5.485727e-01
4.861111e-01 2.658661e-01 5.469245e-01
5.000000e-01 2.726199e-01 5.452398e-01
5.138889e-01 2.793085e-01 5.435193e-01
5.277778e-01 2.859310e-01 5.417639e-01
5.416667e-01 2.924861e-01 5.399744e-01
5.555556e-01 2.989731e-01 5.381517e-01
5.694444e-01 3.053910e-01 5.362964e-01
5.833333e-01 3.117389e-01 5.344096e-01
5.972222e-01 3.180160e-01 5.324919e-01
6.111111e-01 3.242214e-01 5.305442e-01
6.250000e-01 3.303545e-01 5.285673e-01
6.388889e-01 3.364146e-01 5.265620e-01
6.527778e-01 3.424010e-01 5.245292e-01
6.666667e-01 3.483131e-01 5.224696e-01
6.805556e-01 3.541503e-01 5.203841e-01
6.944444e-01 3.599121e-01 5.182735e-01
7.083333e-01 3.655981e-01 5.161384e-01
7.222222e-01 3.712077e-01 5.139799e-01
7.361111e-01 3.767406e-01 5.117985e-01
7.500000e-01 3.821964e-01 5.095952e-01
7.638889e-01 3.875747e-01 5.073706e-01
7.777778e-01 3.928754e-01 5.051255e-01
7.916667e-01 3.980981e-01 5.028607e-01
8.055556e-01 4.032426e-01 5.005770e-01
8.194444e-01 4.083087e-01 4.982750e-01
8.333333e-01 4.132962e-01 4.959555e-01
8.611111e-01 4.230353e-01 4.912668e-01
8.888889e-01 4.324591e-01 4.865165e-01
9.166667e-01 4.415677e-01 4.817102e-01
9.444444e-01 4.503612e-01 4.768531e-01
9.722222e-01 4.588406e-01 4.719504e-01
1.000000e+00 4.670070e-01 4.670070e-01
1.027778e+00 4.748619e-01 4.620278e-01
1.055556e+00 4.824072e-01 4.570174e-01
1.083333e+00 4.896453e-01 4.519803e-01
1.111111e+00 4.965785e-01 4.469207e-01
1.138889e+00 5.032098e-01 4.418427e-01
1.166667e+00 5.095422e-01 4.367504e-01
1.194444e+00 5.155790e-01 4.316475e-01
1.222222e+00 5.213238e-01 4.265376e-01
1.250000e+00 5.267803e-01 4.214242e-01
1.277778e+00 5.319525e-01 4.163106e-01
1.305556e+00 5.368444e-01 4.111999e-01
1.333333e+00 5.414603e-01 4.060952e-01
1.361111e+00 5.458045e-01 4.009992e-01
1.388889e+00 5.498816e-01 3.959147e-01
1.416667e+00 5.536961e-01 3.908443e-01
1.444444e+00 5.572528e-01 3.857904e-01
1.472222e+00 5.605563e-01 3.807553e-01
1.500000e+00 5.636117e-01 3.757411e-01
1.527778e+00 5.664236e-01 3.707500e-01
1.555556e+00 5.689971e-01 3.657839e-01
1.583333e+00 5.713372e-01 3.608445e-01
1.611111e+00 5.734488e-01 3.559337e-01
1.638889e+00 5.753370e-01 3.510531e-01
1.666667e+00 5.770068e-01 3.462041e-01
1.722222e+00 5.797118e-01 3.366068e-01
1.777778e+00 5.816029e-01 3.271517e-01
1.833333e+00 5.827207e-01 3.178476e-01
1.888889e+00 5.831048e-01 3.087026e-01
1.944444e+00 5.827944e-01 2.997229e-01
2.000000e+00 5.818278e-01 2.909139e-01
2.055556e+00 5.802423e-01 2.822800e-01
2.111111e+00 5.780745e-01 2.738247e-01
2.166667e+00 5.753599e-01 2.655507e-01
2.222222e+00 5.721331e-01 2.574599e-01
2.277778e+00 5.684277e-01 2.495536e-01
2.333333e+00 5.642761e-01 2.418326e-01
2.388889e+00 5.597097e-01 2.342971e-01
2.444444e+00 5.547588e-01 2.269468e-01
2.500000e+00 5.494524e-01 2.197810e-01
2.555556e+00 5.438187e-01 2.127986e-01
2.611111e+00 5.378845e-01 2.059983e-01
2.666667e+00 5.316756e-01 1.993783e-01
2.722222e+00 5.252164e-01 1.929367e-01
2.777778e+00 5.185306e-01 1.866710e-01
2.833333e+00 5.116405e-01 1.805790e-01
2.888889e+00 5.045674e-01 1.746579e-01
2.944444e+00 4.973315e-01 1.689050e-01
3.000000e+00 4.899522e-01 1.633174e-01
3.055556e+00 4.824476e-01 1.578919e-01
3.111111e+00 4.748351e-01 1.526256e-01
3.166667e+00 4.671312e-01 1.475151e-01
3.222222e+00 4.593515e-01 1.425574e-01
3.277778e+00 4.515109e-01 1.377491e-01
3.333333e+00 4.436236e-01 1.330871e-01
3.388889e+00 4.357018e-01 1.285677e-01
3.444444e+00 4.277581e-01 1.241878e-01
3.500000e+00 4.198039e-01 1.199440e-01
3.555556e+00 4.118502e-01 1.158329e-01
3.611111e+00 4.039069e-01 1.118511e-01
3.666667e+00 3.959835e-01 1.079955e-01
3.722222e+00 3.880889e-01 1.042627e-01
3.777778e+00 3.802312e-01 1.006494e-01
3.833333e+00 3.724181e-01 9.715254e-02
3.888889e+00 3.646565e-01 9.376882e-02
3.944444e+00 3.569531e-01 9.049516e-02
4.000000e+00 3.493139e-01 8.732848e-02
4.055556e+00 3.417444e-01 8.426575e-02
4.111111e+00 3.342498e-01 8.130400e-02
4.166667e+00 3.268346e-01 7.844030e-02
4.222222e+00 3.195031e-01 7.567180e-02
4.277778e+00 3.122593e-01 7.299567e-02
4.333333e+00 3.051065e-01 7.040919e-02
4.388889e+00 2.980479e-01 6.790965e-02
4.444444e+00 2.910863e-01 6.549442e-02
4.500000e+00 2.842242e-01 6.316093e-02
4.555556e+00 2.774637e-01 6.090668e-02
4.611111e+00 2.708069e-01 5.872920e-02
4.666667e+00 2.642552e-01 5.662612e-02
4.722222e+00 2.578101e-01 5.459509e-02
4.777778e+00 2.514728e-01 5.263385e-02
4.833333e+00 2.452442e-01 5.074018e-02
4.888889e+00 2.391250e-01 4.891193e-02
4.944444e+00 2.331157e-01 4.714701e-02
5.000000e+00 2.272168e-01 4.544336e-02
5.055556e+00 2.214283e-01 4.379900e-02
5.111111e+00 2.157503e-01 4.221201e-02
5.166667e+00 2.101827e-01 4.068052e-02
5.222222e+00 2.047251e-01 3.920269e-02
5.277778e+00 1.993773e-01 3.777676e-02
5.333333e+00 1.941387e-01 3.640100e-02
5.388889e+00 1.890086e-01 3.507377e-02
5.444444e+00 1.839864e-01 3.379342e-02
5.500000e+00 1.790712e-01 3.255840e-02
5.555556e+00 1.742621e-01 3.136718e-02
5.611111e+00 1.695582e-01 3.021829e-02
5.666667e+00 1.649583e-01 2.911029e-02
5.722222e+00 1.604614e-01 2.804179e-02
5.777778e+00 1.560662e-01 2.701146e-02
5.833333e+00 1.517716e-01 2.601798e-02
5.888889e+00 1.475762e-01 2.506010e-02
5.944444e+00 1.434787e-01 2.413660e-02
6.000000e+00 1.394777e-01 2.324628e-02
6.055556e+00 1.355719e-01 2.238801e-02
6.111111e+00 1.317597e-01 2.156068e-02
6.166667e+00 1.280398e-01 2.076321e-02
6.222222e+00 1.244106e-01 1.999456e-02
6.277778e+00 1.208707e-01 1.925374e-02
6.333333e+00 1.174185e-01 1.853976e-02
6.388889e+00 1.140525e-01 1.785170e-02
6.444444e+00 1.107712e-01 1.718863e-02
6.500000e+00 1.075730e-01 1.654969e-02
6.555556e+00 1.044563e-01 1.593402e-02
6.611111e+00 1.014197e-01 1.534079e-02
6.666667e+00 9.846151e-02 1.476923e-02
6.777778e+00 9.277425e-02 1.368800e-02
6.888889e+00 8.738254e-02 1.268456e-02
7.000000e+00 8.227404e-02 1.175343e-02
7.111111e+00 7.743667e-02 1.088953e-02
7.222222e+00 7.285860e-02 1.008811e-02
7.333333e+00 6.852828e-02 9.344765e-03
7.444444e+00 6.443445e-02 8.655374e-03
7.555556e+00 6.056617e-02 8.016111e-03
7.666667e+00 5.691280e-02 7.423409e-03
7.777778e+00 5.346402e-02 6.873945e-03
7.888889e+00 5.020984e-02 6.364627e-03
8.000000e+00 4.714062e-02 5.892577e-03
8.111111e+00 4.424705e-02 5.455116e-03
8.222222e+00 4.152019e-02 5.049752e-03
8.333333e+00 3.895140e-02 4.674168e-03
8.444444e+00 3.653243e-02 4.326209e-03
8.555556e+00 3.425535e-02 4.003872e-03
8.666667e+00 3.211259e-02 3.705298e-03
8.777778e+00 3.009689e-02 3.428760e-03
8.888889e+00 2.820135e-02 3.172652e-03
9.000000e+00 2.641938e-02 2.935486e-03
9.111111e+00 2.474470e-02 2.715881e-03
9.222222e+00 2.317134e-02 2.512555e-03
9.333333e+00 2.169363e-02 2.324317e-03
9.444444e+00 2.030616e-02 2.150064e-03
9.555556e+00 1.900379e-02 1.988769e-03
9.666667e+00 1.778164e-02 1.839480e-03
9.777778e+00 1.663504e-02 1.701311e-03
9.888889e+00 1.555953e-02 1.573435e-03
1.000000e+01 1.455084e-02 1.455084e-03
1.011111e+01 1.360529e-02 1.345578e-03
1.022222e+01 1.271903e-02 1.244253e-03
1.033333e+01 1.188855e-02 1.150504e-03
1.044444e+01 1.111049e-02 1.063770e-03
1.055556e+01 1.038172e-02 9.835312e-04
1.066667e+01 9.699249e-03 9.093046e-04
1.077778e+01 9.060273e-03 8.406439e-04
1.088889e+01 8.462139e-03 7.771352e-04
1.100000e+01 7.902345e-03 7.183950e-04
1.111111e+01 7.378533e-03 6.640680e-04
1.122222e+01 6.888482e-03 6.138252e-04
1.133333e+01 6.430099e-03 5.673617e-04
1.144444e+01 6.001415e-03 5.243954e-04
1.155556e+01 5.600573e-03 4.846650e-04
1.166667e+01 5.225831e-03 4.479284e-04
1.177778e+01 4.875548e-03 4.139616e-04
1.188889e+01 4.548181e-03 3.825572e-04
1.200000e+01 4.242279e-03 3.535232e-04
1.211111e+01 3.956480e-03 3.266819e-04
1.222222e+01 3.689505e-03 3.018686e-04
1.233333e+01 3.440150e-03 2.789310e-04
1.244444e+01 3.207286e-03 2.577283e-04
1.255556e+01 2.989854e-03 2.381300e-04
1.266667e+01 2.786859e-03 2.200152e-04
1.277778e+01 2.597368e-03 2.032723e-04
1.288889e+01 2.420505e-03 1.877978e-04
1.300000e+01 2.255452e-03 1.734963e-04
1.311111e+01 2.101439e-03 1.602792e-04
1.322222e+01 1.957749e-03 1.480650e-04
1.333333e+01 1.823709e-03 1.367782e-04
1.344444e+01 1.698682e-03 1.263483e-04
1.355556e+01 1.582074e-03 1.167104e-04
1.366667e+01 1.473332e-03 1.078048e-04
1.377778e+01 1.371939e-03 9.957625e-05
1.388889e+01 1.277410e-03 9.197349e-05
1.400000e+01 1.189288e-03 8.494917e-05
1.411111e+01 1.107150e-03 7.845946e-05
1.422222e+01 1.030597e-03 7.246383e-05
1.433333e+01 9.592556e-04 6.692481e-05
1.444444e+01 8.927784e-04 6.180773e-05
1.455556e+01 8.308396e-04 5.708058e-05
1.466667e+01 7.731351e-04 5.271376e-05
1.477778e+01 7.193806e-04 4.867989e-05
1.488889e+01 6.693107e-04 4.495371e-05
1.500000e+01 6.226774e-04 4.151183e-05
1.511111e+01 5.792491e-04 3.833266e-05
1.522222e+01 5.388094e-04 3.539624e-05
1.533333e+01 5.011564e-04 3.268411e-05
1.544444e+01 4.661012e-04 3.017921e-05
1.555556e+01 4.334675e-04 2.786577e-05
1.566667e+01 4.030908e-04 2.572920e-05
1.577778e+01 3.748171e-04 2.375601e-05
1.588889e+01 3.485028e-04 2.193375e-05
1.600000e+01 3.240139e-04 2.025087e-05
1.611111e+01 3.012252e-04 1.869674e-05
1.622222e+01 2.800201e-04 1.726151e-05
1.633333e+01 2.602901e-04 1.593613e-05
1.644444e+01 2.419343e-04 1.471222e-05
1.655556e+01 2.248593e-04 1.358211e-05
1.666667e+01 2.089789e-04 1.253873e-05
1.677778e+01 1.942069e-04 1.157525e-05
1.688889e+01 1.804677e-04 1.068559e-05
1.700000e+01 1.676903e-04 9.864135e-06
1.711111e+01 1.558084e-04 9.105685e-06
1.722222e+01 1.447601e-04 8.405425e-06
1.733333e+01 1.344876e-04 7.758902e-06
1.744444e+01 1.249372e-04 7.162003e-06
1.755556e+01 1.160585e-04 6.610927e-06
1.766667e+01 1.078048e-04 6.102161e-06
1.777778e+01 1.001327e-04 5.632463e-06
1.788889e+01 9.300144e-05 5.198838e-06
1.800000e+01 8.637339e-05 4.798522e-06
1.811111e+01 8.021340e-05 4.428961e-06
1.822222e+01 7.448878e-05 4.087799e-06
1.833333e+01 6.916910e-05 3.772860e-06
1.844444e+01 6.422606e-05 3.482136e-06
1.855556e+01 5.963330e-05 3.213771e-06
1.866667e+01 5.536628e-05 2.966051e-06
1.877778e+01 5.140215e-05 2.737393e-06
1.888889e+01 4.771964e-05 2.526334e-06
1.900000e+01 4.429892e-05 2.331522e-06
1.911111e+01 4.112155e-05 2.151709e-06
1.922222e+01 3.817031e-05 1.985739e-06
1.933333e+01 3.542923e-05 1.832546e-06
1.944444e+01 3.288340e-05 1.691146e-06
1.955556e+01 3.051900e-05 1.560631e-06
1.966667e+01 2.832321e-05 1.440163e-06
1.977778e+01 2.628417e-05 1.328975e-06
1.988889e+01 2.439095e-05 1.226361e-06
2.000000e+01 2.263356e-05 1.131678e-06
2.022222e+01 1.948904e-05 9.637440e-07
2.044444e+01 1.677548e-05 8.205399e-07
2.066667e+01 1.443617e-05 6.985243e-07
2.088889e+01 1.242108e-05 5.946260e-07
2.111111e+01 1.068625e-05 5.061908e-07
2.133333e+01 9.193220e-06 4.309322e-07
2.155556e+01 7.908467e-06 3.668877e-07
2.177778e+01 6.802896e-06 3.123779e-07
2.200000e+01 5.851357e-06 2.659708e-07
2.222222e+01 5.032190e-06 2.264486e-07
2.244444e+01 4.326807e-06 1.927785e-07
2.266667e+01 3.719293e-06 1.640865e-07
2.288889e+01 3.196053e-06 1.396334e-07
2.311111e+01 2.745480e-06 1.187948e-07
2.333333e+01 2.357655e-06 1.010424e-07
2.355556e+01 2.024086e-06 8.592816e-08
2.377778e+01 1.737465e-06 7.307097e-08
2.400000e+01 1.491471e-06 6.214462e-08
2.422222e+01 1.280588e-06 5.286832e-08
2.444444e+01 1.099970e-06 4.499879e-08
2.466667e+01 9.453254e-07 3.832400e-08
2.488889e+01 8.128361e-07 3.265859e-08
2.511111e+01 6.991108e-07 2.784070e-08
2.533333e+01 6.011654e-07 2.373021e-08
2.555556e+01 5.164357e-07 2.020835e-08
2.577778e+01 4.428215e-07 1.717842e-08
2.600000e+01 3.787617e-07 1.456776e-08
2.622222e+01 3.233403e-07 1.233077e-08
2.644444e+01 2.764235e-07 1.045299e-08
2.666667e+01 2.388278e-07 8.956042e-09
2.688889e+01 2.048769e-07 7.619388e-09
2.711111e+01 1.756965e-07 6.480607e-09
2.733333e+01 1.506428e-07 5.511322e-09
2.755556e+01 1.291498e-07 4.686887e-09
2.777778e+01 1.107215e-07 3.985975e-09
2.800000e+01 9.492574e-08 3.390205e-09
2.822222e+01 8.138716e-08 2.883797e-09
2.844444e+01 6.978149e-08 2.453256e-09
2.866667e+01 5.982976e-08 2.087085e-09
2.888889e+01 5.129288e-08 1.775523e-09
2.911111e+01 4.396677e-08 1.510309e-09
2.933333e+01 3.767771e-08 1.284468e-09
2.955556e+01 3.227818e-08 1.092119e-09
2.977778e+01 2.764294e-08 9.283077e-10
3.000000e+01 2.366561e-08 7.888538e-10
3.022222e+01 2.025557e-08 6.702209e-10
3.044444e+01 1.733516e-08 5.694032e-10
3.066667e+01 1.483744e-08 4.838296e-10
3.088889e+01 1.270409e-08 4.112834e-10
3.111111e+01 1.088386e-08 3.498384e-10
3.133333e+01 9.331324e-09 2.978082e-10
3.155556e+01 8.005989e-09 2.537109e-10
3.177778e+01 6.871816e-09 2.162460e-10
3.200000e+01 5.897093e-09 1.842841e-10
3.222222e+01 5.054676e-09 1.568693e-10
3.244444e+01 4.322618e-09 1.332314e-10
3.266667e+01 3.685155e-09 1.128109e-10
3.288889e+01 3.134073e-09 9.529277e-11
3.311111e+01 2.670447e-09 8.065107e-11
3.333333e+01 2.306744e-09 6.920231e-11
3.355556e+01 1.974383e-09 5.883921e-11
3.377778e+01 1.689390e-09 5.001483e-11
3.400000e+01 1.445284e-09 4.250836e-11
3.422222e+01 1.236375e-09 3.612784e-11
3.444444e+01 1.057687e-09 3.070705e-11
3.466667e+01 9.048923e-10 2.610266e-11
3.488889e+01 7.742409e-10 2.219162e-11
3.511111e+01 6.625009e-10 1.886870e-11
3.533333e+01 5.668989e-10 1.604431e-11
3.555556e+01 4.850649e-10 1.364245e-11
3.577778e+01 4.149823e-10 1.159888e-11
3.600000e+01 3.549399e-10 9.859441e-12
3.622222e+01 3.034893e-10 8.378539e-12
3.644444e+01 2.594055e-10 7.117833e-12
3.666667e+01 2.216511e-10 6.045031e-12
3.688889e+01 1.893452e-10 5.132853e-12
3.711111e+01 1.617351e-10 4.358131e-12
3.733333e+01 1.381726e-10 3.701051e-12
3.755556e+01 1.180940e-10 3.144514e-12
3.777778e+01 1.010037e-10 2.673628e-12
3.800000e+01 8.646228e-11 2.275323e-12
3.822222e+01 7.407731e-11 1.938069e-12
3.844444e+01 6.349928e-11 1.651715e-12
3.866667e+01 5.442053e-11 1.407427e-12
3.888889e+01 4.657841e-11 1.197730e-12
3.911111e+01 3.976214e-11 1.016645e-12
3.933333e+01 3.382361e-11 8.599223e-13
3.955556e+01 2.869201e-11 7.253598e-13
3.977778e+01 2.439228e-11 6.132136e-13
4.000000e+01 2.106745e-11 5.266861e-13
4.044444e+01 1.546649e-11 3.824133e-13
4.088889e+01 1.126863e-11 2.755915e-13
4.133333e+01 8.165709e-12 1.975575e-13
4.177778e+01 5.903464e-12 1.413063e-13
4.222222e+01 4.274994e-12 1.012499e-13
4.266667e+01 3.114649e-12 7.299958e-14
4.311111e+01 2.292310e-12 5.317214e-14
4.355556e+01 1.708087e-12 3.921628e-14
4.400000e+01 1.287413e-12 2.925939e-14
4.444444e+01 9.765484e-13 2.197234e-14
4.488889e+01 7.384851e-13 1.645140e-14
4.533333e+01 5.492615e-13 1.211606e-14
4.577778e+01 3.946772e-13 8.621589e-15
4.622222e+01 2.674157e-13 5.785436e-15
4.666667e+01 1.645708e-13 3.526517e-15
4.711111e+01 8.557793e-14 1.816513e-15
4.755556e+01 3.055085e-14 6.424244e-16
4.800000e+01 -9.771033e-16 -2.035632e-17
4.844444e+01 -1.090675e-14 -2.251393e-16
4.888889e+01 -3.021902e-15 -6.181163e-17
4.933333e+01 1.696670e-14 3.439196e-16
4.977778e+01 4.178237e-14 8.393780e-16
5.022222e+01 6.334836e-14 1.261361e-15
5.066667e+01 7.395863e-14 1.459710e-15
5.111111e+01 6.785359e-14 1.327570e-15
5.155556e+01 4.320065e-14 8.379436e-16
5.200000e+01 4.479763e-15 8.614928e-17
5.244444e+01 -3.472616e-14 -6.621513e-16
5.288889e+01 -4.853592e-14 -9.176960e-16
5.333333e+01 4.830155e-15 9.056540e-17
5.422222e+01 2.769025e-15 5.106808e-17
5.511111e+01 1.449550e-15 2.630233e-17
5.600000e+01 6.611098e-16 1.180553e-17
5.688889e+01 2.370848e-16 4.167506e-18
5.777778e+01 4.882764e-17 8.450938e-19
5.866667e+01 3.926939e-20 6.693646e-22
5.955556e+01 2.155627e-17 3.619523e-19
6.044444e+01 6.654791e-17 1.100976e-18
6.133333e+01 1.061226e-16 1.730261e-18
6.222222e+01 1.253443e-16 2.014462e-18
6.311111e+01 1.196579e-16 1.895987e-18
6.400000e+01 9.172490e-17 1.433202e-18
6.488889e+01 4.866869e-17 7.500312e-19
6.577778e+01 -2.711670e-19 -4.122472e-21
6.666667e+01 -4.567435e-17 -6.851152e-19
6.755556e+01 -7.946586e-17 -1.176304e-18
6.844444e+01 -9.603248e-17 -1.403072e-18
6.933333e+01 -9.292944e-17 -1.340328e-18
7.022222e+01 -7.117767e-17 -1.013606e-18
7.111111e+01 -3.515120e-17 -4.943138e-19
7.200000e+01 7.944881e-18 1.103456e-19
7.288889e+01 4.900626e-17 6.723419e-19
7.377778e+01 7.837073e-17 1.062254e-18
7.466667e+01 8.756928e-17 1.172803e-18
7.555556e+01 7.148669e-17 9.461474e-19
7.644444e+01 3.093188e-17 4.046322e-19
7.733333e+01 -2.438221e-17 -3.152872e-19
7.822222e+01 -7.244903e-17 -9.261950e-19
7.911111e+01 -7.516926e-17 -9.501733e-19
8.000000e+01 2.585804e-17 3.232255e-19
8.026667e+01 2.130601e-17 2.654403e-19
8.053333e+01 1.752689e-17 2.176353e-19
8.080000e+01 1.439720e-17 1.781832e-19
8.106667e+01 1.181066e-17 1.456907e-19
8.133333e+01 9.676391e-18 1.189720e-19
8.160000e+01 7.917208e-18 9.702460e-20
8.186667e+01 6.468003e-18 7.900655e-20
8.213333e+01 5.274249e-18 6.421570e-20
8.240000e+01 4.290606e-18 5.207046e-20
8.266667e+01 3.479633e-18 4.209234e-20
8.293333e+01 2.810615e-18 3.389005e-20
8.320000e+01 2.258486e-18 2.714527e-20
8.346667e+01 1.802869e-18 2.159987e-20
8.373333e+01 1.427216e-18 1.704478e-20
8.400000e+01 1.118060e-18 1.331023e-20
8.426667e+01 8.643702e-19 1.025756e-20
8.453333e+01 6.570199e-19 7.772318e-21
8.480000e+01 4.883546e-19 5.758899e-21
8.506667e+01 3.518723e-19 4.136430e-21
8.533333e+01 2.420088e-19 2.836041e-21
8.560000e+01 1.540314e-19 1.799432e-21
8.586667e+01 8.403832e-20 9.787071e-22
8.613333e+01 2.906643e-20 3.374586e-22
8.640000e+01 -1.269437e-20 -1.469256e-22
8.666667e+01 -4.157957e-20 -4.797643e-22
8.693333e+01 -5.602127e-20 -6.444165e-22
8.720000e+01 -5.201224e-20 -5.964707e-22
8.746667e+01 -2.246287e-20 -2.568164e-22
8.773333e+01 4.354907e-20 4.963799e-22
8.800000e+01 1.616358e-19 1.836770e-21
8.829333e+01 -3.796396e-20 -4.299754e-22
8.858667e+01 -1.560962e-19 -1.762073e-21
8.888000e+01 -2.174286e-19 -2.446317e-21
8.917333e+01 -2.411693e-19 -2.704500e-21
8.946667e+01 -2.418675e-19 -2.703437e-21
8.976000e+01 -2.301558e-19 -2.564125e-21
9.005333e+01 -2.134332e-19 -2.370075e-21
9.034667e+01 -1.964878e-19 -2.174821e-21
9.064000e+01 -1.820618e-19 -2.008625e-21
9.093333e+01 -1.713560e-19 -1.884413e-21
9.122667e+01 -1.644757e-19 -1.802934e-21
9.152000e+01 -1.608169e-19 -1.757178e-21
9.181333e+01 -1.593939e-19 -1.736065e-21
9.210667e+01 -1.591068e-19 -1.727419e-21
9.240000e+01 -1.589505e-19 -1.720243e-21
9.269333e+01 -1.581637e-19 -1.706311e-21
9.298667e+01 -1.563196e-19 -1.681096e-21
9.328000e+01 -1.533562e-19 -1.644042e-21
9.357333e+01 -1.495486e-19 -1.598197e-21
9.386667e+01 -1.454208e-19 -1.549227e-21
9.416000e+01 -1.415990e-19 -1.503812e-21
9.445333e+01 -1.386056e-19 -1.467450e-21
9.474667e+01 -1.365937e-19 -1.441673e-21
9.504000e+01 -1.350225e-19 -1.420691e-21
9.533333e+01 -1.322732e-19 -1.387481e-21
9.562667e+01 -1.252062e-19 -1.309323e-21
9.592000e+01 -1.086583e-19 -1.132802e-21
9.621333e+01 -7.488129e-20 -7.782840e-22
9.650667e+01 -1.292080e-20 -1.338850e-22
9.680000e+01 9.206376e-20 9.510719e-22
9.712267e+01 -5.812797e-21 -5.985006e-23
9.744533e+01 -6.174621e-20 -6.336497e-22
9.776800e+01 -8.853011e-20 -9.055121e-22
9.809067e+01 -9.613068e-20 -9.800186e-22
9.841333e+01 -9.210312e-20 -9.358805e-22
9.873600e+01 -8.197706e-20 -8.302651e-22
9.905867e+01 -6.961083e-20 -7.027233e-22
9.938133e+01 -5.751465e-20 -5.787268e-22
9.970400e+01 -4.714271e-20 -4.728266e-22
1.000267e+02 -3.915417e-20 -3.914373e-22
1.003493e+02 -3.364305e-20 -3.352593e-22
1.006720e+02 -3.033697e-20 -3.013447e-22
1.009947e+02 -2.876491e-20 -2.848161e-22
1.013173e+02 -2.839371e-20 -2.802453e-22
1.016400e+02 -2.873363e-20 -2.827001e-22
1.019627e+02 -2.941270e-20 -2.884654e-22
1.022853e+02 -3.021999e-20 -2.954479e-22
1.026080e+02 -3.111782e-20 -3.032690e-22
1.029307e+02 -3.222285e-20 -3.130539e-22
1.032533e+02 -3.375602e-20 -3.269243e-22
1.035760e+02 -3.596149e-20 -3.471990e-22
1.038987e+02 -3.899437e-20 -3.753115e-22
1.042213e+02 -4.277744e-20 -4.104480e-22
1.045440e+02 -4.682673e-20 -4.479141e-22
1.048667e+02 -5.004598e-20 -4.772344e-22
1.051893e+02 -5.049005e-20 -4.799921e-22
1.055120e+02 -4.509717e-20 -4.274127e-22
1.058347e+02 -2.939014e-20 -2.776986e-22
1.061573e+02 2.853567e-21 2.688055e-23
1.064800e+02 5.996286e-20 5.631373e-22
1.068349e+02 2.567040e-20 2.402810e-22
1.071899e+02 1.267360e-20 1.182351e-22
1.075448e+02 1.200086e-20 1.115894e-22
1.078997e+02 1.715448e-20 1.589853e-22
1.082547e+02 2.369785e-20 2.189084e-22
1.086096e+02 2.887488e-20 2.658594e-22
1.089645e+02 3.126169e-20 2.868978e-22
1.093195e+02 3.045061e-20 2.785470e-22
1.096744e+02 2.676652e-20 2.440544e-22
1.100293e+02 2.101537e-20 1.909979e-22
1.103843e+02 1.426507e-20 1.292310e-22
1.107392e+02 7.658631e-21 6.915917e-23
1.110941e+02 2.259605e-21 2.033956e-23
1.114491e+02 -1.070208e-21 -9.602661e-24
1.118040e+02 -1.760747e-21 -1.574851e-23
1.121589e+02 4.085992e-22 3.643037e-24
1.125139e+02 5.283570e-21 4.695928e-23
1.128688e+02 1.234190e-20 1.093473e-22
1.132237e+02 2.073245e-20 1.831104e-22
1.135787e+02 2.934667e-20 2.583819e-22
1.139336e+02 3.692230e-20 3.240686e-22
1.142885e+02 4.217938e-20 3.690605e-22
1.146435e+02 4.398855e-20 3.836987e-22
1.149984e+02 4.157161e-20 3.614973e-22
1.153533e+02 3.473442e-20 3.011133e-22
1.157083e+02 2.413201e-20 2.085591e-22
1.160632e+02 1.156604e-20 9.965291e-23
1.164181e+02 3.145078e-22 2.701536e-24
1.167731e+02 -4.506213e-21 -3.858949e-23
1.171280e+02 4.452883e-21 3.801724e-23
1.175184e+02 2.928155e-21 2.491656e-23
1.179089e+02 2.398065e-21 2.033829e-23
1.182993e+02 2.541279e-21 2.148178e-23
1.186897e+02 3.093306e-21 2.606213e-23
1.190801e+02 3.841255e-21 3.225773e-23
1.194706e+02 4.618776e-21 3.866037e-23
1.198610e+02 5.301162e-21 4.422758e-23
1.202514e+02 5.800631e-21 4.823753e-23
1.206418e+02 6.061774e-21 5.024603e-23
1.210323e+02 6.057172e-21 5.004593e-23
1.214227e+02 5.783193e-21 4.762860e-23
1.218131e+02 5.255953e-21 4.314767e-23
1.222035e+02 4.507447e-21 3.688475e-23
1.225940e+02 3.581861e-21 2.921727e-23
1.229844e+02 2.532044e-21 2.058833e-23
1.233748e+02 1.416156e-21 1.147849e-23
1.237653e+02 2.944933e-22 2.379451e-24
1.241557e+02 -7.735289e-22 -6.230314e-24
1.245461e+02 -1.732209e-21 -1.390817e-23
1.249365e+02 -2.532226e-21 -2.026810e-23
1.253270e+02 -3.133139e-21 -2.499972e-23
1.257174e+02 -3.505705e-21 -2.788560e-23
1.261078e+02 -3.634038e-21 -2.881691e-23
1.264982e+02 -3.517585e-21 -2.780739e-23
1.268887e+02 -3.172942e-21 -2.500572e-23
1.272791e+02 -2.635487e-21 -2.070636e-23
1.276695e+02 -1.960852e-21 -1.535881e-23
1.280599e+02 -1.226218e-21 -9.575346e-24
1.284504e+02 -5.314399e-22 -4.137317e-24
1.288408e+02 0.000000e+00
