# 
# Output from EIGENRAD program.
# 
# Eigenfunction for specific electronic state.
# The first column contains radius $r$ in bohr units.
# The second column holds value of eginefunction.
# 
# Use this file with gnuplot to create the plot.
#
0.000000e+00 0.000000e+00 2.712090e-01
1.388889e-02 3.766571e-03 2.711931e-01
2.777778e-02 7.531822e-03 2.711456e-01
4.166667e-02 1.129444e-02 2.710665e-01
5.555556e-02 1.505310e-02 2.709559e-01
6.944444e-02 1.880651e-02 2.708138e-01
8.333333e-02 2.255335e-02 2.706402e-01
9.722222e-02 2.629233e-02 2.704354e-01
1.111111e-01 3.002215e-02 2.701994e-01
1.250000e-01 3.374154e-02 2.699323e-01
1.388889e-01 3.744922e-02 2.696344e-01
1.527778e-01 4.114392e-02 2.693057e-01
1.666667e-01 4.482441e-02 2.689464e-01
1.805556e-01 4.848944e-02 2.685569e-01
1.944444e-01 5.213779e-02 2.681372e-01
2.083333e-01 5.576827e-02 2.676877e-01
2.222222e-01 5.937968e-02 2.672086e-01
2.361111e-01 6.297085e-02 2.667001e-01
2.500000e-01 6.654063e-02 2.661625e-01
2.638889e-01 7.008789e-02 2.655962e-01
2.777778e-01 7.361151e-02 2.650014e-01
2.916667e-01 7.711040e-02 2.643785e-01
3.055556e-01 8.058349e-02 2.637278e-01
3.194444e-01 8.402973e-02 2.630496e-01
3.333333e-01 8.744809e-02 2.623443e-01
3.472222e-01 9.083758e-02 2.616122e-01
3.611111e-01 9.419721e-02 2.608538e-01
3.750000e-01 9.752603e-02 2.600694e-01
3.888889e-01 1.008231e-01 2.592594e-01
4.027778e-01 1.040875e-01 2.584242e-01
4.166667e-01 1.073184e-01 2.575643e-01
4.305556e-01 1.105150e-01 2.566799e-01
4.444444e-01 1.136763e-01 2.557717e-01
4.583333e-01 1.168016e-01 2.548399e-01
4.722222e-01 1.198901e-01 2.538850e-01
4.861111e-01 1.229411e-01 2.529075e-01
5.000000e-01 1.259539e-01 2.519077e-01
5.138889e-01 1.289276e-01 2.508862e-01
5.277778e-01 1.318618e-01 2.498433e-01
5.416667e-01 1.347556e-01 2.487796e-01
5.555556e-01 1.376086e-01 2.476955e-01
5.694444e-01 1.404201e-01 2.465914e-01
5.833333e-01 1.431895e-01 2.454678e-01
5.972222e-01 1.459164e-01 2.443251e-01
6.111111e-01 1.486001e-01 2.431638e-01
6.250000e-01 1.512402e-01 2.419844e-01
6.388889e-01 1.538363e-01 2.407872e-01
6.527778e-01 1.563878e-01 2.395728e-01
6.666667e-01 1.588944e-01 2.383417e-01
6.805556e-01 1.613557e-01 2.370941e-01
6.944444e-01 1.637713e-01 2.358307e-01
7.083333e-01 1.661409e-01 2.345518e-01
7.222222e-01 1.684641e-01 2.332580e-01
7.361111e-01 1.707406e-01 2.319495e-01
7.500000e-01 1.729702e-01 2.306269e-01
7.638889e-01 1.751526e-01 2.292907e-01
7.777778e-01 1.772875e-01 2.279411e-01
7.916667e-01 1.793748e-01 2.265788e-01
8.055556e-01 1.814143e-01 2.252040e-01
8.194444e-01 1.834058e-01 2.238172e-01
8.333333e-01 1.853490e-01 2.224188e-01
8.611111e-01 1.890906e-01 2.195890e-01
8.888889e-01 1.926380e-01 2.167178e-01
9.166667e-01 1.959909e-01 2.138082e-01
9.444444e-01 1.991488e-01 2.108635e-01
9.722222e-01 2.021118e-01 2.078865e-01
1.000000e+00 2.048802e-01 2.048802e-01
1.027778e+00 2.074542e-01 2.018473e-01
1.055556e+00 2.098347e-01 1.987908e-01
1.083333e+00 2.120225e-01 1.957131e-01
1.111111e+00 2.140188e-01 1.926169e-01
1.138889e+00 2.158247e-01 1.895046e-01
1.166667e+00 2.174417e-01 1.863786e-01
1.194444e+00 2.188715e-01 1.832413e-01
1.222222e+00 2.201158e-01 1.800947e-01
1.250000e+00 2.211764e-01 1.769411e-01
1.277778e+00 2.220555e-01 1.737826e-01
1.305556e+00 2.227552e-01 1.706210e-01
1.333333e+00 2.232777e-01 1.674582e-01
1.361111e+00 2.236253e-01 1.642962e-01
1.388889e+00 2.238007e-01 1.611365e-01
1.416667e+00 2.238063e-01 1.579809e-01
1.444444e+00 2.236447e-01 1.548309e-01
1.472222e+00 2.233186e-01 1.516881e-01
1.500000e+00 2.228309e-01 1.485539e-01
1.527778e+00 2.221843e-01 1.454297e-01
1.555556e+00 2.213817e-01 1.423168e-01
1.583333e+00 2.204260e-01 1.392164e-01
1.611111e+00 2.193202e-01 1.361298e-01
1.638889e+00 2.180672e-01 1.330580e-01
1.666667e+00 2.166702e-01 1.300021e-01
1.722222e+00 2.134563e-01 1.239424e-01
1.777778e+00 2.097026e-01 1.179577e-01
1.833333e+00 2.054342e-01 1.120550e-01
1.888889e+00 2.006761e-01 1.062403e-01
1.944444e+00 1.954533e-01 1.005189e-01
2.000000e+00 1.897907e-01 9.489533e-02
2.055556e+00 1.837127e-01 8.937374e-02
2.111111e+00 1.772437e-01 8.395754e-02
2.166667e+00 1.704077e-01 7.864972e-02
2.222222e+00 1.632283e-01 7.345276e-02
2.277778e+00 1.557288e-01 6.836873e-02
2.333333e+00 1.479318e-01 6.339933e-02
2.388889e+00 1.398596e-01 5.854587e-02
2.444444e+00 1.315339e-01 5.380934e-02
2.500000e+00 1.229761e-01 4.919042e-02
2.555556e+00 1.142066e-01 4.468953e-02
2.611111e+00 1.052455e-01 4.030679e-02
2.666667e+00 9.611229e-02 3.604211e-02
2.722222e+00 8.682576e-02 3.189518e-02
2.777778e+00 7.740410e-02 2.786548e-02
2.833333e+00 6.786487e-02 2.395231e-02
2.888889e+00 5.822502e-02 2.015482e-02
2.944444e+00 4.850086e-02 1.647199e-02
3.000000e+00 3.870807e-02 1.290269e-02
3.055556e+00 2.886175e-02 9.445663e-03
3.111111e+00 1.897639e-02 6.099553e-03
3.166667e+00 9.065913e-03 2.862920e-03
3.222222e+00 -8.563024e-04 -2.657490e-04
3.277778e+00 -1.077741e-02 -3.288023e-03
3.333333e+00 -2.068504e-02 -6.205513e-03
3.388889e+00 -3.056804e-02 -9.020079e-03
3.444444e+00 -4.041519e-02 -1.173344e-02
3.500000e+00 -5.021595e-02 -1.434741e-02
3.555556e+00 -5.996032e-02 -1.686384e-02
3.611111e+00 -6.963882e-02 -1.928460e-02
3.666667e+00 -7.924247e-02 -2.161158e-02
3.722222e+00 -8.876279e-02 -2.384672e-02
3.777778e+00 -9.819176e-02 -2.599194e-02
3.833333e+00 -1.075219e-01 -2.804918e-02
3.888889e+00 -1.167460e-01 -3.002039e-02
3.944444e+00 -1.258574e-01 -3.190751e-02
4.000000e+00 -1.348500e-01 -3.371250e-02
4.055556e+00 -1.437179e-01 -3.543728e-02
4.111111e+00 -1.524556e-01 -3.708379e-02
4.166667e+00 -1.610582e-01 -3.865396e-02
4.222222e+00 -1.695209e-01 -4.014968e-02
4.277778e+00 -1.778394e-01 -4.157285e-02
4.333333e+00 -1.860099e-01 -4.292536e-02
4.388889e+00 -1.940286e-01 -4.420904e-02
4.444444e+00 -2.018922e-01 -4.542575e-02
4.500000e+00 -2.095978e-01 -4.657729e-02
4.555556e+00 -2.171427e-01 -4.766547e-02
4.611111e+00 -2.245244e-01 -4.869204e-02
4.666667e+00 -2.317409e-01 -4.965876e-02
4.722222e+00 -2.387902e-01 -5.056734e-02
4.777778e+00 -2.456708e-01 -5.141947e-02
4.833333e+00 -2.523813e-01 -5.221682e-02
4.888889e+00 -2.589205e-01 -5.296102e-02
4.944444e+00 -2.652877e-01 -5.365368e-02
5.000000e+00 -2.714819e-01 -5.429638e-02
5.055556e+00 -2.775029e-01 -5.489068e-02
5.111111e+00 -2.833502e-01 -5.543808e-02
5.166667e+00 -2.890238e-01 -5.594009e-02
5.222222e+00 -2.945237e-01 -5.639816e-02
5.277778e+00 -2.998503e-01 -5.681374e-02
5.333333e+00 -3.050038e-01 -5.718821e-02
5.388889e+00 -3.099848e-01 -5.752296e-02
5.444444e+00 -3.147941e-01 -5.781933e-02
5.500000e+00 -3.194325e-01 -5.807863e-02
5.555556e+00 -3.239009e-01 -5.830215e-02
5.611111e+00 -3.282003e-01 -5.849115e-02
5.666667e+00 -3.323322e-01 -5.864685e-02
5.722222e+00 -3.362976e-01 -5.877045e-02
5.777778e+00 -3.400981e-01 -5.886313e-02
5.833333e+00 -3.437351e-01 -5.892601e-02
5.888889e+00 -3.472102e-01 -5.896023e-02
5.944444e+00 -3.505252e-01 -5.896686e-02
6.000000e+00 -3.536818e-01 -5.894697e-02
6.055556e+00 -3.566818e-01 -5.890158e-02
6.111111e+00 -3.595271e-01 -5.883171e-02
6.166667e+00 -3.622198e-01 -5.873834e-02
6.222222e+00 -3.647617e-01 -5.862242e-02
6.277778e+00 -3.671551e-01 -5.848488e-02
6.333333e+00 -3.694020e-01 -5.832663e-02
6.388889e+00 -3.715045e-01 -5.814854e-02
6.444444e+00 -3.734650e-01 -5.795147e-02
6.500000e+00 -3.752857e-01 -5.773626e-02
6.555556e+00 -3.769688e-01 -5.750372e-02
6.611111e+00 -3.785167e-01 -5.725462e-02
6.666667e+00 -3.799317e-01 -5.698975e-02
6.777778e+00 -3.823725e-01 -5.641562e-02
6.888889e+00 -3.843101e-01 -5.578695e-02
7.000000e+00 -3.857640e-01 -5.510914e-02
7.111111e+00 -3.867536e-01 -5.438722e-02
7.222222e+00 -3.872985e-01 -5.362594e-02
7.333333e+00 -3.874181e-01 -5.282975e-02
7.444444e+00 -3.871319e-01 -5.200279e-02
7.555556e+00 -3.864590e-01 -5.114899e-02
7.666667e+00 -3.854184e-01 -5.027197e-02
7.777778e+00 -3.840289e-01 -4.937515e-02
7.888889e+00 -3.823090e-01 -4.846170e-02
8.000000e+00 -3.802767e-01 -4.753459e-02
8.111111e+00 -3.779500e-01 -4.659657e-02
8.222222e+00 -3.753462e-01 -4.565021e-02
8.333333e+00 -3.724824e-01 -4.469789e-02
8.444444e+00 -3.693751e-01 -4.374179e-02
8.555556e+00 -3.660405e-01 -4.278396e-02
8.666667e+00 -3.624944e-01 -4.182627e-02
8.777778e+00 -3.587518e-01 -4.087045e-02
8.888889e+00 -3.548275e-01 -3.991809e-02
9.000000e+00 -3.507357e-01 -3.897063e-02
9.111111e+00 -3.464901e-01 -3.802940e-02
9.222222e+00 -3.421040e-01 -3.709562e-02
9.333333e+00 -3.375901e-01 -3.617037e-02
9.444444e+00 -3.329607e-01 -3.525466e-02
9.555556e+00 -3.282274e-01 -3.434938e-02
9.666667e+00 -3.234017e-01 -3.345534e-02
9.777778e+00 -3.184942e-01 -3.257327e-02
9.888889e+00 -3.135155e-01 -3.170382e-02
1.000000e+01 -3.084756e-01 -3.084756e-02
1.011111e+01 -3.033835e-01 -3.000496e-02
1.022222e+01 -2.982484e-01 -2.917647e-02
1.033333e+01 -2.930787e-01 -2.836246e-02
1.044444e+01 -2.878827e-01 -2.756323e-02
1.055556e+01 -2.826679e-01 -2.677906e-02
1.066667e+01 -2.774417e-01 -2.601015e-02
1.077778e+01 -2.722109e-01 -2.525668e-02
1.088889e+01 -2.669820e-01 -2.451876e-02
1.100000e+01 -2.617612e-01 -2.379648e-02
1.111111e+01 -2.565543e-01 -2.308988e-02
1.122222e+01 -2.513666e-01 -2.239900e-02
1.133333e+01 -2.462031e-01 -2.172381e-02
1.144444e+01 -2.410688e-01 -2.106426e-02
1.155556e+01 -2.359679e-01 -2.042030e-02
1.166667e+01 -2.309047e-01 -1.979183e-02
1.177778e+01 -2.258830e-01 -1.917874e-02
1.188889e+01 -2.209062e-01 -1.858090e-02
1.200000e+01 -2.159779e-01 -1.799815e-02
1.211111e+01 -2.111008e-01 -1.743034e-02
1.222222e+01 -2.062779e-01 -1.687729e-02
1.233333e+01 -2.015117e-01 -1.633879e-02
1.244444e+01 -1.968045e-01 -1.581465e-02
1.255556e+01 -1.921585e-01 -1.530466e-02
1.266667e+01 -1.875754e-01 -1.480858e-02
1.277778e+01 -1.830571e-01 -1.432620e-02
1.288889e+01 -1.786049e-01 -1.385728e-02
1.300000e+01 -1.742204e-01 -1.340157e-02
1.311111e+01 -1.699046e-01 -1.295882e-02
1.322222e+01 -1.656585e-01 -1.252880e-02
1.333333e+01 -1.614831e-01 -1.211123e-02
1.344444e+01 -1.573790e-01 -1.170587e-02
1.355556e+01 -1.533467e-01 -1.131246e-02
1.366667e+01 -1.493868e-01 -1.093074e-02
1.377778e+01 -1.454996e-01 -1.056046e-02
1.388889e+01 -1.416853e-01 -1.020134e-02
1.400000e+01 -1.379439e-01 -9.853137e-03
1.411111e+01 -1.342755e-01 -9.515590e-03
1.422222e+01 -1.306801e-01 -9.188443e-03
1.433333e+01 -1.271573e-01 -8.871442e-03
1.444444e+01 -1.237071e-01 -8.564334e-03
1.455556e+01 -1.203289e-01 -8.266870e-03
1.466667e+01 -1.170224e-01 -7.978803e-03
1.477778e+01 -1.137872e-01 -7.699888e-03
1.488889e+01 -1.106227e-01 -7.429884e-03
1.500000e+01 -1.075283e-01 -7.168554e-03
1.511111e+01 -1.045033e-01 -6.915663e-03
1.522222e+01 -1.015471e-01 -6.670980e-03
1.533333e+01 -9.865895e-02 -6.434279e-03
1.544444e+01 -9.583799e-02 -6.205337e-03
1.555556e+01 -9.308344e-02 -5.983935e-03
1.566667e+01 -9.039445e-02 -5.769858e-03
1.577778e+01 -8.777014e-02 -5.562896e-03
1.588889e+01 -8.520959e-02 -5.362842e-03
1.600000e+01 -8.271189e-02 -5.169493e-03
1.611111e+01 -8.027606e-02 -4.982652e-03
1.622222e+01 -7.790115e-02 -4.802125e-03
1.633333e+01 -7.558615e-02 -4.627724e-03
1.644444e+01 -7.333008e-02 -4.459261e-03
1.655556e+01 -7.113190e-02 -4.296558e-03
1.666667e+01 -6.899061e-02 -4.139436e-03
1.677778e+01 -6.690516e-02 -3.987725e-03
1.688889e+01 -6.487454e-02 -3.841256e-03
1.700000e+01 -6.289769e-02 -3.699864e-03
1.711111e+01 -6.097358e-02 -3.563391e-03
1.722222e+01 -5.910116e-02 -3.431680e-03
1.733333e+01 -5.727940e-02 -3.304581e-03
1.744444e+01 -5.550726e-02 -3.181945e-03
1.755556e+01 -5.378370e-02 -3.063629e-03
1.766667e+01 -5.210770e-02 -2.949492e-03
1.777778e+01 -5.047822e-02 -2.839400e-03
1.788889e+01 -4.889427e-02 -2.733220e-03
1.800000e+01 -4.735482e-02 -2.630823e-03
1.811111e+01 -4.585888e-02 -2.532086e-03
1.822222e+01 -4.440546e-02 -2.436885e-03
1.833333e+01 -4.299358e-02 -2.345104e-03
1.844444e+01 -4.162227e-02 -2.256629e-03
1.855556e+01 -4.029056e-02 -2.171348e-03
1.866667e+01 -3.899752e-02 -2.089153e-03
1.877778e+01 -3.774222e-02 -2.009941e-03
1.888889e+01 -3.652372e-02 -1.933609e-03
1.900000e+01 -3.534113e-02 -1.860059e-03
1.911111e+01 -3.419355e-02 -1.789197e-03
1.922222e+01 -3.308010e-02 -1.720930e-03
1.933333e+01 -3.199992e-02 -1.655168e-03
1.944444e+01 -3.095215e-02 -1.591825e-03
1.955556e+01 -2.993596e-02 -1.530816e-03
1.966667e+01 -2.895054e-02 -1.472061e-03
1.977778e+01 -2.799506e-02 -1.415480e-03
1.988889e+01 -2.706874e-02 -1.360998e-03
2.000000e+01 -2.617080e-02 -1.308540e-03
2.022222e+01 -2.445702e-02 -1.209413e-03
2.044444e+01 -2.284786e-02 -1.117558e-03
2.066667e+01 -2.133761e-02 -1.032465e-03
2.088889e+01 -1.992085e-02 -9.536576e-04
2.111111e+01 -1.859236e-02 -8.806905e-04
2.133333e+01 -1.734717e-02 -8.131488e-04
2.155556e+01 -1.618057e-02 -7.506450e-04
2.177778e+01 -1.508803e-02 -6.928178e-04
2.200000e+01 -1.406527e-02 -6.393303e-04
2.222222e+01 -1.310819e-02 -5.898685e-04
2.244444e+01 -1.221292e-02 -5.441401e-04
2.266667e+01 -1.137578e-02 -5.018726e-04
2.288889e+01 -1.059326e-02 -4.628125e-04
2.311111e+01 -9.862068e-03 -4.267241e-04
2.333333e+01 -9.179054e-03 -3.933880e-04
2.355556e+01 -8.541255e-03 -3.626005e-04
2.377778e+01 -7.945868e-03 -3.341720e-04
2.400000e+01 -7.390247e-03 -3.079269e-04
2.422222e+01 -6.871892e-03 -2.837019e-04
2.444444e+01 -6.388448e-03 -2.613456e-04
2.466667e+01 -5.937698e-03 -2.407175e-04
2.488889e+01 -5.517553e-03 -2.216874e-04
2.511111e+01 -5.126045e-03 -2.041345e-04
2.533333e+01 -4.761326e-03 -1.879471e-04
2.555556e+01 -4.421657e-03 -1.730214e-04
2.577778e+01 -4.105402e-03 -1.592613e-04
2.600000e+01 -3.811023e-03 -1.465778e-04
2.622222e+01 -3.537071e-03 -1.348883e-04
2.644444e+01 -3.282182e-03 -1.241161e-04
2.666667e+01 -3.045071e-03 -1.141902e-04
2.688889e+01 -2.824588e-03 -1.050467e-04
2.711111e+01 -2.619594e-03 -9.662436e-05
2.733333e+01 -2.429046e-03 -8.886752e-05
2.755556e+01 -2.251966e-03 -8.172459e-05
2.777778e+01 -2.087441e-03 -7.514787e-05
2.800000e+01 -1.934611e-03 -6.909325e-05
2.822222e+01 -1.792676e-03 -6.352000e-05
2.844444e+01 -1.660884e-03 -5.839047e-05
2.866667e+01 -1.538536e-03 -5.366988e-05
2.888889e+01 -1.424977e-03 -4.932613e-05
2.911111e+01 -1.319595e-03 -4.532961e-05
2.933333e+01 -1.221820e-03 -4.165296e-05
2.955556e+01 -1.131120e-03 -3.827097e-05
2.977778e+01 -1.046998e-03 -3.516037e-05
3.000000e+01 -9.689906e-04 -3.229969e-05
3.022222e+01 -8.966674e-04 -2.966914e-05
3.044444e+01 -8.296259e-04 -2.725049e-05
3.066667e+01 -7.674912e-04 -2.502689e-05
3.088889e+01 -7.099142e-04 -2.298283e-05
3.111111e+01 -6.565693e-04 -2.110401e-05
3.133333e+01 -6.071536e-04 -1.937724e-05
3.155556e+01 -5.613847e-04 -1.779036e-05
3.177778e+01 -5.189997e-04 -1.633216e-05
3.200000e+01 -4.797541e-04 -1.499232e-05
3.222222e+01 -4.434202e-04 -1.376132e-05
3.244444e+01 -4.097866e-04 -1.263041e-05
3.266667e+01 -3.786572e-04 -1.159155e-05
3.288889e+01 -3.498501e-04 -1.063733e-05
3.311111e+01 -3.231974e-04 -9.760994e-06
3.333333e+01 -2.985444e-04 -8.956331e-06
3.355556e+01 -2.757388e-04 -8.217381e-06
3.377778e+01 -2.546457e-04 -7.538854e-06
3.400000e+01 -2.351398e-04 -6.915877e-06
3.422222e+01 -2.171043e-04 -6.343957e-06
3.444444e+01 -2.004308e-04 -5.818958e-06
3.466667e+01 -1.850183e-04 -5.337067e-06
3.488889e+01 -1.707734e-04 -4.894778e-06
3.511111e+01 -1.576090e-04 -4.488863e-06
3.533333e+01 -1.454445e-04 -4.116355e-06
3.555556e+01 -1.342054e-04 -3.774526e-06
3.577778e+01 -1.238223e-04 -3.460871e-06
3.600000e+01 -1.142311e-04 -3.173085e-06
3.622222e+01 -1.053724e-04 -2.909053e-06
3.644444e+01 -9.719120e-05 -2.666832e-06
3.666667e+01 -8.963661e-05 -2.444635e-06
3.688889e+01 -8.266147e-05 -2.240823e-06
3.711111e+01 -7.622210e-05 -2.053889e-06
3.733333e+01 -7.027807e-05 -1.882448e-06
3.755556e+01 -6.479190e-05 -1.725228e-06
3.777778e+01 -5.972888e-05 -1.581059e-06
3.800000e+01 -5.505686e-05 -1.448865e-06
3.822222e+01 -5.074602e-05 -1.327657e-06
3.844444e+01 -4.676876e-05 -1.216528e-06
3.866667e+01 -4.309952e-05 -1.114643e-06
3.888889e+01 -3.971466e-05 -1.021234e-06
3.911111e+01 -3.659235e-05 -9.355997e-07
3.933333e+01 -3.371247e-05 -8.570967e-07
3.955556e+01 -3.105658e-05 -7.851382e-07
3.977778e+01 -2.860782e-05 -7.191911e-07
4.000000e+01 -2.635092e-05 -6.587731e-07
4.044444e+01 -2.235567e-05 -5.527500e-07
4.088889e+01 -1.895475e-05 -4.635673e-07
4.133333e+01 -1.606414e-05 -3.886487e-07
4.177778e+01 -1.361028e-05 -3.257779e-07
4.222222e+01 -1.152907e-05 -2.730570e-07
4.266667e+01 -9.764991e-06 -2.288670e-07
4.311111e+01 -8.270141e-06 -1.918332e-07
4.355556e+01 -7.003445e-06 -1.607934e-07
4.400000e+01 -5.929848e-06 -1.347693e-07
4.444444e+01 -5.019585e-06 -1.129407e-07
4.488889e+01 -4.247502e-06 -9.462256e-08
4.533333e+01 -3.592421e-06 -7.924458e-08
4.577778e+01 -3.036568e-06 -6.633279e-08
4.622222e+01 -2.565042e-06 -5.549370e-08
4.666667e+01 -2.165348e-06 -4.640031e-08
4.711111e+01 -1.826972e-06 -3.878006e-08
4.755556e+01 -1.541012e-06 -3.240447e-08
4.800000e+01 -1.299867e-06 -2.708057e-08
4.844444e+01 -1.096966e-06 -2.264379e-08
4.888889e+01 -9.265599e-07 -1.895236e-08
4.933333e+01 -7.835613e-07 -1.588300e-08
4.977778e+01 -6.634366e-07 -1.332797e-08
5.022222e+01 -5.621510e-07 -1.119327e-08
5.066667e+01 -4.761648e-07 -9.397990e-09
5.111111e+01 -4.024835e-07 -7.874677e-09
5.155556e+01 -3.387583e-07 -6.570744e-09
5.200000e+01 -2.834404e-07 -5.450776e-09
5.244444e+01 -2.359860e-07 -4.499733e-09
5.288889e+01 -1.971153e-07 -3.726969e-09
5.333333e+01 -1.691218e-07 -3.171034e-09
5.422222e+01 -1.209501e-07 -2.230637e-09
5.511111e+01 -8.554391e-08 -1.552208e-09
5.600000e+01 -5.998102e-08 -1.071090e-09
5.688889e+01 -4.186513e-08 -7.359105e-10
5.777778e+01 -2.926097e-08 -5.064398e-10
5.866667e+01 -2.063342e-08 -3.517061e-10
5.955556e+01 -1.479082e-08 -2.483533e-10
6.044444e+01 -1.083224e-08 -1.792098e-10
6.133333e+01 -8.098917e-09 -1.320476e-10
6.222222e+01 -6.129792e-09 -9.851451e-11
6.311111e+01 -4.621056e-09 -7.322096e-11
6.400000e+01 -3.389851e-09 -5.296642e-11
6.488889e+01 -2.342027e-09 -3.609289e-11
6.577778e+01 -1.443994e-09 -2.195262e-11
6.666667e+01 -6.986558e-10 -1.047984e-11
6.755556e+01 -1.254318e-10 -1.856720e-12
6.844444e+01 2.556331e-10 3.734899e-12
6.933333e+01 4.356749e-10 6.283772e-12
7.022222e+01 4.247301e-10 6.048371e-12
7.111111e+01 2.553685e-10 3.591119e-12
7.200000e+01 -1.775995e-11 -2.466659e-13
7.288889e+01 -3.224644e-10 -4.424055e-12
7.377778e+01 -5.776390e-10 -7.829444e-12
7.466667e+01 -7.059744e-10 -9.455014e-12
7.555556e+01 -6.507561e-10 -8.612948e-12
7.644444e+01 -3.967485e-10 -5.190024e-12
7.733333e+01 4.834183e-12 6.251098e-14
7.822222e+01 4.072715e-10 5.206596e-12
7.911111e+01 5.351936e-10 6.765087e-12
8.000000e+01 -5.264813e-11 -6.581016e-13
8.026667e+01 -4.731016e-11 -5.894123e-13
8.053333e+01 -4.251099e-11 -5.278682e-13
8.080000e+01 -3.819718e-11 -4.727373e-13
8.106667e+01 -3.432025e-11 -4.233584e-13
8.133333e+01 -3.083633e-11 -3.791352e-13
8.160000e+01 -2.770572e-11 -3.395309e-13
8.186667e+01 -2.489265e-11 -3.040633e-13
8.213333e+01 -2.236485e-11 -2.722993e-13
8.240000e+01 -2.009332e-11 -2.438510e-13
8.266667e+01 -1.805201e-11 -2.183711e-13
8.293333e+01 -1.621751e-11 -1.955487e-13
8.320000e+01 -1.456884e-11 -1.751063e-13
8.346667e+01 -1.308720e-11 -1.567955e-13
8.373333e+01 -1.175572e-11 -1.403947e-13
8.400000e+01 -1.055927e-11 -1.257056e-13
8.426667e+01 -9.484280e-12 -1.125508e-13
8.453333e+01 -8.518544e-12 -1.007714e-13
8.480000e+01 -7.651080e-12 -9.022500e-14
8.506667e+01 -6.871990e-12 -8.078358e-14
8.533333e+01 -6.172332e-12 -7.233201e-14
8.560000e+01 -5.544021e-12 -6.476660e-14
8.586667e+01 -4.979741e-12 -5.799387e-14
8.613333e+01 -4.472872e-12 -5.192963e-14
8.640000e+01 -4.017441e-12 -4.649816e-14
8.666667e+01 -3.608084e-12 -4.163173e-14
8.693333e+01 -3.240025e-12 -3.727023e-14
8.720000e+01 -2.909080e-12 -3.336101e-14
8.746667e+01 -2.611668e-12 -2.985901e-14
8.773333e+01 -2.344845e-12 -2.672695e-14
8.800000e+01 -2.106353e-12 -2.393583e-14
8.829333e+01 -1.871124e-12 -2.119213e-14
8.858667e+01 -1.662046e-12 -1.876181e-14
8.888000e+01 -1.476272e-12 -1.660972e-14
8.917333e+01 -1.311240e-12 -1.470440e-14
8.946667e+01 -1.164655e-12 -1.301775e-14
8.976000e+01 -1.034461e-12 -1.152474e-14
9.005333e+01 -9.188234e-13 -1.020310e-14
9.034667e+01 -8.161092e-13 -9.033086e-15
9.064000e+01 -7.248653e-13 -7.997190e-15
9.093333e+01 -6.438026e-13 -7.079941e-15
9.122667e+01 -5.717786e-13 -6.267669e-15
9.152000e+01 -5.077817e-13 -5.548314e-15
9.181333e+01 -4.509170e-13 -4.911237e-15
9.210667e+01 -4.003925e-13 -4.347052e-15
9.240000e+01 -3.555068e-13 -3.847476e-15
9.269333e+01 -3.156382e-13 -3.405187e-15
9.298667e+01 -2.802343e-13 -3.013704e-15
9.328000e+01 -2.488033e-13 -2.667273e-15
9.357333e+01 -2.209059e-13 -2.360779e-15
9.386667e+01 -1.961490e-13 -2.089655e-15
9.416000e+01 -1.741793e-13 -1.849823e-15
9.445333e+01 -1.546799e-13 -1.637633e-15
9.474667e+01 -1.373658e-13 -1.449822e-15
9.504000e+01 -1.219824e-13 -1.283485e-15
9.533333e+01 -1.083043e-13 -1.136059e-15
9.562667e+01 -9.613470e-14 -1.005313e-15
9.592000e+01 -8.530727e-14 -8.893585e-16
9.621333e+01 -7.568778e-14 -7.866662e-16
9.650667e+01 -6.717769e-14 -6.960938e-16
9.680000e+01 -5.971853e-14 -6.169270e-16
9.712267e+01 -5.236359e-14 -5.391490e-16
9.744533e+01 -4.591348e-14 -4.711716e-16
9.776800e+01 -4.025899e-14 -4.117809e-16
9.809067e+01 -3.530307e-14 -3.599025e-16
9.841333e+01 -3.095974e-14 -3.145888e-16
9.873600e+01 -2.715304e-14 -2.750065e-16
9.905867e+01 -2.381613e-14 -2.404245e-16
9.938133e+01 -2.089032e-14 -2.102036e-16
9.970400e+01 -1.832420e-14 -1.837860e-16
1.000267e+02 -1.607288e-14 -1.606860e-16
1.003493e+02 -1.409723e-14 -1.404816e-16
1.006720e+02 -1.236316e-14 -1.228064e-16
1.009947e+02 -1.084099e-14 -1.073422e-16
1.013173e+02 -9.504899e-15 -9.381316e-17
1.016400e+02 -8.332345e-15 -8.197900e-17
1.019627e+02 -7.303636e-15 -7.163049e-17
1.022853e+02 -6.401490e-15 -6.258463e-17
1.026080e+02 -5.610678e-15 -5.468071e-17
1.029307e+02 -4.917719e-15 -4.777700e-17
1.032533e+02 -4.310623e-15 -4.174803e-17
1.035760e+02 -3.778701e-15 -3.648240e-17
1.038987e+02 -3.312418e-15 -3.188124e-17
1.042213e+02 -2.903311e-15 -2.785717e-17
1.045440e+02 -2.543957e-15 -2.433384e-17
1.048667e+02 -2.227995e-15 -2.124598e-17
1.051893e+02 -1.950211e-15 -1.854001e-17
1.055120e+02 -1.706670e-15 -1.617512e-17
1.058347e+02 -1.494904e-15 -1.412490e-17
1.061573e+02 -1.314165e-15 -1.237941e-17
1.064800e+02 -1.165716e-15 -1.094775e-17
1.068349e+02 -9.984745e-16 -9.345955e-18
1.071899e+02 -8.585300e-16 -8.009433e-18
1.075448e+02 -7.405540e-16 -6.886005e-18
1.078997e+02 -6.402510e-16 -5.933759e-18
1.082547e+02 -5.542106e-16 -5.119507e-18
1.086096e+02 -4.797701e-16 -4.417382e-18
1.089645e+02 -4.148884e-16 -3.807555e-18
1.093195e+02 -3.580298e-16 -3.275078e-18
1.096744e+02 -3.080592e-16 -2.808852e-18
1.100293e+02 -2.641481e-16 -2.400706e-18
1.103843e+02 -2.256912e-16 -2.044595e-18
1.107392e+02 -1.922336e-16 -1.735913e-18
1.110941e+02 -1.634097e-16 -1.470912e-18
1.114491e+02 -1.388915e-16 -1.246233e-18
1.118040e+02 -1.183491e-16 -1.058541e-18
1.121589e+02 -1.014210e-16 -9.042615e-19
1.125139e+02 -8.769579e-17 -7.794221e-19
1.128688e+02 -7.670421e-17 -6.795874e-19
1.132237e+02 -6.792242e-17 -5.998956e-19
1.135787e+02 -6.078575e-17 -5.351864e-19
1.139336e+02 -5.471344e-17 -4.802222e-19
1.142885e+02 -4.914408e-17 -4.300001e-19
1.146435e+02 -4.358189e-17 -3.801516e-19
1.149984e+02 -3.765383e-17 -3.274291e-19
1.153533e+02 -3.117741e-17 -2.702775e-19
1.157083e+02 -2.423945e-17 -2.094876e-19
1.160632e+02 -1.728549e-17 -1.489317e-19
1.164181e+02 -1.122012e-17 -9.637774e-20
1.167731e+02 -7.517999e-18 -6.438128e-20
1.171280e+02 -8.345811e-18 -7.125377e-20
1.175184e+02 -8.342939e-18 -7.099260e-20
1.179089e+02 -7.988037e-18 -6.774756e-20
1.182993e+02 -7.470744e-18 -6.315122e-20
1.186897e+02 -6.910486e-18 -5.822313e-20
1.190801e+02 -6.371448e-18 -5.350555e-20
1.194706e+02 -5.876129e-18 -4.918474e-20
1.198610e+02 -5.417505e-18 -4.519823e-20
1.202514e+02 -4.969782e-18 -4.132826e-20
1.206418e+02 -4.497746e-18 -3.728181e-20
1.210323e+02 -3.964709e-18 -3.275745e-20
1.214227e+02 -3.339047e-18 -2.749937e-20
1.218131e+02 -2.599346e-18 -2.133880e-20
1.222035e+02 -1.738126e-18 -1.422321e-20
1.225940e+02 -7.641780e-19 -6.233406e-21
1.229844e+02 2.965161e-19 2.411006e-21
1.233748e+02 1.401259e-18 1.135774e-20
1.237653e+02 2.492521e-18 2.013910e-20
1.241557e+02 3.501229e-18 2.820031e-20
1.245461e+02 4.351457e-18 3.493852e-20
1.249365e+02 4.966518e-18 3.975232e-20
1.253270e+02 5.276468e-18 4.210162e-20
1.257174e+02 5.227007e-18 4.157744e-20
1.261078e+02 4.789787e-18 3.798168e-20
1.264982e+02 3.974121e-18 3.141642e-20
1.268887e+02 2.840105e-18 2.238265e-20
1.272791e+02 1.513130e-18 1.188829e-20
1.276695e+02 1.998118e-19 1.565071e-21
1.280599e+02 -7.946846e-19 -6.205567e-21
1.284504e+02 -1.047911e-18 -8.158099e-21
1.288408e+02 0.000000e+00
