# 
# Output from EIGENRAD program.
# 
# Eigenfunction for specific electronic state.
# The first column contains radius $r$ in bohr units.
# The second column holds value of eginefunction.
# 
# Use this file with gnuplot to create the plot.
#
0.000000e+00 0.000000e+00 -1.091368e-01
1.388889e-02 -1.515694e-03 -1.091299e-01
2.777778e-02 -3.030818e-03 -1.091094e-01
4.166667e-02 -4.544804e-03 -1.090753e-01
5.555556e-02 -6.057086e-03 -1.090276e-01
6.944444e-02 -7.567099e-03 -1.089662e-01
8.333333e-02 -9.074277e-03 -1.088913e-01
9.722222e-02 -1.057806e-02 -1.088029e-01
1.111111e-01 -1.207789e-02 -1.087010e-01
1.250000e-01 -1.357322e-02 -1.085858e-01
1.388889e-01 -1.506349e-02 -1.084571e-01
1.527778e-01 -1.654816e-02 -1.083153e-01
1.666667e-01 -1.802670e-02 -1.081602e-01
1.805556e-01 -1.949856e-02 -1.079920e-01
1.944444e-01 -2.096322e-02 -1.078108e-01
2.083333e-01 -2.242016e-02 -1.076168e-01
2.222222e-01 -2.386886e-02 -1.074099e-01
2.361111e-01 -2.530883e-02 -1.071903e-01
2.500000e-01 -2.673955e-02 -1.069582e-01
2.638889e-01 -2.816054e-02 -1.067136e-01
2.777778e-01 -2.957133e-02 -1.064568e-01
2.916667e-01 -3.097142e-02 -1.061877e-01
3.055556e-01 -3.236037e-02 -1.059067e-01
3.194444e-01 -3.373772e-02 -1.056137e-01
3.333333e-01 -3.510301e-02 -1.053090e-01
3.472222e-01 -3.645583e-02 -1.049928e-01
3.611111e-01 -3.779573e-02 -1.046651e-01
3.750000e-01 -3.912232e-02 -1.043262e-01
3.888889e-01 -4.043518e-02 -1.039762e-01
4.027778e-01 -4.173391e-02 -1.036152e-01
4.166667e-01 -4.301815e-02 -1.032436e-01
4.305556e-01 -4.428752e-02 -1.028613e-01
4.444444e-01 -4.554165e-02 -1.024687e-01
4.583333e-01 -4.678020e-02 -1.020659e-01
4.722222e-01 -4.800283e-02 -1.016531e-01
4.861111e-01 -4.920921e-02 -1.012304e-01
5.000000e-01 -5.039903e-02 -1.007981e-01
5.138889e-01 -5.157198e-02 -1.003563e-01
5.277778e-01 -5.272777e-02 -9.990526e-02
5.416667e-01 -5.386612e-02 -9.944515e-02
5.555556e-01 -5.498676e-02 -9.897616e-02
5.694444e-01 -5.608942e-02 -9.849849e-02
5.833333e-01 -5.717386e-02 -9.801232e-02
5.972222e-01 -5.823984e-02 -9.751787e-02
6.111111e-01 -5.928713e-02 -9.701531e-02
6.250000e-01 -6.031553e-02 -9.650484e-02
6.388889e-01 -6.132481e-02 -9.598666e-02
6.527778e-01 -6.231480e-02 -9.546097e-02
6.666667e-01 -6.328530e-02 -9.492795e-02
6.805556e-01 -6.423615e-02 -9.438781e-02
6.944444e-01 -6.516717e-02 -9.384072e-02
7.083333e-01 -6.607822e-02 -9.328690e-02
7.222222e-01 -6.696915e-02 -9.272652e-02
7.361111e-01 -6.783984e-02 -9.215978e-02
7.500000e-01 -6.869014e-02 -9.158686e-02
7.638889e-01 -6.951997e-02 -9.100796e-02
7.777778e-01 -7.032920e-02 -9.042325e-02
7.916667e-01 -7.111774e-02 -8.983294e-02
8.055556e-01 -7.188551e-02 -8.923719e-02
8.194444e-01 -7.263243e-02 -8.863618e-02
8.333333e-01 -7.335843e-02 -8.803011e-02
8.611111e-01 -7.474743e-02 -8.680346e-02
8.888889e-01 -7.605213e-02 -8.555865e-02
9.166667e-01 -7.727229e-02 -8.429704e-02
9.444444e-01 -7.840775e-02 -8.301997e-02
9.722222e-01 -7.945851e-02 -8.172875e-02
1.000000e+00 -8.042465e-02 -8.042465e-02
1.027778e+00 -8.130638e-02 -7.910891e-02
1.055556e+00 -8.210399e-02 -7.778273e-02
1.083333e+00 -8.281788e-02 -7.644727e-02
1.111111e+00 -8.344852e-02 -7.510367e-02
1.138889e+00 -8.399648e-02 -7.375301e-02
1.166667e+00 -8.446241e-02 -7.239635e-02
1.194444e+00 -8.484702e-02 -7.103471e-02
1.222222e+00 -8.515110e-02 -6.966908e-02
1.250000e+00 -8.537551e-02 -6.830041e-02
1.277778e+00 -8.552117e-02 -6.692961e-02
1.305556e+00 -8.558903e-02 -6.555756e-02
1.333333e+00 -8.558014e-02 -6.418510e-02
1.361111e+00 -8.549556e-02 -6.281306e-02
1.388889e+00 -8.533641e-02 -6.144222e-02
1.416667e+00 -8.510386e-02 -6.007331e-02
1.444444e+00 -8.479911e-02 -5.870707e-02
1.472222e+00 -8.442339e-02 -5.734419e-02
1.500000e+00 -8.397797e-02 -5.598531e-02
1.527778e+00 -8.346415e-02 -5.463108e-02
1.555556e+00 -8.288325e-02 -5.328209e-02
1.583333e+00 -8.223663e-02 -5.193892e-02
1.611111e+00 -8.152566e-02 -5.060213e-02
1.638889e+00 -8.075172e-02 -4.927223e-02
1.666667e+00 -7.991622e-02 -4.794973e-02
1.722222e+00 -7.806635e-02 -4.532885e-02
1.777778e+00 -7.598733e-02 -4.274287e-02
1.833333e+00 -7.369094e-02 -4.019506e-02
1.888889e+00 -7.118898e-02 -3.768829e-02
1.944444e+00 -6.849327e-02 -3.522511e-02
2.000000e+00 -6.561560e-02 -3.280780e-02
2.055556e+00 -6.256771e-02 -3.043834e-02
2.111111e+00 -5.936124e-02 -2.811848e-02
2.166667e+00 -5.600775e-02 -2.584973e-02
2.222222e+00 -5.251864e-02 -2.363339e-02
2.277778e+00 -4.890518e-02 -2.147057e-02
2.333333e+00 -4.517843e-02 -1.936219e-02
2.388889e+00 -4.134929e-02 -1.730900e-02
2.444444e+00 -3.742841e-02 -1.531162e-02
2.500000e+00 -3.342623e-02 -1.337049e-02
2.555556e+00 -2.935296e-02 -1.148594e-02
2.611111e+00 -2.521852e-02 -9.658156e-03
2.666667e+00 -2.103259e-02 -7.887220e-03
2.722222e+00 -1.680456e-02 -6.173104e-03
2.777778e+00 -1.254356e-02 -4.515680e-03
2.833333e+00 -8.258400e-03 -2.914730e-03
2.888889e+00 -3.957636e-03 -1.369951e-03
2.944444e+00 3.504897e-04 1.190343e-04
3.000000e+00 4.658018e-03 1.552673e-03
3.055556e+00 8.957279e-03 2.931473e-03
3.111111e+00 1.324089e-02 4.256000e-03
3.166667e+00 1.750174e-02 5.526865e-03
3.222222e+00 2.173300e-02 6.744723e-03
3.277778e+00 2.592809e-02 7.910265e-03
3.333333e+00 3.008069e-02 9.024208e-03
3.388889e+00 3.418503e-02 1.008739e-02
3.444444e+00 3.823535e-02 1.110058e-02
3.500000e+00 4.222623e-02 1.206464e-02
3.555556e+00 4.615253e-02 1.298040e-02
3.611111e+00 5.000938e-02 1.384875e-02
3.666667e+00 5.379217e-02 1.467059e-02
3.722222e+00 5.749653e-02 1.544683e-02
3.777778e+00 6.111837e-02 1.617839e-02
3.833333e+00 6.465383e-02 1.686622e-02
3.888889e+00 6.809930e-02 1.751125e-02
3.944444e+00 7.145140e-02 1.811444e-02
4.000000e+00 7.470700e-02 1.867675e-02
4.055556e+00 7.786317e-02 1.919914e-02
4.111111e+00 8.091721e-02 1.968256e-02
4.166667e+00 8.386665e-02 2.012800e-02
4.222222e+00 8.670920e-02 2.053639e-02
4.277778e+00 8.944281e-02 2.090871e-02
4.333333e+00 9.206560e-02 2.124591e-02
4.388889e+00 9.457589e-02 2.154894e-02
4.444444e+00 9.697220e-02 2.181874e-02
4.500000e+00 9.925321e-02 2.205627e-02
4.555556e+00 1.014178e-01 2.226245e-02
4.611111e+00 1.034650e-01 2.243820e-02
4.666667e+00 1.053941e-01 2.258444e-02
4.722222e+00 1.072043e-01 2.270209e-02
4.777778e+00 1.088952e-01 2.279203e-02
4.833333e+00 1.104666e-01 2.285515e-02
4.888889e+00 1.119181e-01 2.289233e-02
4.944444e+00 1.132497e-01 2.290444e-02
5.000000e+00 1.144616e-01 2.289232e-02
5.055556e+00 1.155539e-01 2.285682e-02
5.111111e+00 1.165270e-01 2.279876e-02
5.166667e+00 1.173813e-01 2.271897e-02
5.222222e+00 1.181175e-01 2.261824e-02
5.277778e+00 1.187361e-01 2.249736e-02
5.333333e+00 1.192380e-01 2.235712e-02
5.388889e+00 1.196240e-01 2.219827e-02
5.444444e+00 1.198952e-01 2.202156e-02
5.500000e+00 1.200526e-01 2.182774e-02
5.555556e+00 1.200973e-01 2.161752e-02
5.611111e+00 1.200307e-01 2.139160e-02
5.666667e+00 1.198540e-01 2.115070e-02
5.722222e+00 1.195686e-01 2.089548e-02
5.777778e+00 1.191760e-01 2.062661e-02
5.833333e+00 1.186777e-01 2.034475e-02
5.888889e+00 1.180753e-01 2.005053e-02
5.944444e+00 1.173706e-01 1.974458e-02
6.000000e+00 1.165651e-01 1.942751e-02
6.055556e+00 1.156607e-01 1.909993e-02
6.111111e+00 1.146591e-01 1.876240e-02
6.166667e+00 1.135623e-01 1.841551e-02
6.222222e+00 1.123721e-01 1.805981e-02
6.277778e+00 1.110905e-01 1.769584e-02
6.333333e+00 1.097195e-01 1.732413e-02
6.388889e+00 1.082611e-01 1.694521e-02
6.444444e+00 1.067173e-01 1.655958e-02
6.500000e+00 1.050902e-01 1.616772e-02
6.555556e+00 1.033819e-01 1.577011e-02
6.611111e+00 1.015945e-01 1.536723e-02
6.666667e+00 9.973017e-02 1.495953e-02
6.777778e+00 9.577949e-02 1.413140e-02
6.888889e+00 9.154713e-02 1.328910e-02
7.000000e+00 8.705080e-02 1.243583e-02
7.111111e+00 8.230830e-02 1.157461e-02
7.222222e+00 7.733747e-02 1.070827e-02
7.333333e+00 7.215610e-02 9.839468e-03
7.444444e+00 6.678193e-02 8.970707e-03
7.555556e+00 6.123256e-02 8.104309e-03
7.666667e+00 5.552544e-02 7.242449e-03
7.777778e+00 4.967784e-02 6.387150e-03
7.888889e+00 4.370674e-02 5.540292e-03
8.000000e+00 3.762891e-02 4.703614e-03
8.111111e+00 3.146077e-02 3.878725e-03
8.222222e+00 2.521841e-02 3.067104e-03
8.333333e+00 1.891758e-02 2.270110e-03
8.444444e+00 1.257363e-02 1.488982e-03
8.555556e+00 6.201480e-03 7.248483e-04
8.666667e+00 -1.843476e-04 -2.127088e-05
8.777778e+00 -6.569794e-03 -7.484576e-04
8.888889e+00 -1.294126e-02 -1.455892e-03
9.000000e+00 -1.928562e-02 -2.142846e-03
9.111111e+00 -2.559022e-02 -2.808683e-03
9.222222e+00 -3.184292e-02 -3.452847e-03
9.333333e+00 -3.803205e-02 -4.074863e-03
9.444444e+00 -4.414645e-02 -4.674330e-03
9.555556e+00 -5.017546e-02 -5.250921e-03
9.666667e+00 -5.610890e-02 -5.804369e-03
9.777778e+00 -6.193709e-02 -6.334475e-03
9.888889e+00 -6.765081e-02 -6.841093e-03
1.000000e+01 -7.324133e-02 -7.324133e-03
1.011111e+01 -7.870061e-02 -7.783577e-03
1.022222e+01 -8.402096e-02 -8.219442e-03
1.033333e+01 -8.919514e-02 -8.631788e-03
1.044444e+01 -9.421643e-02 -9.020722e-03
1.055556e+01 -9.907858e-02 -9.386392e-03
1.066667e+01 -1.037758e-01 -9.728982e-03
1.077778e+01 -1.083028e-01 -1.004871e-02
1.088889e+01 -1.126546e-01 -1.034583e-02
1.100000e+01 -1.168269e-01 -1.062063e-02
1.111111e+01 -1.208157e-01 -1.087341e-02
1.122222e+01 -1.246172e-01 -1.110451e-02
1.133333e+01 -1.282285e-01 -1.131428e-02
1.144444e+01 -1.316466e-01 -1.150310e-02
1.155556e+01 -1.348692e-01 -1.167137e-02
1.166667e+01 -1.378942e-01 -1.181951e-02
1.177778e+01 -1.407201e-01 -1.194793e-02
1.188889e+01 -1.433454e-01 -1.205709e-02
1.200000e+01 -1.457693e-01 -1.214744e-02
1.211111e+01 -1.479911e-01 -1.221945e-02
1.222222e+01 -1.500104e-01 -1.227358e-02
1.233333e+01 -1.518273e-01 -1.231032e-02
1.244444e+01 -1.534421e-01 -1.233016e-02
1.255556e+01 -1.548552e-01 -1.233360e-02
1.266667e+01 -1.560676e-01 -1.232113e-02
1.277778e+01 -1.570804e-01 -1.229325e-02
1.288889e+01 -1.578949e-01 -1.225046e-02
1.300000e+01 -1.585126e-01 -1.219328e-02
1.311111e+01 -1.589354e-01 -1.212219e-02
1.322222e+01 -1.591653e-01 -1.203771e-02
1.333333e+01 -1.592045e-01 -1.194034e-02
1.344444e+01 -1.590554e-01 -1.183056e-02
1.355556e+01 -1.587205e-01 -1.170889e-02
1.366667e+01 -1.582028e-01 -1.157581e-02
1.377778e+01 -1.575050e-01 -1.143181e-02
1.388889e+01 -1.566302e-01 -1.127738e-02
1.400000e+01 -1.555818e-01 -1.111298e-02
1.411111e+01 -1.543629e-01 -1.093910e-02
1.422222e+01 -1.529770e-01 -1.075620e-02
1.433333e+01 -1.514278e-01 -1.056473e-02
1.444444e+01 -1.497190e-01 -1.036516e-02
1.455556e+01 -1.478542e-01 -1.015792e-02
1.466667e+01 -1.458373e-01 -9.943452e-03
1.477778e+01 -1.436723e-01 -9.722186e-03
1.488889e+01 -1.413632e-01 -9.494542e-03
1.500000e+01 -1.389140e-01 -9.260934e-03
1.511111e+01 -1.363289e-01 -9.021766e-03
1.522222e+01 -1.336120e-01 -8.777433e-03
1.533333e+01 -1.307676e-01 -8.528322e-03
1.544444e+01 -1.277998e-01 -8.274810e-03
1.555556e+01 -1.247131e-01 -8.017268e-03
1.566667e+01 -1.215115e-01 -7.756054e-03
1.577778e+01 -1.181995e-01 -7.491518e-03
1.588889e+01 -1.147814e-01 -7.224002e-03
1.600000e+01 -1.112614e-01 -6.953838e-03
1.611111e+01 -1.076440e-01 -6.681349e-03
1.622222e+01 -1.039333e-01 -6.406847e-03
1.633333e+01 -1.001337e-01 -6.130637e-03
1.644444e+01 -9.624957e-02 -5.853014e-03
1.655556e+01 -9.228504e-02 -5.574264e-03
1.666667e+01 -8.824439e-02 -5.294663e-03
1.677778e+01 -8.413182e-02 -5.014479e-03
1.688889e+01 -7.995150e-02 -4.733970e-03
1.700000e+01 -7.570757e-02 -4.453386e-03
1.711111e+01 -7.140412e-02 -4.172968e-03
1.722222e+01 -6.704522e-02 -3.892948e-03
1.733333e+01 -6.263486e-02 -3.613549e-03
1.744444e+01 -5.817700e-02 -3.334987e-03
1.755556e+01 -5.367554e-02 -3.057468e-03
1.766667e+01 -4.913435e-02 -2.781190e-03
1.777778e+01 -4.455721e-02 -2.506343e-03
1.788889e+01 -3.994785e-02 -2.233110e-03
1.800000e+01 -3.530995e-02 -1.961664e-03
1.811111e+01 -3.064713e-02 -1.692173e-03
1.822222e+01 -2.596293e-02 -1.424795e-03
1.833333e+01 -2.126083e-02 -1.159682e-03
1.844444e+01 -1.654425e-02 -8.969776e-04
1.855556e+01 -1.181653e-02 -6.368192e-04
1.866667e+01 -7.080953e-03 -3.793368e-04
1.877778e+01 -2.340715e-03 -1.246535e-04
1.888889e+01 2.401048e-03 1.271143e-04
1.900000e+01 7.141277e-03 3.758567e-04
1.911111e+01 1.187698e-02 6.214701e-04
1.922222e+01 1.660526e-02 8.638574e-04
1.933333e+01 2.132326e-02 1.102927e-03
1.944444e+01 2.602823e-02 1.338595e-03
1.955556e+01 3.071748e-02 1.570780e-03
1.966667e+01 3.538840e-02 1.799410e-03
1.977778e+01 4.003844e-02 2.024415e-03
1.988889e+01 4.466514e-02 2.245733e-03
2.000000e+01 4.926612e-02 2.463306e-03
2.022222e+01 5.838165e-02 2.887005e-03
2.044444e+01 6.736766e-02 3.295157e-03
2.066667e+01 7.620763e-02 3.687466e-03
2.088889e+01 8.488628e-02 4.063705e-03
2.111111e+01 9.338949e-02 4.423713e-03
2.133333e+01 1.017043e-01 4.767390e-03
2.155556e+01 1.098190e-01 5.094694e-03
2.177778e+01 1.177226e-01 5.405632e-03
2.200000e+01 1.254057e-01 5.700259e-03
2.222222e+01 1.328594e-01 5.978675e-03
2.244444e+01 1.400762e-01 6.241019e-03
2.266667e+01 1.470493e-01 6.487467e-03
2.288889e+01 1.537728e-01 6.718228e-03
2.311111e+01 1.602418e-01 6.933540e-03
2.333333e+01 1.664523e-01 7.133669e-03
2.355556e+01 1.724009e-01 7.318906e-03
2.377778e+01 1.780852e-01 7.489563e-03
2.400000e+01 1.835033e-01 7.645972e-03
2.422222e+01 1.886543e-01 7.788479e-03
2.444444e+01 1.935377e-01 7.917449e-03
2.466667e+01 1.981537e-01 8.033257e-03
2.488889e+01 2.025031e-01 8.136287e-03
2.511111e+01 2.065875e-01 8.226934e-03
2.533333e+01 2.104085e-01 8.305600e-03
2.555556e+01 2.139687e-01 8.372689e-03
2.577778e+01 2.172709e-01 8.428611e-03
2.600000e+01 2.203182e-01 8.473776e-03
2.622222e+01 2.231143e-01 8.508596e-03
2.644444e+01 2.256631e-01 8.533480e-03
2.666667e+01 2.279689e-01 8.548834e-03
2.688889e+01 2.300364e-01 8.555073e-03
2.711111e+01 2.318704e-01 8.552596e-03
2.733333e+01 2.334760e-01 8.541804e-03
2.755556e+01 2.348585e-01 8.523091e-03
2.777778e+01 2.360235e-01 8.496845e-03
2.800000e+01 2.369766e-01 8.463448e-03
2.822222e+01 2.377236e-01 8.423276e-03
2.844444e+01 2.382704e-01 8.376695e-03
2.866667e+01 2.386232e-01 8.324066e-03
2.888889e+01 2.387880e-01 8.265739e-03
2.911111e+01 2.387710e-01 8.202058e-03
2.933333e+01 2.385785e-01 8.133357e-03
2.955556e+01 2.382166e-01 8.059961e-03
2.977778e+01 2.376917e-01 7.982186e-03
3.000000e+01 2.370101e-01 7.900338e-03
3.022222e+01 2.361780e-01 7.814714e-03
3.044444e+01 2.352017e-01 7.725603e-03
3.066667e+01 2.340873e-01 7.633281e-03
3.088889e+01 2.328410e-01 7.538018e-03
3.111111e+01 2.314689e-01 7.440071e-03
3.133333e+01 2.299770e-01 7.339691e-03
3.155556e+01 2.283712e-01 7.237117e-03
3.177778e+01 2.266575e-01 7.132578e-03
3.200000e+01 2.248415e-01 7.026297e-03
3.222222e+01 2.229289e-01 6.918484e-03
3.244444e+01 2.209254e-01 6.809343e-03
3.266667e+01 2.188362e-01 6.699068e-03
3.288889e+01 2.166668e-01 6.587843e-03
3.311111e+01 2.144224e-01 6.475846e-03
3.333333e+01 2.121082e-01 6.363245e-03
3.355556e+01 2.097289e-01 6.250199e-03
3.377778e+01 2.072895e-01 6.136861e-03
3.400000e+01 2.047947e-01 6.023374e-03
3.422222e+01 2.022491e-01 5.909876e-03
3.444444e+01 1.996571e-01 5.796496e-03
3.466667e+01 1.970230e-01 5.683355e-03
3.488889e+01 1.943510e-01 5.570569e-03
3.511111e+01 1.916451e-01 5.458246e-03
3.533333e+01 1.889092e-01 5.346488e-03
3.555556e+01 1.861472e-01 5.235389e-03
3.577778e+01 1.833625e-01 5.125039e-03
3.600000e+01 1.805588e-01 5.015521e-03
3.622222e+01 1.777393e-01 4.906913e-03
3.644444e+01 1.749074e-01 4.799288e-03
3.666667e+01 1.720661e-01 4.692710e-03
3.688889e+01 1.692183e-01 4.587244e-03
3.711111e+01 1.663670e-01 4.482944e-03
3.733333e+01 1.635149e-01 4.379865e-03
3.755556e+01 1.606646e-01 4.278052e-03
3.777778e+01 1.578185e-01 4.177549e-03
3.800000e+01 1.549791e-01 4.078396e-03
3.822222e+01 1.521485e-01 3.980629e-03
3.844444e+01 1.493289e-01 3.884277e-03
3.866667e+01 1.465223e-01 3.789370e-03
3.888889e+01 1.437306e-01 3.695931e-03
3.911111e+01 1.409558e-01 3.603982e-03
3.933333e+01 1.381993e-01 3.513542e-03
3.955556e+01 1.354629e-01 3.424625e-03
3.977778e+01 1.327482e-01 3.337244e-03
4.000000e+01 1.300564e-01 3.251410e-03
4.044444e+01 1.247470e-01 3.084404e-03
4.088889e+01 1.195444e-01 2.923640e-03
4.133333e+01 1.144568e-01 2.769117e-03
4.177778e+01 1.094912e-01 2.620800e-03
4.222222e+01 1.046534e-01 2.478634e-03
4.266667e+01 9.994823e-02 2.342537e-03
4.311111e+01 9.537937e-02 2.212408e-03
4.355556e+01 9.094973e-02 2.088132e-03
4.400000e+01 8.666134e-02 1.969576e-03
4.444444e+01 8.251549e-02 1.856599e-03
4.488889e+01 7.851278e-02 1.749047e-03
4.533333e+01 7.465316e-02 1.646761e-03
4.577778e+01 7.093604e-02 1.549574e-03
4.622222e+01 6.736033e-02 1.457315e-03
4.666667e+01 6.392449e-02 1.369810e-03
4.711111e+01 6.062658e-02 1.286885e-03
4.755556e+01 5.746432e-02 1.208362e-03
4.800000e+01 5.443513e-02 1.134065e-03
4.844444e+01 5.153618e-02 1.063820e-03
4.888889e+01 4.876443e-02 9.974543e-04
4.933333e+01 4.611665e-02 9.347969e-04
4.977778e+01 4.358946e-02 8.756811e-04
5.022222e+01 4.117938e-02 8.199434e-04
5.066667e+01 3.888284e-02 7.674244e-04
5.111111e+01 3.669618e-02 7.179688e-04
5.155556e+01 3.461573e-02 6.714259e-04
5.200000e+01 3.263778e-02 6.276497e-04
5.244444e+01 3.075860e-02 5.864987e-04
5.288889e+01 2.897445e-02 5.478363e-04
5.333333e+01 2.728162e-02 5.115304e-04
5.422222e+01 2.415475e-02 4.454770e-04
5.511111e+01 2.135183e-02 3.874324e-04
5.600000e+01 1.884434e-02 3.365061e-04
5.688889e+01 1.660568e-02 2.918967e-04
5.777778e+01 1.461102e-02 2.528831e-04
5.866667e+01 1.283731e-02 2.188178e-04
5.955556e+01 1.126316e-02 1.891202e-04
6.044444e+01 9.868772e-03 1.632701e-04
6.133333e+01 8.635918e-03 1.408030e-04
6.222222e+01 7.547821e-03 1.213043e-04
6.311111e+01 6.589114e-03 1.044050e-04
6.400000e+01 5.745759e-03 8.977748e-05
6.488889e+01 5.004982e-03 7.713156e-05
6.577778e+01 4.355202e-03 6.621085e-05
6.666667e+01 3.785964e-03 5.678947e-05
6.755556e+01 3.287864e-03 4.866905e-05
6.844444e+01 2.852482e-03 4.167587e-05
6.933333e+01 2.472307e-03 3.565827e-05
7.022222e+01 2.140673e-03 3.048427e-05
7.111111e+01 1.851681e-03 2.603927e-05
7.200000e+01 1.600132e-03 2.222406e-05
7.288889e+01 1.381451e-03 1.895284e-05
7.377778e+01 1.191619e-03 1.615147e-05
7.466667e+01 1.027098e-03 1.375578e-05
7.555556e+01 8.847591e-04 1.171005e-05
7.644444e+01 7.618102e-04 9.965541e-06
7.733333e+01 6.557223e-04 8.479168e-06
7.822222e+01 5.641563e-04 7.212225e-06
7.911111e+01 4.848891e-04 6.129216e-06
8.000000e+01 4.157401e-04 5.196751e-06
8.026667e+01 3.970813e-04 4.947027e-06
8.053333e+01 3.792376e-04 4.709076e-06
8.080000e+01 3.621743e-04 4.482356e-06
8.106667e+01 3.458587e-04 4.266349e-06
8.133333e+01 3.302589e-04 4.060561e-06
8.160000e+01 3.153447e-04 3.864518e-06
8.186667e+01 3.010868e-04 3.677771e-06
8.213333e+01 2.874573e-04 3.499886e-06
8.240000e+01 2.744294e-04 3.330454e-06
8.266667e+01 2.619773e-04 3.169080e-06
8.293333e+01 2.500763e-04 3.015390e-06
8.320000e+01 2.387029e-04 2.869025e-06
8.346667e+01 2.278342e-04 2.729643e-06
8.373333e+01 2.174487e-04 2.596919e-06
8.400000e+01 2.075254e-04 2.470540e-06
8.426667e+01 1.980444e-04 2.350210e-06
8.453333e+01 1.889865e-04 2.235644e-06
8.480000e+01 1.803334e-04 2.126573e-06
8.506667e+01 1.720675e-04 2.022737e-06
8.533333e+01 1.641719e-04 1.923890e-06
8.560000e+01 1.566306e-04 1.829797e-06
8.586667e+01 1.494281e-04 1.740234e-06
8.613333e+01 1.425495e-04 1.654986e-06
8.640000e+01 1.359807e-04 1.573850e-06
8.666667e+01 1.297081e-04 1.496631e-06
8.693333e+01 1.237186e-04 1.423144e-06
8.720000e+01 1.179999e-04 1.353210e-06
8.746667e+01 1.125400e-04 1.286662e-06
8.773333e+01 1.073275e-04 1.223338e-06
8.800000e+01 1.023515e-04 1.163085e-06
8.829333e+01 9.713852e-05 1.100180e-06
8.858667e+01 9.218571e-05 1.040627e-06
8.888000e+01 8.748040e-05 9.842530e-07
8.917333e+01 8.301054e-05 9.308897e-07
8.946667e+01 7.876462e-05 8.803795e-07
8.976000e+01 7.473169e-05 8.325723e-07
9.005333e+01 7.090131e-05 7.873257e-07
9.034667e+01 6.726354e-05 7.445049e-07
9.064000e+01 6.380891e-05 7.039818e-07
9.093333e+01 6.052841e-05 6.656350e-07
9.122667e+01 5.741345e-05 6.293494e-07
9.152000e+01 5.445587e-05 5.950160e-07
9.181333e+01 5.164788e-05 5.625314e-07
9.210667e+01 4.898209e-05 5.317974e-07
9.240000e+01 4.645144e-05 5.027212e-07
9.269333e+01 4.404924e-05 4.752147e-07
9.298667e+01 4.176910e-05 4.491945e-07
9.328000e+01 3.960495e-05 4.245813e-07
9.357333e+01 3.755101e-05 4.013003e-07
9.386667e+01 3.560179e-05 3.792804e-07
9.416000e+01 3.375205e-05 3.584542e-07
9.445333e+01 3.199681e-05 3.387579e-07
9.474667e+01 3.033135e-05 3.201310e-07
9.504000e+01 2.875115e-05 3.025163e-07
9.533333e+01 2.725193e-05 2.858594e-07
9.562667e+01 2.582963e-05 2.701090e-07
9.592000e+01 2.448036e-05 2.552164e-07
9.621333e+01 2.320045e-05 2.411355e-07
9.650667e+01 2.198642e-05 2.278228e-07
9.680000e+01 2.083494e-05 2.152370e-07
9.712267e+01 1.963677e-05 2.021853e-07
9.744533e+01 1.850645e-05 1.899162e-07
9.776800e+01 1.744020e-05 1.783835e-07
9.809067e+01 1.643447e-05 1.675437e-07
9.841333e+01 1.548588e-05 1.573555e-07
9.873600e+01 1.459124e-05 1.477803e-07
9.905867e+01 1.374753e-05 1.387817e-07
9.938133e+01 1.295191e-05 1.303254e-07
9.970400e+01 1.220168e-05 1.223790e-07
1.000267e+02 1.149428e-05 1.149122e-07
1.003493e+02 1.082732e-05 1.078963e-07
1.006720e+02 1.019852e-05 1.013044e-07
1.009947e+02 9.605724e-06 9.511120e-08
1.013173e+02 9.046912e-06 8.929284e-08
1.016400e+02 8.520165e-06 8.382689e-08
1.019627e+02 8.023673e-06 7.869226e-08
1.022853e+02 7.555724e-06 7.386909e-08
1.026080e+02 7.114705e-06 6.933870e-08
1.029307e+02 6.699089e-06 6.508351e-08
1.032533e+02 6.307436e-06 6.108700e-08
1.035760e+02 5.938383e-06 5.733358e-08
1.038987e+02 5.590646e-06 5.380864e-08
1.042213e+02 5.263009e-06 5.049839e-08
1.045440e+02 4.954327e-06 4.738987e-08
1.048667e+02 4.663516e-06 4.447091e-08
1.051893e+02 4.389555e-06 4.173004e-08
1.055120e+02 4.131481e-06 3.915651e-08
1.058347e+02 3.888388e-06 3.674021e-08
1.061573e+02 3.659420e-06 3.447167e-08
1.064800e+02 3.443778e-06 3.234201e-08
1.068349e+02 3.221032e-06 3.014961e-08
1.071899e+02 3.012510e-06 2.810443e-08
1.075448e+02 2.817318e-06 2.619669e-08
1.078997e+02 2.634615e-06 2.441726e-08
1.082547e+02 2.463614e-06 2.275758e-08
1.086096e+02 2.303574e-06 2.120967e-08
1.089645e+02 2.153799e-06 1.976605e-08
1.093195e+02 2.013638e-06 1.841976e-08
1.096744e+02 1.882481e-06 1.716427e-08
1.100293e+02 1.759753e-06 1.599349e-08
1.103843e+02 1.644919e-06 1.490176e-08
1.107392e+02 1.537476e-06 1.388375e-08
1.110941e+02 1.436950e-06 1.293453e-08
1.114491e+02 1.342902e-06 1.204947e-08
1.118040e+02 1.254917e-06 1.122426e-08
1.121589e+02 1.172607e-06 1.045487e-08
1.125139e+02 1.095609e-06 9.737548e-09
1.128688e+02 1.023582e-06 9.068778e-09
1.132237e+02 9.562066e-07 8.445284e-09
1.135787e+02 8.931834e-07 7.864007e-09
1.139336e+02 8.342317e-07 7.322087e-09
1.142885e+02 7.790883e-07 6.816854e-09
1.146435e+02 7.275062e-07 6.345815e-09
1.149984e+02 6.792543e-07 5.906641e-09
1.153533e+02 6.341156e-07 5.497159e-09
1.157083e+02 5.918873e-07 5.115341e-09
1.160632e+02 5.523795e-07 4.759299e-09
1.164181e+02 5.154150e-07 4.427274e-09
1.167731e+02 4.808286e-07 4.117633e-09
1.171280e+02 4.484672e-07 3.828864e-09
1.175184e+02 4.152576e-07 3.533553e-09
1.179089e+02 3.843740e-07 3.259925e-09
1.182993e+02 3.556478e-07 3.006340e-09
1.186897e+02 3.289214e-07 2.771272e-09
1.190801e+02 3.040476e-07 2.553302e-09
1.194706e+02 2.808887e-07 2.351113e-09
1.198610e+02 2.593166e-07 2.163478e-09
1.202514e+02 2.392113e-07 1.989260e-09
1.206418e+02 2.204609e-07 1.827400e-09
1.210323e+02 2.029609e-07 1.676916e-09
1.214227e+02 1.866135e-07 1.536892e-09
1.218131e+02 1.713274e-07 1.406477e-09
1.222035e+02 1.570170e-07 1.284881e-09
1.225940e+02 1.436020e-07 1.171363e-09
1.229844e+02 1.310073e-07 1.065235e-09
1.233748e+02 1.191621e-07 9.658542e-10
1.237653e+02 1.079996e-07 8.726164e-10
1.241557e+02 9.745684e-08 7.849568e-10
1.245461e+02 8.747417e-08 7.023437e-10
1.249365e+02 7.799492e-08 6.242763e-10
1.253270e+02 6.896511e-08 5.502816e-10
1.257174e+02 6.033316e-08 4.799110e-10
1.261078e+02 5.204957e-08 4.127387e-10
1.264982e+02 4.406674e-08 3.483585e-10
1.268887e+02 3.633867e-08 2.863823e-10
1.272791e+02 2.882081e-08 2.264379e-10
1.276695e+02 2.146982e-08 1.681671e-10
1.280599e+02 1.424344e-08 1.112248e-10
1.284504e+02 7.100342e-09 5.527693e-11
1.288408e+02 0.000000e+00
