# 
# Output from EIGENRAD program.
# 
# Eigenfunction for specific electronic state.
# The first column contains radius $r$ in bohr units.
# The second column holds value of eginefunction.
# 
# Use this file with gnuplot to create the plot.
#
0.000000e+00 0.000000e+00 -7.412502e-07
1.111111e-01 -3.735792e-08 -3.362212e-07
2.222222e-01 -3.570336e-07 -1.606651e-06
3.333333e-01 -1.879471e-06 -5.638414e-06
4.444444e-01 -5.958884e-06 -1.340749e-05
5.555556e-01 -1.432461e-05 -2.578430e-05
6.666667e-01 -2.902537e-05 -4.353805e-05
7.777778e-01 -5.237638e-05 -6.734105e-05
8.888889e-01 -8.690940e-05 -9.777307e-05
1.000000e+00 -1.353256e-04 -1.353256e-04
1.111111e+00 -2.004516e-04 -1.804065e-04
1.222222e+00 -2.851977e-04 -2.333436e-04
1.333333e+00 -3.925200e-04 -2.943900e-04
1.444444e+00 -5.253845e-04 -3.637277e-04
1.555556e+00 -6.867346e-04 -4.414722e-04
1.666667e+00 -8.794613e-04 -5.276768e-04
1.777778e+00 -1.106377e-03 -6.223369e-04
1.888889e+00 -1.370189e-03 -7.253944e-04
2.000000e+00 -1.673484e-03 -8.367420e-04
2.111111e+00 -2.018702e-03 -9.562275e-04
2.222222e+00 -2.408129e-03 -1.083658e-03
2.333333e+00 -2.843879e-03 -1.218805e-03
2.444444e+00 -3.327886e-03 -1.361408e-03
2.555556e+00 -3.861899e-03 -1.511178e-03
2.666667e+00 -4.447477e-03 -1.667804e-03
2.777778e+00 -5.085987e-03 -1.830955e-03
2.888889e+00 -5.778609e-03 -2.000288e-03
3.000000e+00 -6.526337e-03 -2.175446e-03
3.111111e+00 -7.329991e-03 -2.356069e-03
3.222222e+00 -8.190225e-03 -2.541794e-03
3.333333e+00 -9.107542e-03 -2.732263e-03
3.444444e+00 -1.008182e-02 -2.926979e-03
3.555556e+00 -1.111313e-02 -3.125567e-03
3.666667e+00 -1.220129e-02 -3.327624e-03
3.777778e+00 -1.334591e-02 -3.532740e-03
3.888889e+00 -1.454640e-02 -3.740504e-03
4.000000e+00 -1.580202e-02 -3.950505e-03
4.111111e+00 -1.711182e-02 -4.162333e-03
4.222222e+00 -1.847469e-02 -4.375584e-03
4.333333e+00 -1.988938e-02 -4.589856e-03
4.444444e+00 -2.135446e-02 -4.804753e-03
4.555556e+00 -2.286837e-02 -5.019886e-03
4.666667e+00 -2.442941e-02 -5.234873e-03
4.777778e+00 -2.603574e-02 -5.449341e-03
4.888889e+00 -2.768541e-02 -5.662924e-03
5.000000e+00 -2.937634e-02 -5.875268e-03
5.111111e+00 -3.110635e-02 -6.086025e-03
5.222222e+00 -3.287316e-02 -6.294860e-03
5.333333e+00 -3.467438e-02 -6.501447e-03
5.444444e+00 -3.650756e-02 -6.705471e-03
5.555556e+00 -3.837015e-02 -6.906628e-03
5.666667e+00 -4.025955e-02 -7.104626e-03
5.777778e+00 -4.217306e-02 -7.299184e-03
5.888889e+00 -4.410797e-02 -7.490032e-03
6.000000e+00 -4.606148e-02 -7.676913e-03
6.111111e+00 -4.803078e-02 -7.859583e-03
6.222222e+00 -5.001302e-02 -8.037807e-03
6.333333e+00 -5.200531e-02 -8.211365e-03
6.444444e+00 -5.400477e-02 -8.380050e-03
6.555556e+00 -5.600848e-02 -8.543666e-03
6.666667e+00 -5.801354e-02 -8.702030e-03
6.888889e+00 -6.201564e-02 -9.002270e-03
7.111111e+00 -6.598855e-02 -9.279640e-03
7.333333e+00 -6.990894e-02 -9.533037e-03
7.555556e+00 -7.375403e-02 -9.761563e-03
7.777778e+00 -7.750173e-02 -9.964509e-03
8.000000e+00 -8.113073e-02 -1.014134e-02
8.222222e+00 -8.462058e-02 -1.029169e-02
8.444444e+00 -8.795182e-02 -1.041535e-02
8.666667e+00 -9.110603e-02 -1.051223e-02
8.888889e+00 -9.406590e-02 -1.058241e-02
9.111111e+00 -9.681531e-02 -1.062607e-02
9.333333e+00 -9.933936e-02 -1.064350e-02
9.555556e+00 -1.016244e-01 -1.063512e-02
9.777778e+00 -1.036583e-01 -1.060142e-02
1.000000e+01 -1.054299e-01 -1.054299e-02
1.022222e+01 -1.069298e-01 -1.046052e-02
1.044444e+01 -1.081497e-01 -1.035476e-02
1.066667e+01 -1.090828e-01 -1.022651e-02
1.088889e+01 -1.097236e-01 -1.007666e-02
1.111111e+01 -1.100682e-01 -9.906139e-03
1.133333e+01 -1.101137e-01 -9.715917e-03
1.155556e+01 -1.098588e-01 -9.507009e-03
1.177778e+01 -1.093032e-01 -9.280459e-03
1.200000e+01 -1.084480e-01 -9.037337e-03
1.222222e+01 -1.072956e-01 -8.778729e-03
1.244444e+01 -1.058491e-01 -8.505733e-03
1.266667e+01 -1.041130e-01 -8.219451e-03
1.288889e+01 -1.020927e-01 -7.920982e-03
1.311111e+01 -9.979413e-02 -7.611417e-03
1.333333e+01 -9.722439e-02 -7.291830e-03
1.355556e+01 -9.439226e-02 -6.963363e-03
1.377778e+01 -9.130638e-02 -6.627076e-03
1.400000e+01 -8.797633e-02 -6.284023e-03
1.422222e+01 -8.441234e-02 -5.935243e-03
1.444444e+01 -8.062528e-02 -5.581750e-03
1.466667e+01 -7.662656e-02 -5.224538e-03
1.488889e+01 -7.242806e-02 -4.864571e-03
1.511111e+01 -6.804210e-02 -4.502786e-03
1.533333e+01 -6.348137e-02 -4.140090e-03
1.555556e+01 -5.875886e-02 -3.777355e-03
1.577778e+01 -5.388780e-02 -3.415424e-03
1.600000e+01 -4.888163e-02 -3.055102e-03
1.622222e+01 -4.375395e-02 -2.697161e-03
1.644444e+01 -3.851843e-02 -2.342337e-03
1.666667e+01 -3.318882e-02 -1.991329e-03
1.688889e+01 -2.777885e-02 -1.644801e-03
1.711111e+01 -2.230225e-02 -1.303378e-03
1.733333e+01 -1.677263e-02 -9.676516e-04
1.755556e+01 -1.120351e-02 -6.381744e-04
1.777778e+01 -5.608244e-03 -3.154637e-04
1.800000e+01 -9.808264e-09 -5.449035e-10
1.822222e+01 5.608247e-03 3.077696e-04
1.844444e+01 1.120383e-02 6.074365e-04
1.866667e+01 1.677432e-02 8.986244e-04
1.888889e+01 2.230762e-02 1.180992e-03
1.911111e+01 2.779195e-02 1.454230e-03
1.933333e+01 3.321589e-02 1.718063e-03
1.955556e+01 3.856840e-02 1.972248e-03
1.977778e+01 4.383884e-02 2.216570e-03
2.000000e+01 4.901696e-02 2.450848e-03
2.022222e+01 5.409287e-02 2.674922e-03
2.044444e+01 5.905726e-02 2.888670e-03
2.066667e+01 6.390114e-02 3.091991e-03
2.088889e+01 6.861599e-02 3.284808e-03
2.111111e+01 7.319375e-02 3.467072e-03
2.133333e+01 7.762682e-02 3.638757e-03
2.155556e+01 8.190810e-02 3.799861e-03
2.177778e+01 8.603095e-02 3.950401e-03
2.200000e+01 8.998917e-02 4.090417e-03
2.222222e+01 9.377707e-02 4.219968e-03
2.244444e+01 9.738940e-02 4.339131e-03
2.266667e+01 1.008214e-01 4.448002e-03
2.288889e+01 1.040687e-01 4.546690e-03
2.311111e+01 1.071274e-01 4.635322e-03
2.333333e+01 1.099942e-01 4.714039e-03
2.355556e+01 1.126661e-01 4.782995e-03
2.377778e+01 1.151405e-01 4.842356e-03
2.400000e+01 1.174152e-01 4.892301e-03
2.422222e+01 1.194887e-01 4.933019e-03
2.444444e+01 1.213596e-01 4.964709e-03
2.466667e+01 1.230269e-01 4.987578e-03
2.488889e+01 1.244903e-01 5.001843e-03
2.511111e+01 1.257496e-01 5.007727e-03
2.533333e+01 1.268050e-01 5.005459e-03
2.555556e+01 1.276571e-01 4.995276e-03
2.577778e+01 1.283068e-01 4.977418e-03
2.600000e+01 1.287554e-01 4.952129e-03
2.622222e+01 1.290044e-01 4.919658e-03
2.644444e+01 1.290556e-01 4.880254e-03
2.666667e+01 1.289112e-01 4.834172e-03
2.688889e+01 1.285737e-01 4.781668e-03
2.711111e+01 1.280457e-01 4.722999e-03
2.733333e+01 1.273302e-01 4.658421e-03
2.755556e+01 1.264302e-01 4.588193e-03
2.777778e+01 1.253492e-01 4.512571e-03
2.800000e+01 1.240907e-01 4.431811e-03
2.822222e+01 1.226586e-01 4.346169e-03
2.844444e+01 1.210567e-01 4.255899e-03
2.866667e+01 1.192892e-01 4.161251e-03
2.888889e+01 1.173604e-01 4.062475e-03
2.911111e+01 1.152747e-01 3.959818e-03
2.933333e+01 1.130367e-01 3.853522e-03
2.955556e+01 1.106509e-01 3.743828e-03
2.977778e+01 1.081223e-01 3.630973e-03
3.000000e+01 1.054556e-01 3.515188e-03
3.022222e+01 1.026559e-01 3.396703e-03
3.044444e+01 9.972811e-02 3.275741e-03
3.066667e+01 9.667735e-02 3.152522e-03
3.088889e+01 9.350877e-02 3.027262e-03
3.111111e+01 9.022755e-02 2.900171e-03
3.133333e+01 8.683891e-02 2.771454e-03
3.155556e+01 8.334807e-02 2.641312e-03
3.177778e+01 7.976030e-02 2.509940e-03
3.200000e+01 7.608085e-02 2.377527e-03
3.222222e+01 7.231498e-02 2.244258e-03
3.244444e+01 6.846792e-02 2.110313e-03
3.266667e+01 6.454491e-02 1.975864e-03
3.288889e+01 6.055112e-02 1.841081e-03
3.311111e+01 5.649173e-02 1.706126e-03
3.333333e+01 5.237185e-02 1.571155e-03
3.355556e+01 4.819656e-02 1.436321e-03
3.377778e+01 4.397089e-02 1.301770e-03
3.400000e+01 3.969980e-02 1.167641e-03
3.422222e+01 3.538818e-02 1.034070e-03
3.444444e+01 3.104088e-02 9.011870e-04
3.466667e+01 2.666266e-02 7.691152e-04
3.488889e+01 2.225819e-02 6.379735e-04
3.511111e+01 1.783207e-02 5.078754e-04
3.533333e+01 1.338881e-02 3.789287e-04
3.555556e+01 8.932848e-03 2.512364e-04
3.577778e+01 4.468501e-03 1.248960e-04
3.600000e+01 6.163948e-09 1.712208e-10
3.622222e+01 -4.468498e-03 -1.233634e-04
3.644444e+01 -8.932975e-03 -2.451121e-04
3.666667e+01 -1.338949e-02 -3.651680e-04
3.688889e+01 -1.783422e-02 -4.834578e-04
3.711111e+01 -2.226344e-02 -5.999130e-04
3.733333e+01 -2.667353e-02 -7.144697e-04
3.755556e+01 -3.106100e-02 -8.270681e-04
3.777778e+01 -3.542245e-02 -9.376532e-04
3.800000e+01 -3.975460e-02 -1.046174e-03
3.822222e+01 -4.405428e-02 -1.152583e-03
3.844444e+01 -4.831843e-02 -1.256838e-03
3.866667e+01 -5.254412e-02 -1.358900e-03
3.888889e+01 -5.672851e-02 -1.458733e-03
3.911111e+01 -6.086888e-02 -1.556306e-03
3.933333e+01 -6.496263e-02 -1.651592e-03
3.955556e+01 -6.900726e-02 -1.744566e-03
3.977778e+01 -7.300039e-02 -1.835205e-03
4.000000e+01 -7.693976e-02 -1.923494e-03
4.044444e+01 -8.464850e-02 -2.092957e-03
4.088889e+01 -9.211790e-02 -2.252883e-03
4.133333e+01 -9.933353e-02 -2.403230e-03
4.177778e+01 -1.062827e-01 -2.544000e-03
4.222222e+01 -1.129544e-01 -2.675235e-03
4.266667e+01 -1.193392e-01 -2.797012e-03
4.311111e+01 -1.254293e-01 -2.909442e-03
4.355556e+01 -1.312183e-01 -3.012665e-03
4.400000e+01 -1.367011e-01 -3.106844e-03
4.444444e+01 -1.418742e-01 -3.192169e-03
4.488889e+01 -1.467350e-01 -3.268849e-03
4.533333e+01 -1.512823e-01 -3.337109e-03
4.577778e+01 -1.555159e-01 -3.397191e-03
4.622222e+01 -1.594367e-01 -3.449352e-03
4.666667e+01 -1.630466e-01 -3.493857e-03
4.711111e+01 -1.663484e-01 -3.530981e-03
4.755556e+01 -1.693457e-01 -3.561009e-03
4.800000e+01 -1.720429e-01 -3.584228e-03
4.844444e+01 -1.744452e-01 -3.600932e-03
4.888889e+01 -1.765581e-01 -3.611417e-03
4.933333e+01 -1.783883e-01 -3.615979e-03
4.977778e+01 -1.799425e-01 -3.614916e-03
5.022222e+01 -1.812281e-01 -3.608523e-03
5.066667e+01 -1.822528e-01 -3.597095e-03
5.111111e+01 -1.830249e-01 -3.580922e-03
5.155556e+01 -1.835527e-01 -3.560289e-03
5.200000e+01 -1.838448e-01 -3.535477e-03
5.244444e+01 -1.839102e-01 -3.506762e-03
5.288889e+01 -1.837577e-01 -3.474410e-03
5.333333e+01 -1.833965e-01 -3.438683e-03
5.377778e+01 -1.828360e-01 -3.399843e-03
5.422222e+01 -1.820854e-01 -3.358132e-03
5.466667e+01 -1.811540e-01 -3.313793e-03
5.511111e+01 -1.800512e-01 -3.267057e-03
5.555556e+01 -1.787861e-01 -3.218149e-03
5.600000e+01 -1.773679e-01 -3.167285e-03
5.644444e+01 -1.758058e-01 -3.114670e-03
5.688889e+01 -1.741086e-01 -3.060503e-03
5.733333e+01 -1.722852e-01 -3.004974e-03
5.777778e+01 -1.703442e-01 -2.948264e-03
5.822222e+01 -1.682940e-01 -2.890545e-03
5.866667e+01 -1.661429e-01 -2.831981e-03
5.911111e+01 -1.638991e-01 -2.772729e-03
5.955556e+01 -1.615703e-01 -2.712934e-03
6.000000e+01 -1.591642e-01 -2.652737e-03
6.044444e+01 -1.566883e-01 -2.592269e-03
6.088889e+01 -1.541496e-01 -2.531654e-03
6.133333e+01 -1.515551e-01 -2.471007e-03
6.177778e+01 -1.489115e-01 -2.410438e-03
6.222222e+01 -1.462251e-01 -2.350047e-03
6.266667e+01 -1.435022e-01 -2.289929e-03
6.311111e+01 -1.407487e-01 -2.230173e-03
6.355556e+01 -1.379701e-01 -2.170858e-03
6.400000e+01 -1.351718e-01 -2.112060e-03
6.444444e+01 -1.323590e-01 -2.053847e-03
6.488889e+01 -1.295366e-01 -1.996284e-03
6.533333e+01 -1.267092e-01 -1.939427e-03
6.577778e+01 -1.238812e-01 -1.883329e-03
6.622222e+01 -1.210567e-01 -1.828038e-03
6.666667e+01 -1.182398e-01 -1.773597e-03
6.711111e+01 -1.154339e-01 -1.720042e-03
6.755556e+01 -1.126427e-01 -1.667408e-03
6.800000e+01 -1.098693e-01 -1.615724e-03
6.844444e+01 -1.071167e-01 -1.565016e-03
6.888889e+01 -1.043877e-01 -1.515306e-03
6.933333e+01 -1.016851e-01 -1.466612e-03
6.977778e+01 -9.901107e-02 -1.418948e-03
7.022222e+01 -9.636795e-02 -1.372328e-03
7.066667e+01 -9.375775e-02 -1.326761e-03
7.111111e+01 -9.118234e-02 -1.282252e-03
7.155556e+01 -8.864339e-02 -1.238805e-03
7.200000e+01 -8.614245e-02 -1.196423e-03
7.244444e+01 -8.368088e-02 -1.155104e-03
7.288889e+01 -8.125991e-02 -1.114846e-03
7.333333e+01 -7.888062e-02 -1.075645e-03
7.377778e+01 -7.654396e-02 -1.037493e-03
7.422222e+01 -7.425074e-02 -1.000384e-03
7.466667e+01 -7.200167e-02 -9.643080e-04
7.511111e+01 -6.979730e-02 -9.292540e-04
7.555556e+01 -6.763812e-02 -8.952104e-04
7.600000e+01 -6.552448e-02 -8.621642e-04
7.644444e+01 -6.345665e-02 -8.301015e-04
7.688889e+01 -6.143479e-02 -7.990074e-04
7.733333e+01 -5.945899e-02 -7.688663e-04
7.777778e+01 -5.752925e-02 -7.396618e-04
7.822222e+01 -5.564549e-02 -7.113770e-04
7.866667e+01 -5.380757e-02 -6.839945e-04
7.911111e+01 -5.201527e-02 -6.574963e-04
7.955556e+01 -5.026832e-02 -6.318644e-04
8.000000e+01 -4.856640e-02 -6.070800e-04
8.088889e+01 -4.529579e-02 -5.599754e-04
8.177778e+01 -4.220034e-02 -5.160368e-04
8.266667e+01 -3.927551e-02 -4.751070e-04
8.355556e+01 -3.651632e-02 -4.370304e-04
8.444444e+01 -3.391743e-02 -4.016537e-04
8.533333e+01 -3.147321e-02 -3.688267e-04
8.622222e+01 -2.917782e-02 -3.384026e-04
8.711111e+01 -2.702523e-02 -3.102386e-04
8.800000e+01 -2.500929e-02 -2.841965e-04
8.888889e+01 -2.312382e-02 -2.601430e-04
8.977778e+01 -2.136258e-02 -2.379496e-04
9.066667e+01 -1.971940e-02 -2.174934e-04
9.155556e+01 -1.818814e-02 -1.986569e-04
9.244444e+01 -1.676278e-02 -1.813281e-04
9.333333e+01 -1.543741e-02 -1.654009e-04
9.422222e+01 -1.420631e-02 -1.507745e-04
9.511111e+01 -1.306389e-02 -1.373540e-04
9.600000e+01 -1.200481e-02 -1.250501e-04
9.688889e+01 -1.102390e-02 -1.137787e-04
9.777778e+01 -1.011622e-02 -1.034614e-04
9.866667e+01 -9.277085e-03 -9.402451e-05
9.955556e+01 -8.502001e-03 -8.539956e-05
1.004444e+02 -7.786721e-03 -7.752266e-05
1.013333e+02 -7.127216e-03 -7.033437e-05
1.022222e+02 -6.519667e-03 -6.377935e-05
1.031111e+02 -5.960451e-03 -5.780610e-05
1.040000e+02 -5.446124e-03 -5.236658e-05
1.048889e+02 -4.973397e-03 -4.741587e-05
1.057778e+02 -4.539111e-03 -4.291176e-05
1.066667e+02 -4.140203e-03 -3.881441e-05
1.075556e+02 -3.774494e-03 -3.509344e-05
1.084444e+02 -3.439278e-03 -3.171466e-05
1.093333e+02 -3.132216e-03 -2.864832e-05
1.102222e+02 -2.851124e-03 -2.586706e-05
1.111111e+02 -2.593969e-03 -2.334572e-05
1.120000e+02 -2.358856e-03 -2.106122e-05
1.128889e+02 -2.144028e-03 -1.899237e-05
1.137778e+02 -1.947849e-03 -1.711977e-05
1.146667e+02 -1.768804e-03 -1.542562e-05
1.155556e+02 -1.605489e-03 -1.389365e-05
1.164444e+02 -1.456604e-03 -1.250900e-05
1.173333e+02 -1.320947e-03 -1.125807e-05
1.182222e+02 -1.197408e-03 -1.012845e-05
1.191111e+02 -1.084962e-03 -9.108826e-06
1.200000e+02 -9.826662e-04 -8.188885e-06
1.208889e+02 -8.896494e-04 -7.359232e-06
1.217778e+02 -8.051114e-04 -6.611316e-06
1.226667e+02 -7.283162e-04 -5.937360e-06
1.235556e+02 -6.585873e-04 -5.330293e-06
1.244444e+02 -5.953035e-04 -4.783689e-06
1.253333e+02 -5.378950e-04 -4.291716e-06
1.262222e+02 -4.858390e-04 -3.849077e-06
1.271111e+02 -4.386565e-04 -3.450969e-06
1.280000e+02 -3.959088e-04 -3.093037e-06
1.288889e+02 -3.571942e-04 -2.771334e-06
1.297778e+02 -3.221456e-04 -2.482286e-06
1.306667e+02 -2.904276e-04 -2.222661e-06
1.315556e+02 -2.617345e-04 -1.989536e-06
1.324444e+02 -2.357877e-04 -1.780276e-06
1.333333e+02 -2.123346e-04 -1.592510e-06
1.342222e+02 -1.911410e-04 -1.424064e-06
1.351111e+02 -1.719909e-04 -1.272959e-06
1.360000e+02 -1.546938e-04 -1.137455e-06
1.368889e+02 -1.390757e-04 -1.015975e-06
1.377778e+02 -1.249770e-04 -9.070911e-07
1.386667e+02 -1.122525e-04 -8.095130e-07
1.395556e+02 -1.007695e-04 -7.220747e-07
1.404444e+02 -9.040759e-05 -6.437249e-07
1.413333e+02 -8.105688e-05 -5.735157e-07
1.422222e+02 -7.261774e-05 -5.105935e-07
1.431111e+02 -6.499963e-05 -4.541900e-07
1.440000e+02 -5.812041e-05 -4.036139e-07
1.448889e+02 -5.190547e-05 -3.582433e-07
1.457778e+02 -4.628709e-05 -3.175182e-07
1.466667e+02 -4.120374e-05 -2.809346e-07
1.475556e+02 -3.659938e-05 -2.480380e-07
1.484444e+02 -3.242297e-05 -2.184182e-07
1.493333e+02 -2.862784e-05 -1.917043e-07
1.502222e+02 -2.517121e-05 -1.675599e-07
1.511111e+02 -2.201377e-05 -1.456793e-07
1.520000e+02 -1.911918e-05 -1.257841e-07
1.528889e+02 -1.645380e-05 -1.076193e-07
1.537778e+02 -1.398629e-05 -9.095129e-08
1.546667e+02 -1.168734e-05 -7.556471e-08
1.555556e+02 -9.529477e-06 -6.126092e-08
1.564444e+02 -7.486815e-06 -4.785606e-08
1.573333e+02 -5.534943e-06 -3.517972e-08
1.582222e+02 -3.650805e-06 -2.307391e-08
1.591111e+02 -1.812648e-06 -1.139234e-08
1.600000e+02 -3.008246e-20
