# 
# Output from EIGENRAD program.
# 
# Eigenfunction for specific electronic state.
# The first column contains radius $r$ in bohr units.
# The second column holds value of eginefunction.
# 
# Use this file with gnuplot to create the plot.
#
0.000000e+00 0.000000e+00 -1.796554e-08
3.472222e-02 -6.922446e-05 -1.993664e-03
6.944444e-02 -2.721104e-04 -3.918390e-03
1.041667e-01 -6.016334e-04 -5.775681e-03
1.388889e-01 -1.050972e-03 -7.566997e-03
1.736111e-01 -1.613503e-03 -9.293777e-03
2.083333e-01 -2.282798e-03 -1.095743e-02
2.430556e-01 -3.052620e-03 -1.255935e-02
2.777778e-01 -3.916918e-03 -1.410090e-02
3.125000e-01 -4.869822e-03 -1.558343e-02
3.472222e-01 -5.905641e-03 -1.700825e-02
3.819444e-01 -7.018861e-03 -1.837666e-02
4.166667e-01 -8.204137e-03 -1.968993e-02
4.513889e-01 -9.456290e-03 -2.094932e-02
4.861111e-01 -1.077031e-02 -2.215606e-02
5.208333e-01 -1.214133e-02 -2.331136e-02
5.555556e-01 -1.356467e-02 -2.441641e-02
5.902778e-01 -1.503578e-02 -2.547237e-02
6.250000e-01 -1.655025e-02 -2.648040e-02
6.597222e-01 -1.810385e-02 -2.744162e-02
6.944444e-01 -1.969246e-02 -2.835714e-02
7.291667e-01 -2.131211e-02 -2.922804e-02
7.638889e-01 -2.295898e-02 -3.005540e-02
7.986111e-01 -2.462938e-02 -3.084026e-02
8.333333e-01 -2.631972e-02 -3.158366e-02
8.680556e-01 -2.802657e-02 -3.228661e-02
9.027778e-01 -2.974662e-02 -3.295010e-02
9.375000e-01 -3.147666e-02 -3.357511e-02
9.722222e-01 -3.321364e-02 -3.416260e-02
1.006944e+00 -3.495458e-02 -3.471351e-02
1.041667e+00 -3.669663e-02 -3.522877e-02
1.076389e+00 -3.843707e-02 -3.570928e-02
1.111111e+00 -4.017326e-02 -3.615593e-02
1.145833e+00 -4.190267e-02 -3.656960e-02
1.180556e+00 -4.362289e-02 -3.695116e-02
1.215278e+00 -4.533160e-02 -3.730143e-02
1.250000e+00 -4.702657e-02 -3.762125e-02
1.284722e+00 -4.870567e-02 -3.791144e-02
1.319444e+00 -5.036687e-02 -3.817278e-02
1.354167e+00 -5.200822e-02 -3.840607e-02
1.388889e+00 -5.362786e-02 -3.861206e-02
1.423611e+00 -5.522403e-02 -3.879151e-02
1.458333e+00 -5.679504e-02 -3.894517e-02
1.493056e+00 -5.833927e-02 -3.907375e-02
1.527778e+00 -5.985522e-02 -3.917796e-02
1.562500e+00 -6.134142e-02 -3.925851e-02
1.597222e+00 -6.279651e-02 -3.931608e-02
1.631944e+00 -6.421918e-02 -3.935133e-02
1.666667e+00 -6.560822e-02 -3.936493e-02
1.701389e+00 -6.696245e-02 -3.935752e-02
1.736111e+00 -6.828080e-02 -3.932974e-02
1.770833e+00 -6.956224e-02 -3.928221e-02
1.805556e+00 -7.080581e-02 -3.921552e-02
1.840278e+00 -7.201060e-02 -3.913029e-02
1.875000e+00 -7.317580e-02 -3.902709e-02
1.909722e+00 -7.430061e-02 -3.890650e-02
1.944444e+00 -7.538432e-02 -3.876908e-02
1.979167e+00 -7.642626e-02 -3.861537e-02
2.013889e+00 -7.742583e-02 -3.844593e-02
2.048611e+00 -7.838246e-02 -3.826127e-02
2.083333e+00 -7.929566e-02 -3.806192e-02
2.152778e+00 -8.098997e-02 -3.762115e-02
2.222222e+00 -8.250563e-02 -3.712754e-02
2.291667e+00 -8.384031e-02 -3.658486e-02
2.361111e+00 -8.499232e-02 -3.599675e-02
2.430556e+00 -8.596065e-02 -3.536667e-02
2.500000e+00 -8.674484e-02 -3.469794e-02
2.569444e+00 -8.734502e-02 -3.399374e-02
2.638889e+00 -8.776182e-02 -3.325711e-02
2.708333e+00 -8.799638e-02 -3.249097e-02
2.777778e+00 -8.805027e-02 -3.169810e-02
2.847222e+00 -8.792551e-02 -3.088116e-02
2.916667e+00 -8.762450e-02 -3.004269e-02
2.986111e+00 -8.714999e-02 -2.918511e-02
3.055556e+00 -8.650509e-02 -2.831076e-02
3.125000e+00 -8.569321e-02 -2.742183e-02
3.194444e+00 -8.471803e-02 -2.652043e-02
3.263889e+00 -8.358349e-02 -2.560856e-02
3.333333e+00 -8.229378e-02 -2.468813e-02
3.402778e+00 -8.085328e-02 -2.376096e-02
3.472222e+00 -7.926657e-02 -2.282877e-02
3.541667e+00 -7.753840e-02 -2.189320e-02
3.611111e+00 -7.567367e-02 -2.095578e-02
3.680556e+00 -7.367739e-02 -2.001801e-02
3.750000e+00 -7.155471e-02 -1.908125e-02
3.819444e+00 -6.931087e-02 -1.814684e-02
3.888889e+00 -6.695119e-02 -1.721602e-02
3.958333e+00 -6.448108e-02 -1.628996e-02
4.027778e+00 -6.190598e-02 -1.536976e-02
4.097222e+00 -5.923139e-02 -1.445647e-02
4.166667e+00 -5.646286e-02 -1.355109e-02
4.305556e+00 -5.066658e-02 -1.176772e-02
4.444444e+00 -4.455988e-02 -1.002597e-02
4.583333e+00 -3.818751e-02 -8.331821e-03
4.722222e+00 -3.159337e-02 -6.690361e-03
4.861111e+00 -2.482036e-02 -5.105902e-03
5.000000e+00 -1.791021e-02 -3.582043e-03
5.138889e+00 -1.090342e-02 -2.121747e-03
5.277778e+00 -3.839087e-03 -7.274060e-04
5.416667e+00 3.245188e-03 5.991117e-04
5.555556e+00 1.031337e-02 1.856407e-03
5.694444e+00 1.733110e-02 3.043511e-03
5.833333e+00 2.426575e-02 4.159842e-03
5.972222e+00 3.108646e-02 5.205175e-03
6.111111e+00 3.776426e-02 6.179605e-03
6.250000e+00 4.427201e-02 7.083521e-03
6.388889e+00 5.058450e-02 7.917575e-03
6.527778e+00 5.667846e-02 8.682657e-03
6.666667e+00 6.253250e-02 9.379874e-03
6.805556e+00 6.812717e-02 1.001052e-02
6.944444e+00 7.344494e-02 1.057607e-02
7.083333e+00 7.847011e-02 1.107813e-02
7.222222e+00 8.318885e-02 1.151846e-02
7.361111e+00 8.758907e-02 1.189889e-02
7.500000e+00 9.166043e-02 1.222139e-02
7.638889e+00 9.539421e-02 1.248797e-02
7.777778e+00 9.878326e-02 1.270070e-02
7.916667e+00 1.018219e-01 1.286171e-02
8.055556e+00 1.045058e-01 1.297313e-02
8.194444e+00 1.068318e-01 1.303710e-02
8.333333e+00 1.087979e-01 1.305575e-02
8.472222e+00 1.104054e-01 1.303146e-02
8.611111e+00 1.116548e-01 1.296636e-02
8.750000e+00 1.125482e-01 1.286266e-02
8.888889e+00 1.130891e-01 1.272253e-02
9.027778e+00 1.132817e-01 1.254813e-02
9.166667e+00 1.131313e-01 1.234159e-02
9.305556e+00 1.126440e-01 1.210502e-02
9.444444e+00 1.118269e-01 1.184049e-02
9.583333e+00 1.106876e-01 1.155001e-02
9.722222e+00 1.092348e-01 1.123558e-02
9.861111e+00 1.074774e-01 1.089911e-02
1.000000e+01 1.054251e-01 1.054251e-02
1.013889e+01 1.030881e-01 1.016760e-02
1.027778e+01 1.004772e-01 9.776159e-03
1.041667e+01 9.760334e-02 9.369920e-03
1.055556e+01 9.447803e-02 8.950550e-03
1.069444e+01 9.111304e-02 8.519661e-03
1.083333e+01 8.752041e-02 8.078807e-03
1.097222e+01 8.371241e-02 7.629485e-03
1.111111e+01 7.970149e-02 7.173134e-03
1.125000e+01 7.550024e-02 6.711132e-03
1.138889e+01 7.112134e-02 6.244801e-03
1.152778e+01 6.657756e-02 5.775403e-03
1.166667e+01 6.188166e-02 5.304143e-03
1.180556e+01 5.704642e-02 4.832168e-03
1.194444e+01 5.208456e-02 4.360568e-03
1.208333e+01 4.700874e-02 3.890379e-03
1.222222e+01 4.183151e-02 3.422578e-03
1.236111e+01 3.656530e-02 2.958092e-03
1.250000e+01 3.122238e-02 2.497791e-03
1.263889e+01 2.581492e-02 2.042499e-03
1.277778e+01 2.035475e-02 1.592981e-03
1.291667e+01 1.485362e-02 1.149957e-03
1.305556e+01 9.322995e-03 7.141017e-04
1.319444e+01 3.774115e-03 2.860382e-04
1.333333e+01 -1.782063e-03 -1.336548e-04
1.347222e+01 -7.334864e-03 -5.444435e-04
1.361111e+01 -1.287390e-02 -9.458375e-04
1.375000e+01 -1.838908e-02 -1.337388e-03
1.388889e+01 -2.387065e-02 -1.718686e-03
1.402778e+01 -2.930913e-02 -2.089363e-03
1.416667e+01 -3.469539e-02 -2.449087e-03
1.430556e+01 -4.002065e-02 -2.797560e-03
1.444444e+01 -4.527644e-02 -3.134522e-03
1.458333e+01 -5.045463e-02 -3.459746e-03
1.472222e+01 -5.554746e-02 -3.773035e-03
1.486111e+01 -6.054750e-02 -4.074224e-03
1.500000e+01 -6.544767e-02 -4.363178e-03
1.513889e+01 -7.024125e-02 -4.639789e-03
1.527778e+01 -7.492188e-02 -4.903978e-03
1.541667e+01 -7.948352e-02 -5.155688e-03
1.555556e+01 -8.392052e-02 -5.394891e-03
1.569444e+01 -8.822754e-02 -5.621578e-03
1.583333e+01 -9.239961e-02 -5.835765e-03
1.597222e+01 -9.643208e-02 -6.037487e-03
1.611111e+01 -1.003207e-01 -6.226799e-03
1.625000e+01 -1.040614e-01 -6.403776e-03
1.638889e+01 -1.076505e-01 -6.568507e-03
1.652778e+01 -1.110848e-01 -6.721099e-03
1.666667e+01 -1.143612e-01 -6.861673e-03
1.694444e+01 -1.204296e-01 -7.107321e-03
1.722222e+01 -1.258385e-01 -7.306752e-03
1.750000e+01 -1.305742e-01 -7.461381e-03
1.777778e+01 -1.346274e-01 -7.572793e-03
1.805556e+01 -1.379935e-01 -7.642715e-03
1.833333e+01 -1.406715e-01 -7.672989e-03
1.861111e+01 -1.426643e-01 -7.665545e-03
1.888889e+01 -1.439783e-01 -7.622382e-03
1.916667e+01 -1.446230e-01 -7.545545e-03
1.944444e+01 -1.446106e-01 -7.437115e-03
1.972222e+01 -1.439561e-01 -7.299183e-03
2.000000e+01 -1.426769e-01 -7.133846e-03
2.027778e+01 -1.407925e-01 -6.943191e-03
2.055556e+01 -1.383241e-01 -6.729282e-03
2.083333e+01 -1.352949e-01 -6.494155e-03
2.111111e+01 -1.317292e-01 -6.239805e-03
2.138889e+01 -1.276528e-01 -5.968185e-03
2.166667e+01 -1.230925e-01 -5.681192e-03
2.194444e+01 -1.180758e-01 -5.380668e-03
2.222222e+01 -1.126309e-01 -5.068393e-03
2.250000e+01 -1.067868e-01 -4.746078e-03
2.277778e+01 -1.005723e-01 -4.415368e-03
2.305556e+01 -9.401676e-02 -4.077835e-03
2.333333e+01 -8.714947e-02 -3.734977e-03
2.361111e+01 -7.999954e-02 -3.388216e-03
2.388889e+01 -7.259587e-02 -3.038897e-03
2.416667e+01 -6.496697e-02 -2.688288e-03
2.444444e+01 -5.714086e-02 -2.337581e-03
2.472222e+01 -4.914498e-02 -1.987887e-03
2.500000e+01 -4.100606e-02 -1.640242e-03
2.527778e+01 -3.275099e-02 -1.295644e-03
2.555556e+01 -2.440469e-02 -9.549660e-04
2.583333e+01 -1.599197e-02 -6.190440e-04
2.611111e+01 -7.536734e-03 -2.886409e-04
2.638889e+01 9.380916e-04 3.554873e-05
2.666667e+01 9.410546e-03 3.528955e-04
2.694444e+01 1.785966e-02 6.628328e-04
2.722222e+01 2.626547e-02 9.648538e-04
2.750000e+01 3.460900e-02 1.258509e-03
2.777778e+01 4.287230e-02 1.543403e-03
2.805556e+01 5.103845e-02 1.819192e-03
2.833333e+01 5.909153e-02 2.085583e-03
2.861111e+01 6.701662e-02 2.342328e-03
2.888889e+01 7.479983e-02 2.589225e-03
2.916667e+01 8.242826e-02 2.826112e-03
2.944444e+01 8.989001e-02 3.052868e-03
2.972222e+01 9.717413e-02 3.269410e-03
3.000000e+01 1.042706e-01 3.475688e-03
3.027778e+01 1.111705e-01 3.671687e-03
3.055556e+01 1.178657e-01 3.857422e-03
3.083333e+01 1.243488e-01 4.032934e-03
3.111111e+01 1.306136e-01 4.198295e-03
3.138889e+01 1.366546e-01 4.353597e-03
3.166667e+01 1.424669e-01 4.498955e-03
3.194444e+01 1.480467e-01 4.634507e-03
3.222222e+01 1.533908e-01 4.760405e-03
3.250000e+01 1.584966e-01 4.876818e-03
3.277778e+01 1.633622e-01 4.983932e-03
3.305556e+01 1.679863e-01 5.081940e-03
3.333333e+01 1.723683e-01 5.171048e-03
3.361111e+01 1.765083e-01 5.251488e-03
3.388889e+01 1.804069e-01 5.323483e-03
3.416667e+01 1.840651e-01 5.387270e-03
3.444444e+01 1.874843e-01 5.443093e-03
3.472222e+01 1.906667e-01 5.491200e-03
3.500000e+01 1.936145e-01 5.531843e-03
3.527778e+01 1.963307e-01 5.565279e-03
3.555556e+01 1.988183e-01 5.591766e-03
3.583333e+01 2.010810e-01 5.611563e-03
3.611111e+01 2.031225e-01 5.624930e-03
3.638889e+01 2.049469e-01 5.632129e-03
3.666667e+01 2.065586e-01 5.633418e-03
3.694444e+01 2.079623e-01 5.629054e-03
3.722222e+01 2.091626e-01 5.619294e-03
3.750000e+01 2.101646e-01 5.604391e-03
3.777778e+01 2.109735e-01 5.584594e-03
3.805556e+01 2.115946e-01 5.560149e-03
3.833333e+01 2.120332e-01 5.531301e-03
3.861111e+01 2.122949e-01 5.498286e-03
3.888889e+01 2.123853e-01 5.461337e-03
3.916667e+01 2.123102e-01 5.420685e-03
3.944444e+01 2.120751e-01 5.376552e-03
3.972222e+01 2.116859e-01 5.329156e-03
4.000000e+01 2.111484e-01 5.278709e-03
4.027778e+01 2.104683e-01 5.225419e-03
4.055556e+01 2.096514e-01 5.169486e-03
4.083333e+01 2.087035e-01 5.111106e-03
4.111111e+01 2.076303e-01 5.050467e-03
4.138889e+01 2.064375e-01 4.987752e-03
4.166667e+01 2.051307e-01 4.923138e-03
4.194444e+01 2.037156e-01 4.856795e-03
4.222222e+01 2.021975e-01 4.788889e-03
4.250000e+01 2.005820e-01 4.719576e-03
4.277778e+01 1.988743e-01 4.649010e-03
4.305556e+01 1.970798e-01 4.577338e-03
4.333333e+01 1.952036e-01 4.504699e-03
4.361111e+01 1.932507e-01 4.431227e-03
4.388889e+01 1.912262e-01 4.357052e-03
4.416667e+01 1.891347e-01 4.282296e-03
4.444444e+01 1.869811e-01 4.207075e-03
4.472222e+01 1.847700e-01 4.131503e-03
4.500000e+01 1.825058e-01 4.055684e-03
4.527778e+01 1.801929e-01 3.979720e-03
4.555556e+01 1.778356e-01 3.903707e-03
4.583333e+01 1.754379e-01 3.827736e-03
4.611111e+01 1.730039e-01 3.751891e-03
4.638889e+01 1.705373e-01 3.676254e-03
4.666667e+01 1.680421e-01 3.600902e-03
4.694444e+01 1.655217e-01 3.525905e-03
4.722222e+01 1.629796e-01 3.451332e-03
4.750000e+01 1.604192e-01 3.377246e-03
4.777778e+01 1.578437e-01 3.303705e-03
4.805556e+01 1.552562e-01 3.230765e-03
4.833333e+01 1.526597e-01 3.158476e-03
4.861111e+01 1.500570e-01 3.086886e-03
4.888889e+01 1.474508e-01 3.016039e-03
4.916667e+01 1.448438e-01 2.945976e-03
4.944444e+01 1.422385e-01 2.876734e-03
4.972222e+01 1.396372e-01 2.808346e-03
5.000000e+01 1.370422e-01 2.740845e-03
5.055556e+01 1.318797e-01 2.608610e-03
5.111111e+01 1.267667e-01 2.480218e-03
5.166667e+01 1.217175e-01 2.355823e-03
5.222222e+01 1.167448e-01 2.235540e-03
5.277778e+01 1.118598e-01 2.119450e-03
5.333333e+01 1.070722e-01 2.007604e-03
5.388889e+01 1.023904e-01 1.900027e-03
5.444444e+01 9.782139e-02 1.796719e-03
5.500000e+01 9.337128e-02 1.697660e-03
5.555556e+01 8.904492e-02 1.602808e-03
5.611111e+01 8.484620e-02 1.512110e-03
5.666667e+01 8.077811e-02 1.425496e-03
5.722222e+01 7.684280e-02 1.342884e-03
5.777778e+01 7.304165e-02 1.264182e-03
5.833333e+01 6.937535e-02 1.189292e-03
5.888889e+01 6.584394e-02 1.118105e-03
5.944444e+01 6.244692e-02 1.050509e-03
6.000000e+01 5.918328e-02 9.863879e-04
6.055556e+01 5.605153e-02 9.256216e-04
6.111111e+01 5.304982e-02 8.680880e-04
6.166667e+01 5.017594e-02 8.136639e-04
6.222222e+01 4.742738e-02 7.622257e-04
6.277778e+01 4.480136e-02 7.136500e-04
6.333333e+01 4.229491e-02 6.678144e-04
6.388889e+01 3.990488e-02 6.245981e-04
6.444444e+01 3.762796e-02 5.838821e-04
6.500000e+01 3.546074e-02 5.455498e-04
6.555556e+01 3.339972e-02 5.094873e-04
6.611111e+01 3.144136e-02 4.755836e-04
6.666667e+01 2.958206e-02 4.437309e-04
6.777778e+01 2.614469e-02 3.857414e-04
6.888889e+01 2.306220e-02 3.347739e-04
7.000000e+01 2.030450e-02 2.900642e-04
7.111111e+01 1.784321e-02 2.509202e-04
7.222222e+01 1.565167e-02 2.167155e-04
7.333333e+01 1.370487e-02 1.868846e-04
7.444444e+01 1.197943e-02 1.609177e-04
7.555556e+01 1.045358e-02 1.383563e-04
7.666667e+01 9.107111e-03 1.187884e-04
7.777778e+01 7.921314e-03 1.018455e-04
7.888889e+01 6.878965e-03 8.719815e-05
8.000000e+01 5.964248e-03 7.455310e-05
8.111111e+01 5.162712e-03 6.364987e-05
8.222222e+01 4.461202e-03 5.425787e-05
8.333333e+01 3.847804e-03 4.617365e-05
8.444444e+01 3.311770e-03 3.921833e-05
8.555556e+01 2.843448e-03 3.323511e-05
8.666667e+01 2.434209e-03 2.808703e-05
8.777778e+01 2.076362e-03 2.365475e-05
8.888889e+01 1.763071e-03 1.983455e-05
9.000000e+01 1.488269e-03 1.653633e-05
9.111111e+01 1.246565e-03 1.368182e-05
9.222222e+01 1.033145e-03 1.120278e-05
9.333333e+01 8.436729e-04 9.039353e-06
9.444444e+01 6.741868e-04 7.138449e-06
9.555556e+01 5.209899e-04 5.452219e-06
9.666667e+01 3.805371e-04 3.936591e-06
9.777778e+01 2.493194e-04 2.549857e-06
9.888889e+01 1.237419e-04 1.251323e-06
1.000000e+02 8.271425e-19
