# 
# Output from EIGENRAD program.
# 
# Eigenfunction for specific electronic state.
# The first column contains radius $r$ in bohr units.
# The second column holds value of eginefunction.
# 
# Use this file with gnuplot to create the plot.
#
0.000000e+00 0.000000e+00 -1.937359e-06
4.861111e-02 7.902803e-07 1.625719e-05
9.722222e-02 6.329853e-06 6.510706e-05
1.458333e-01 2.089204e-05 1.432597e-04
1.944444e-01 4.849135e-05 2.493841e-04
2.430556e-01 9.288894e-05 3.821716e-04
2.916667e-01 1.575982e-04 5.403365e-04
3.402778e-01 2.458903e-04 7.226164e-04
3.888889e-01 3.608007e-04 9.277731e-04
4.375000e-01 5.051344e-04 1.154593e-03
4.861111e-01 6.814732e-04 1.401888e-03
5.347222e-01 8.921813e-04 1.668495e-03
5.833333e-01 1.139412e-03 1.953278e-03
6.319444e-01 1.425116e-03 2.255129e-03
6.805556e-01 1.751046e-03 2.572965e-03
7.291667e-01 2.118764e-03 2.905734e-03
7.777778e-01 2.529653e-03 3.252410e-03
8.263889e-01 2.984917e-03 3.612000e-03
8.750000e-01 3.485595e-03 3.983537e-03
9.236111e-01 4.032566e-03 4.366087e-03
9.722222e-01 4.626559e-03 4.758746e-03
1.020833e+00 5.268157e-03 5.160643e-03
1.069444e+00 5.957809e-03 5.570939e-03
1.118056e+00 6.695840e-03 5.988826e-03
1.166667e+00 7.482453e-03 6.413531e-03
1.215278e+00 8.317746e-03 6.844317e-03
1.263889e+00 9.201714e-03 7.280477e-03
1.312500e+00 1.013426e-02 7.721344e-03
1.361111e+00 1.111522e-02 8.166284e-03
1.409722e+00 1.214433e-02 8.614699e-03
1.458333e+00 1.322130e-02 9.066032e-03
1.506944e+00 1.434540e-02 9.519528e-03
1.555556e+00 1.551619e-02 9.974695e-03
1.604167e+00 1.673305e-02 1.043099e-02
1.652778e+00 1.799526e-02 1.088789e-02
1.701389e+00 1.930207e-02 1.134489e-02
1.750000e+00 2.065265e-02 1.180151e-02
1.798611e+00 2.204611e-02 1.225730e-02
1.847222e+00 2.348152e-02 1.271180e-02
1.895833e+00 2.495789e-02 1.316460e-02
1.944444e+00 2.647417e-02 1.361529e-02
1.993056e+00 2.802929e-02 1.406348e-02
2.041667e+00 2.962213e-02 1.450880e-02
2.090278e+00 3.125153e-02 1.495090e-02
2.138889e+00 3.291629e-02 1.538943e-02
2.187500e+00 3.461519e-02 1.582409e-02
2.236111e+00 3.634698e-02 1.625455e-02
2.284722e+00 3.811038e-02 1.668053e-02
2.333333e+00 3.990409e-02 1.710175e-02
2.381944e+00 4.172678e-02 1.751795e-02
2.430556e+00 4.357711e-02 1.792887e-02
2.479167e+00 4.545373e-02 1.833428e-02
2.527778e+00 4.735527e-02 1.873395e-02
2.576389e+00 4.928033e-02 1.912768e-02
2.625000e+00 5.122754e-02 1.951525e-02
2.673611e+00 5.319550e-02 1.989650e-02
2.722222e+00 5.518278e-02 2.027123e-02
2.770833e+00 5.718800e-02 2.063928e-02
2.819444e+00 5.920972e-02 2.100049e-02
2.868056e+00 6.124655e-02 2.135473e-02
2.916667e+00 6.329707e-02 2.170185e-02
3.013889e+00 6.743347e-02 2.237424e-02
3.111111e+00 7.160786e-02 2.301681e-02
3.208333e+00 7.580905e-02 2.362879e-02
3.305556e+00 8.002602e-02 2.420955e-02
3.402778e+00 8.424795e-02 2.475858e-02
3.500000e+00 8.846424e-02 2.527550e-02
3.597222e+00 9.266453e-02 2.576002e-02
3.694444e+00 9.683873e-02 2.621199e-02
3.791667e+00 1.009770e-01 2.663130e-02
3.888889e+00 1.050699e-01 2.701797e-02
3.986111e+00 1.091081e-01 2.737207e-02
4.083333e+00 1.130829e-01 2.769376e-02
4.180556e+00 1.169856e-01 2.798325e-02
4.277778e+00 1.208080e-01 2.824083e-02
4.375000e+00 1.245424e-01 2.846683e-02
4.472222e+00 1.281813e-01 2.866165e-02
4.569444e+00 1.317175e-01 2.882572e-02
4.666667e+00 1.351444e-01 2.895952e-02
4.763889e+00 1.384557e-01 2.906358e-02
4.861111e+00 1.416453e-01 2.913846e-02
4.958333e+00 1.447077e-01 2.918474e-02
5.055556e+00 1.476377e-01 2.920306e-02
5.152778e+00 1.504305e-01 2.919406e-02
5.250000e+00 1.530817e-01 2.915841e-02
5.347222e+00 1.555871e-01 2.909680e-02
5.444444e+00 1.579430e-01 2.900993e-02
5.541667e+00 1.601460e-01 2.889853e-02
5.638889e+00 1.621931e-01 2.876331e-02
5.736111e+00 1.640816e-01 2.860503e-02
5.833333e+00 1.658090e-01 2.842440e-02
5.930556e+00 1.673735e-01 2.822222e-02
6.027778e+00 1.687732e-01 2.799924e-02
6.125000e+00 1.700068e-01 2.775621e-02
6.222222e+00 1.710731e-01 2.749389e-02
6.319444e+00 1.719714e-01 2.721305e-02
6.416667e+00 1.727010e-01 2.691444e-02
6.513889e+00 1.732618e-01 2.659882e-02
6.611111e+00 1.736537e-01 2.626694e-02
6.708333e+00 1.738770e-01 2.591955e-02
6.805556e+00 1.739321e-01 2.555737e-02
6.902778e+00 1.738199e-01 2.518115e-02
7.000000e+00 1.735412e-01 2.479160e-02
7.097222e+00 1.730972e-01 2.438943e-02
7.194444e+00 1.724894e-01 2.397536e-02
7.291667e+00 1.717192e-01 2.355006e-02
7.388889e+00 1.707884e-01 2.311423e-02
7.486111e+00 1.696991e-01 2.266852e-02
7.583333e+00 1.684531e-01 2.221360e-02
7.680556e+00 1.670529e-01 2.175011e-02
7.777778e+00 1.655009e-01 2.127868e-02
7.875000e+00 1.637995e-01 2.079993e-02
7.972222e+00 1.619514e-01 2.031446e-02
8.069444e+00 1.599595e-01 1.982287e-02
8.166667e+00 1.578268e-01 1.932573e-02
8.263889e+00 1.555561e-01 1.882359e-02
8.361111e+00 1.531507e-01 1.831702e-02
8.458333e+00 1.506137e-01 1.780654e-02
8.555556e+00 1.479485e-01 1.729268e-02
8.652778e+00 1.451584e-01 1.677593e-02
8.750000e+00 1.422469e-01 1.625679e-02
8.847222e+00 1.392174e-01 1.573572e-02
8.944444e+00 1.360737e-01 1.521320e-02
9.041667e+00 1.328191e-01 1.468967e-02
9.138889e+00 1.294575e-01 1.416556e-02
9.236111e+00 1.259925e-01 1.364129e-02
9.333333e+00 1.224278e-01 1.311726e-02
9.430556e+00 1.187671e-01 1.259386e-02
9.527778e+00 1.150143e-01 1.207147e-02
9.625000e+00 1.111731e-01 1.155045e-02
9.722222e+00 1.072472e-01 1.103114e-02
9.819444e+00 1.032405e-01 1.051389e-02
9.916667e+00 9.915682e-02 9.999007e-03
1.001389e+01 9.499983e-02 9.486807e-03
1.011111e+01 9.077335e-02 8.977584e-03
1.020833e+01 8.648114e-02 8.471621e-03
1.030556e+01 8.212692e-02 7.969189e-03
1.040278e+01 7.771443e-02 7.470546e-03
1.050000e+01 7.324734e-02 6.975937e-03
1.059722e+01 6.872933e-02 6.485598e-03
1.069444e+01 6.416402e-02 5.999752e-03
1.079167e+01 5.955501e-02 5.518611e-03
1.088889e+01 5.490585e-02 5.042374e-03
1.098611e+01 5.022007e-02 4.571233e-03
1.108333e+01 4.550113e-02 4.105365e-03
1.118056e+01 4.075247e-02 3.644941e-03
1.127778e+01 3.597746e-02 3.190119e-03
1.137500e+01 3.117943e-02 2.741049e-03
1.147222e+01 2.636167e-02 2.297870e-03
1.156944e+01 2.152740e-02 1.860711e-03
1.166667e+01 1.667978e-02 1.429696e-03
1.186111e+01 6.957064e-03 5.865441e-04
1.205556e+01 -2.782645e-03 -2.308185e-04
1.225000e+01 -1.251596e-02 -1.021711e-03
1.244444e+01 -2.222056e-02 -1.785581e-03
1.263889e+01 -3.187523e-02 -2.521996e-03
1.283333e+01 -4.145980e-02 -3.230634e-03
1.302778e+01 -5.095520e-02 -3.911273e-03
1.322222e+01 -6.034342e-02 -4.563788e-03
1.341667e+01 -6.960752e-02 -5.188138e-03
1.361111e+01 -7.873164e-02 -5.784365e-03
1.380556e+01 -8.770093e-02 -6.352583e-03
1.400000e+01 -9.650161e-02 -6.892972e-03
1.419444e+01 -1.051209e-01 -7.405779e-03
1.438889e+01 -1.135471e-01 -7.891304e-03
1.458333e+01 -1.217694e-01 -8.349901e-03
1.477778e+01 -1.297780e-01 -8.781969e-03
1.497222e+01 -1.375640e-01 -9.187951e-03
1.516667e+01 -1.451197e-01 -9.568330e-03
1.536111e+01 -1.524378e-01 -9.923620e-03
1.555556e+01 -1.595124e-01 -1.025437e-02
1.575000e+01 -1.663381e-01 -1.056115e-02
1.594444e+01 -1.729103e-01 -1.084455e-02
1.613889e+01 -1.792255e-01 -1.110520e-02
1.633333e+01 -1.852807e-01 -1.134372e-02
1.652778e+01 -1.910736e-01 -1.156075e-02
1.672222e+01 -1.966025e-01 -1.175696e-02
1.691667e+01 -2.018666e-01 -1.193300e-02
1.711111e+01 -2.068655e-01 -1.208954e-02
1.730556e+01 -2.115993e-01 -1.222725e-02
1.750000e+01 -2.160687e-01 -1.234678e-02
1.769444e+01 -2.202752e-01 -1.244883e-02
1.788889e+01 -2.242206e-01 -1.253407e-02
1.808333e+01 -2.279069e-01 -1.260315e-02
1.827778e+01 -2.313370e-01 -1.265673e-02
1.847222e+01 -2.345137e-01 -1.269548e-02
1.866667e+01 -2.374406e-01 -1.272003e-02
1.886111e+01 -2.401213e-01 -1.273103e-02
1.905556e+01 -2.425599e-01 -1.272909e-02
1.925000e+01 -2.447606e-01 -1.271484e-02
1.944444e+01 -2.467282e-01 -1.268888e-02
1.963889e+01 -2.484673e-01 -1.265180e-02
1.983333e+01 -2.499831e-01 -1.260419e-02
2.002778e+01 -2.512806e-01 -1.254660e-02
2.022222e+01 -2.523653e-01 -1.247960e-02
2.041667e+01 -2.532427e-01 -1.240372e-02
2.061111e+01 -2.539184e-01 -1.231949e-02
2.080556e+01 -2.543981e-01 -1.222741e-02
2.100000e+01 -2.546878e-01 -1.212799e-02
2.119444e+01 -2.547932e-01 -1.202170e-02
2.138889e+01 -2.547203e-01 -1.190900e-02
2.158333e+01 -2.544751e-01 -1.179035e-02
2.177778e+01 -2.540636e-01 -1.166619e-02
2.197222e+01 -2.534918e-01 -1.153692e-02
2.216667e+01 -2.527658e-01 -1.140297e-02
2.236111e+01 -2.518915e-01 -1.126471e-02
2.255556e+01 -2.508749e-01 -1.112253e-02
2.275000e+01 -2.497219e-01 -1.097679e-02
2.294444e+01 -2.484385e-01 -1.082783e-02
2.313889e+01 -2.470303e-01 -1.067598e-02
2.333333e+01 -2.455034e-01 -1.052157e-02
2.372222e+01 -2.421161e-01 -1.020630e-02
2.411111e+01 -2.383195e-01 -9.884217e-03
2.450000e+01 -2.341574e-01 -9.557446e-03
2.488889e+01 -2.296718e-01 -9.227886e-03
2.527778e+01 -2.249026e-01 -8.897245e-03
2.566667e+01 -2.198875e-01 -8.567047e-03
2.605556e+01 -2.146626e-01 -8.238648e-03
2.644444e+01 -2.092615e-01 -7.913251e-03
2.683333e+01 -2.037163e-01 -7.591911e-03
2.722222e+01 -1.980567e-01 -7.275553e-03
2.761111e+01 -1.923108e-01 -6.964977e-03
2.800000e+01 -1.865044e-01 -6.660871e-03
2.838889e+01 -1.806617e-01 -6.363818e-03
2.877778e+01 -1.748049e-01 -6.074303e-03
2.916667e+01 -1.689545e-01 -5.792725e-03
2.955556e+01 -1.631290e-01 -5.519402e-03
2.994444e+01 -1.573454e-01 -5.254578e-03
3.033333e+01 -1.516190e-01 -4.998427e-03
3.072222e+01 -1.459634e-01 -4.751068e-03
3.111111e+01 -1.403908e-01 -4.512561e-03
3.150000e+01 -1.349119e-01 -4.282918e-03
3.188889e+01 -1.295362e-01 -4.062110e-03
3.227778e+01 -1.242716e-01 -3.850068e-03
3.266667e+01 -1.191252e-01 -3.646690e-03
3.305556e+01 -1.141028e-01 -3.451849e-03
3.344444e+01 -1.092092e-01 -3.265391e-03
3.383333e+01 -1.044485e-01 -3.087147e-03
3.422222e+01 -9.982392e-02 -2.916933e-03
3.461111e+01 -9.533816e-02 -2.754553e-03
3.500000e+01 -9.099336e-02 -2.599810e-03
3.538889e+01 -8.678902e-02 -2.452437e-03
3.577778e+01 -8.272615e-02 -2.312222e-03
3.616667e+01 -7.880447e-02 -2.178925e-03
3.655556e+01 -7.502323e-02 -2.052307e-03
3.694444e+01 -7.138125e-02 -1.932124e-03
3.733333e+01 -6.787697e-02 -1.818133e-03
3.772222e+01 -6.450848e-02 -1.710092e-03
3.811111e+01 -6.127360e-02 -1.607762e-03
3.850000e+01 -5.816985e-02 -1.510905e-03
3.888889e+01 -5.519453e-02 -1.419288e-03
3.927778e+01 -5.234474e-02 -1.332681e-03
3.966667e+01 -4.961742e-02 -1.250859e-03
4.005556e+01 -4.700937e-02 -1.173604e-03
4.044444e+01 -4.451728e-02 -1.100702e-03
4.083333e+01 -4.213773e-02 -1.031944e-03
4.122222e+01 -3.986728e-02 -9.671307e-04
4.161111e+01 -3.770241e-02 -9.060659e-04
4.200000e+01 -3.563959e-02 -8.485618e-04
4.238889e+01 -3.367531e-02 -7.944371e-04
4.277778e+01 -3.180602e-02 -7.435174e-04
4.316667e+01 -3.002824e-02 -6.956349e-04
4.355556e+01 -2.833850e-02 -6.506288e-04
4.394444e+01 -2.673339e-02 -6.083451e-04
4.433333e+01 -2.520953e-02 -5.686360e-04
4.472222e+01 -2.376363e-02 -5.313606e-04
4.511111e+01 -2.239243e-02 -4.963840e-04
4.550000e+01 -2.109277e-02 -4.635774e-04
4.588889e+01 -1.986152e-02 -4.328177e-04
4.627778e+01 -1.869564e-02 -4.039874e-04
4.666667e+01 -1.759212e-02 -3.769741e-04
4.705556e+01 -1.654825e-02 -3.516748e-04
4.744444e+01 -1.556123e-02 -3.279884e-04
4.783333e+01 -1.462837e-02 -3.058196e-04
4.822222e+01 -1.374709e-02 -2.850779e-04
4.861111e+01 -1.291488e-02 -2.656776e-04
4.900000e+01 -1.212936e-02 -2.475379e-04
4.938889e+01 -1.138820e-02 -2.305822e-04
4.977778e+01 -1.068918e-02 -2.147379e-04
5.016667e+01 -1.003016e-02 -1.999368e-04
5.055556e+01 -9.409105e-03 -1.861142e-04
5.094444e+01 -8.824041e-03 -1.732091e-04
5.133333e+01 -8.273087e-03 -1.611640e-04
5.172222e+01 -7.754442e-03 -1.499248e-04
5.211111e+01 -7.266385e-03 -1.394402e-04
5.250000e+01 -6.807269e-03 -1.296623e-04
5.288889e+01 -6.375525e-03 -1.205456e-04
5.327778e+01 -5.969655e-03 -1.120477e-04
5.366667e+01 -5.588231e-03 -1.041285e-04
5.405556e+01 -5.229896e-03 -9.675040e-05
5.444444e+01 -4.893358e-03 -8.987801e-05
5.483333e+01 -4.577389e-03 -8.347822e-05
5.522222e+01 -4.280821e-03 -7.751990e-05
5.561111e+01 -4.002548e-03 -7.197389e-05
5.600000e+01 -3.741519e-03 -6.681283e-05
5.638889e+01 -3.496735e-03 -6.201107e-05
5.677778e+01 -3.267253e-03 -5.754458e-05
5.716667e+01 -3.052175e-03 -5.339082e-05
5.755556e+01 -2.850650e-03 -4.952866e-05
5.794444e+01 -2.661869e-03 -4.593830e-05
5.833333e+01 -2.485066e-03 -4.260113e-05
5.872222e+01 -2.319541e-03 -3.950022e-05
5.911111e+01 -2.164605e-03 -3.661925e-05
5.950000e+01 -2.019618e-03 -3.394316e-05
5.988889e+01 -1.883975e-03 -3.145783e-05
6.027778e+01 -1.757104e-03 -2.915010e-05
6.066667e+01 -1.638466e-03 -2.700767e-05
6.105556e+01 -1.527552e-03 -2.501906e-05
6.144444e+01 -1.423885e-03 -2.317353e-05
6.183333e+01 -1.327011e-03 -2.146109e-05
6.222222e+01 -1.236506e-03 -1.987241e-05
6.261111e+01 -1.151969e-03 -1.839880e-05
6.300000e+01 -1.073024e-03 -1.703213e-05
6.338889e+01 -9.993168e-04 -1.576486e-05
6.377778e+01 -9.305139e-04 -1.458994e-05
6.416667e+01 -8.663024e-04 -1.350082e-05
6.455556e+01 -8.063882e-04 -1.249138e-05
6.494444e+01 -7.504949e-04 -1.155595e-05
6.533333e+01 -6.983630e-04 -1.068923e-05
6.572222e+01 -6.497490e-04 -9.886290e-06
6.611111e+01 -6.044241e-04 -9.142549e-06
6.650000e+01 -5.621738e-04 -8.453741e-06
6.688889e+01 -5.227967e-04 -7.815898e-06
6.727778e+01 -4.861042e-04 -7.225331e-06
6.766667e+01 -4.519193e-04 -6.678610e-06
6.805556e+01 -4.200760e-04 -6.172545e-06
6.844444e+01 -3.904191e-04 -5.704175e-06
6.883333e+01 -3.628032e-04 -5.270748e-06
6.922222e+01 -3.370924e-04 -4.869713e-06
6.961111e+01 -3.131597e-04 -4.498703e-06
7.000000e+01 -2.908868e-04 -4.155526e-06
7.077778e+01 -2.508995e-04 -3.544892e-06
7.155556e+01 -2.162641e-04 -3.022325e-06
7.233333e+01 -1.863005e-04 -2.575583e-06
7.311111e+01 -1.604056e-04 -2.193998e-06
7.388889e+01 -1.380465e-04 -1.868299e-06
7.466667e+01 -1.187542e-04 -1.590457e-06
7.544444e+01 -1.021170e-04 -1.353539e-06
7.622222e+01 -8.777559e-05 -1.151575e-06
7.700000e+01 -7.541685e-05 -9.794396e-07
7.777778e+01 -6.476922e-05 -8.327471e-07
7.855556e+01 -5.559776e-05 -7.077508e-07
7.933333e+01 -4.769981e-05 -6.012581e-07
8.011111e+01 -4.090087e-05 -5.105517e-07
8.088889e+01 -3.505088e-05 -4.333213e-07
8.166667e+01 -3.002079e-05 -3.676015e-07
8.244444e+01 -2.569952e-05 -3.117192e-07
8.322222e+01 -2.199114e-05 -2.642461e-07
8.400000e+01 -1.881257e-05 -2.239591e-07
8.477778e+01 -1.609140e-05 -1.898068e-07
8.555556e+01 -1.376423e-05 -1.608807e-07
8.633333e+01 -1.177524e-05 -1.363928e-07
8.711111e+01 -1.007511e-05 -1.156581e-07
8.788889e+01 -8.620287e-06 -9.808165e-08
8.866667e+01 -7.372618e-06 -8.314982e-08
8.944444e+01 -6.299246e-06 -7.042635e-08
9.022222e+01 -5.372900e-06 -5.955185e-08
9.100000e+01 -4.572497e-06 -5.024722e-08
9.177778e+01 -3.884075e-06 -4.232043e-08
9.255556e+01 -3.302077e-06 -3.567670e-08
9.333333e+01 -2.830950e-06 -3.033160e-08
9.488889e+01 -2.066714e-06 -2.178036e-08
9.644444e+01 -1.495669e-06 -1.550809e-08
9.800000e+01 -1.075201e-06 -1.097144e-08
9.955556e+01 -7.701586e-07 -7.735968e-09
1.011111e+02 -5.519517e-07 -5.458863e-09
1.026667e+02 -3.977026e-07 -3.873727e-09
1.042222e+02 -2.894551e-07 -2.777287e-09
1.057778e+02 -2.134386e-07 -2.017802e-09
1.073333e+02 -1.593893e-07 -1.484994e-09
1.088889e+02 -1.199264e-07 -1.101365e-09
1.104444e+02 -8.998530e-08 -8.147563e-10
1.120000e+02 -6.630635e-08 -5.920210e-10
1.135556e+02 -4.697993e-08 -4.137176e-10
1.151111e+02 -3.104746e-08 -2.697173e-10
1.166667e+02 -1.815855e-08 -1.556447e-10
1.182222e+02 -8.284302e-09 -7.007398e-11
1.197778e+02 -1.486531e-09 -1.241075e-11
1.213333e+02 2.256769e-09 1.859974e-11
1.228889e+02 3.169980e-09 2.579549e-11
1.244444e+02 1.742291e-09 1.400055e-11
1.260000e+02 -1.265936e-09 -1.004711e-11
1.275556e+02 -4.872890e-09 -3.820210e-11
1.291111e+02 -7.981109e-09 -6.181582e-11
1.306667e+02 -9.539364e-09 -7.300534e-11
1.322222e+02 -8.760623e-09 -6.625682e-11
1.337778e+02 -5.396095e-09 -4.033626e-11
1.353333e+02 -6.535468e-11 -4.829164e-13
1.368889e+02 5.357452e-09 3.913723e-11
1.384444e+02 7.301315e-09 5.273823e-11
1.400000e+02 0.000000e+00
