# 
# Output from EIGENRAD program.
# 
# Eigenfunction for specific electronic state.
# The first column contains radius $r$ in bohr units.
# The second column holds value of eginefunction.
# 
# Use this file with gnuplot to create the plot.
#
0.000000e+00 0.000000e+00 -1.478380e-06
4.861111e-02 6.056370e-07 1.245882e-05
9.722222e-02 4.850300e-06 4.988880e-05
1.458333e-01 1.600850e-05 1.097726e-04
1.944444e-01 3.715581e-05 1.910870e-04
2.430556e-01 7.117278e-05 2.928251e-04
2.916667e-01 1.207491e-04 4.139969e-04
3.402778e-01 1.883878e-04 5.536296e-04
3.888889e-01 2.764098e-04 7.107681e-04
4.375000e-01 3.869582e-04 8.844760e-04
4.861111e-01 5.220032e-04 1.073835e-03
5.347222e-01 6.833467e-04 1.277947e-03
5.833333e-01 8.726275e-04 1.495933e-03
6.319444e-01 1.091326e-03 1.726934e-03
6.805556e-01 1.340771e-03 1.970113e-03
7.291667e-01 1.622142e-03 2.224652e-03
7.777778e-01 1.936478e-03 2.489757e-03
8.263889e-01 2.284680e-03 2.764655e-03
8.750000e-01 2.667522e-03 3.048596e-03
9.236111e-01 3.085650e-03 3.340854e-03
9.722222e-01 3.539593e-03 3.640724e-03
1.020833e+00 4.029769e-03 3.947529e-03
1.069444e+00 4.556489e-03 4.260613e-03
1.118056e+00 5.119966e-03 4.579348e-03
1.166667e+00 5.720319e-03 4.903130e-03
1.215278e+00 6.357582e-03 5.231382e-03
1.263889e+00 7.031712e-03 5.563553e-03
1.312500e+00 7.742593e-03 5.899118e-03
1.361111e+00 8.490043e-03 6.237583e-03
1.409722e+00 9.273827e-03 6.578478e-03
1.458333e+00 1.009366e-02 6.921365e-03
1.506944e+00 1.094894e-02 7.265655e-03
1.555556e+00 1.183927e-02 7.610962e-03
1.604167e+00 1.276412e-02 7.956856e-03
1.652778e+00 1.372290e-02 8.302929e-03
1.701389e+00 1.471495e-02 8.648786e-03
1.750000e+00 1.573958e-02 8.994048e-03
1.798611e+00 1.679607e-02 9.338354e-03
1.847222e+00 1.788361e-02 9.681354e-03
1.895833e+00 1.900140e-02 1.002272e-02
1.944444e+00 2.014857e-02 1.036212e-02
1.993056e+00 2.132422e-02 1.069926e-02
2.041667e+00 2.252744e-02 1.103385e-02
2.090278e+00 2.375726e-02 1.136560e-02
2.138889e+00 2.501270e-02 1.169425e-02
2.187500e+00 2.629275e-02 1.201954e-02
2.236111e+00 2.759639e-02 1.234124e-02
2.284722e+00 2.892256e-02 1.265911e-02
2.333333e+00 3.027019e-02 1.297294e-02
2.381944e+00 3.163820e-02 1.328251e-02
2.430556e+00 3.302548e-02 1.358763e-02
2.479167e+00 3.443093e-02 1.388811e-02
2.527778e+00 3.585343e-02 1.418377e-02
2.576389e+00 3.729183e-02 1.447446e-02
2.625000e+00 3.874501e-02 1.476000e-02
2.673611e+00 4.021182e-02 1.504026e-02
2.722222e+00 4.169110e-02 1.531510e-02
2.770833e+00 4.318171e-02 1.558438e-02
2.819444e+00 4.468249e-02 1.584798e-02
2.868056e+00 4.619230e-02 1.610579e-02
2.916667e+00 4.770997e-02 1.635770e-02
3.013889e+00 5.076427e-02 1.684344e-02
3.111111e+00 5.383638e-02 1.730455e-02
3.208333e+00 5.691719e-02 1.774042e-02
3.305556e+00 5.999775e-02 1.815058e-02
3.402778e+00 6.306927e-02 1.853464e-02
3.500000e+00 6.612315e-02 1.889233e-02
3.597222e+00 6.915102e-02 1.922345e-02
3.694444e+00 7.214470e-02 1.952789e-02
3.791667e+00 7.509630e-02 1.980562e-02
3.888889e+00 7.799815e-02 2.005667e-02
3.986111e+00 8.084286e-02 2.028113e-02
4.083333e+00 8.362332e-02 2.047918e-02
4.180556e+00 8.633273e-02 2.065102e-02
4.277778e+00 8.896458e-02 2.079691e-02
4.375000e+00 9.151265e-02 2.091718e-02
4.472222e+00 9.397108e-02 2.101217e-02
4.569444e+00 9.633429e-02 2.108228e-02
4.666667e+00 9.859706e-02 2.112794e-02
4.763889e+00 1.007545e-01 2.114963e-02
4.861111e+00 1.028019e-01 2.114783e-02
4.958333e+00 1.047352e-01 2.112308e-02
5.055556e+00 1.065505e-01 2.107591e-02
5.152778e+00 1.082440e-01 2.100692e-02
5.250000e+00 1.098126e-01 2.091668e-02
5.347222e+00 1.112532e-01 2.080580e-02
5.444444e+00 1.125633e-01 2.067490e-02
5.541667e+00 1.137406e-01 2.052462e-02
5.638889e+00 1.147829e-01 2.035559e-02
5.736111e+00 1.156886e-01 2.016847e-02
5.833333e+00 1.164561e-01 1.996389e-02
5.930556e+00 1.170843e-01 1.974255e-02
6.027778e+00 1.175725e-01 1.950511e-02
6.125000e+00 1.179199e-01 1.925222e-02
6.222222e+00 1.181262e-01 1.898456e-02
6.319444e+00 1.181913e-01 1.870280e-02
6.416667e+00 1.181154e-01 1.840760e-02
6.513889e+00 1.178989e-01 1.809962e-02
6.611111e+00 1.175425e-01 1.777953e-02
6.708333e+00 1.170469e-01 1.744798e-02
6.805556e+00 1.164132e-01 1.710561e-02
6.902778e+00 1.156427e-01 1.675307e-02
7.000000e+00 1.147370e-01 1.639099e-02
7.097222e+00 1.136975e-01 1.602000e-02
7.194444e+00 1.125262e-01 1.564071e-02
7.291667e+00 1.112251e-01 1.525373e-02
7.388889e+00 1.097964e-01 1.485966e-02
7.486111e+00 1.082423e-01 1.445908e-02
7.583333e+00 1.065653e-01 1.405257e-02
7.680556e+00 1.047681e-01 1.364070e-02
7.777778e+00 1.028534e-01 1.322401e-02
7.875000e+00 1.008240e-01 1.280304e-02
7.972222e+00 9.868286e-02 1.237834e-02
8.069444e+00 9.643311e-02 1.195040e-02
8.166667e+00 9.407791e-02 1.151974e-02
8.263889e+00 9.162052e-02 1.108685e-02
8.361111e+00 8.906427e-02 1.065220e-02
8.458333e+00 8.641258e-02 1.021627e-02
8.555556e+00 8.366894e-02 9.779487e-03
8.652778e+00 8.083689e-02 9.342305e-03
8.750000e+00 7.792002e-02 8.905145e-03
8.847222e+00 7.492199e-02 8.468420e-03
8.944444e+00 7.184648e-02 8.032526e-03
9.041667e+00 6.869723e-02 7.597850e-03
9.138889e+00 6.547797e-02 7.164763e-03
9.236111e+00 6.219249e-02 6.733623e-03
9.333333e+00 5.884457e-02 6.304776e-03
9.430556e+00 5.543803e-02 5.878554e-03
9.527778e+00 5.197667e-02 5.455278e-03
9.625000e+00 4.846431e-02 5.035253e-03
9.722222e+00 4.490475e-02 4.618774e-03
9.819444e+00 4.130179e-02 4.206123e-03
9.916667e+00 3.765923e-02 3.797569e-03
1.001389e+01 3.398083e-02 3.393370e-03
1.011111e+01 3.027035e-02 2.993770e-03
1.020833e+01 2.653150e-02 2.599004e-03
1.030556e+01 2.276799e-02 2.209293e-03
1.040278e+01 1.898348e-02 1.824847e-03
1.050000e+01 1.518159e-02 1.445866e-03
1.059722e+01 1.136591e-02 1.072537e-03
1.069444e+01 7.539998e-03 7.050387e-04
1.079167e+01 3.707339e-03 3.435372e-04
1.088889e+01 -1.286105e-04 -1.181117e-05
1.098611e+01 -3.964452e-03 -3.608603e-04
1.108333e+01 -7.796837e-03 -7.034741e-04
1.118056e+01 -1.162248e-02 -1.039526e-03
1.127778e+01 -1.543814e-02 -1.368899e-03
1.137500e+01 -1.924065e-02 -1.691486e-03
1.147222e+01 -2.302690e-02 -2.007187e-03
1.156944e+01 -2.679383e-02 -2.315913e-03
1.166667e+01 -3.053847e-02 -2.617583e-03
1.186111e+01 -3.794914e-02 -3.199460e-03
1.205556e+01 -4.523678e-02 -3.752360e-03
1.225000e+01 -5.237985e-02 -4.275906e-03
1.244444e+01 -5.935806e-02 -4.769844e-03
1.263889e+01 -6.615233e-02 -5.234031e-03
1.283333e+01 -7.274485e-02 -5.668430e-03
1.302778e+01 -7.911900e-02 -6.073100e-03
1.322222e+01 -8.525940e-02 -6.448190e-03
1.341667e+01 -9.115188e-02 -6.793929e-03
1.361111e+01 -9.678348e-02 -7.110623e-03
1.380556e+01 -1.021424e-01 -7.398645e-03
1.400000e+01 -1.072181e-01 -7.658433e-03
1.419444e+01 -1.120010e-01 -7.890481e-03
1.438889e+01 -1.164829e-01 -8.095335e-03
1.458333e+01 -1.206565e-01 -8.273589e-03
1.477778e+01 -1.245158e-01 -8.425879e-03
1.497222e+01 -1.280556e-01 -8.552880e-03
1.516667e+01 -1.312720e-01 -8.655298e-03
1.536111e+01 -1.341620e-01 -8.733871e-03
1.555556e+01 -1.367234e-01 -8.789360e-03
1.575000e+01 -1.389552e-01 -8.822550e-03
1.594444e+01 -1.408571e-01 -8.834243e-03
1.613889e+01 -1.424298e-01 -8.825253e-03
1.633333e+01 -1.436747e-01 -8.796408e-03
1.652778e+01 -1.445940e-01 -8.748542e-03
1.672222e+01 -1.451906e-01 -8.682493e-03
1.691667e+01 -1.454681e-01 -8.599101e-03
1.711111e+01 -1.454308e-01 -8.499204e-03
1.730556e+01 -1.450835e-01 -8.383635e-03
1.750000e+01 -1.444313e-01 -8.253217e-03
1.769444e+01 -1.434806e-01 -8.108795e-03
1.788889e+01 -1.422378e-01 -7.951181e-03
1.808333e+01 -1.407097e-01 -7.781181e-03
1.827778e+01 -1.389036e-01 -7.599591e-03
1.847222e+01 -1.368274e-01 -7.407195e-03
1.866667e+01 -1.344889e-01 -7.204761e-03
1.886111e+01 -1.318966e-01 -6.993043e-03
1.905556e+01 -1.290591e-01 -6.772778e-03
1.925000e+01 -1.259852e-01 -6.544688e-03
1.944444e+01 -1.226842e-01 -6.309474e-03
1.963889e+01 -1.191652e-01 -6.067820e-03
1.983333e+01 -1.154378e-01 -5.820391e-03
2.002778e+01 -1.115113e-01 -5.567833e-03
2.022222e+01 -1.073956e-01 -5.310769e-03
2.041667e+01 -1.031002e-01 -5.049807e-03
2.061111e+01 -9.863506e-02 -4.785529e-03
2.080556e+01 -9.400987e-02 -4.518499e-03
2.100000e+01 -8.923445e-02 -4.249259e-03
2.119444e+01 -8.431856e-02 -3.978333e-03
2.138889e+01 -7.927194e-02 -3.706220e-03
2.158333e+01 -7.410425e-02 -3.433401e-03
2.177778e+01 -6.882509e-02 -3.160336e-03
2.197222e+01 -6.344395e-02 -2.887462e-03
2.216667e+01 -5.797022e-02 -2.615198e-03
2.236111e+01 -5.241316e-02 -2.343942e-03
2.255556e+01 -4.678188e-02 -2.074074e-03
2.275000e+01 -4.108537e-02 -1.805950e-03
2.294444e+01 -3.533242e-02 -1.539912e-03
2.313889e+01 -2.953168e-02 -1.276279e-03
2.333333e+01 -2.369159e-02 -1.015354e-03
2.372222e+01 -1.192718e-02 -5.027849e-04
2.411111e+01 -1.002350e-04 -4.157213e-06
2.450000e+01 1.172788e-02 4.786890e-04
2.488889e+01 2.349996e-02 9.441949e-04
2.527778e+01 3.516288e-02 1.391059e-03
2.566667e+01 4.666755e-02 1.818216e-03
2.605556e+01 5.796884e-02 2.224817e-03
2.644444e+01 6.902552e-02 2.610209e-03
2.683333e+01 7.980017e-02 2.973919e-03
2.722222e+01 9.025911e-02 3.315641e-03
2.761111e+01 1.003723e-01 3.635213e-03
2.800000e+01 1.101132e-01 3.932613e-03
2.838889e+01 1.194587e-01 4.207938e-03
2.877778e+01 1.283890e-01 4.461395e-03
2.916667e+01 1.368876e-01 4.693291e-03
2.955556e+01 1.449410e-01 4.904019e-03
2.994444e+01 1.525385e-01 5.094050e-03
3.033333e+01 1.596723e-01 5.263922e-03
3.072222e+01 1.663372e-01 5.414232e-03
3.111111e+01 1.725306e-01 5.545626e-03
3.150000e+01 1.782520e-01 5.658793e-03
3.188889e+01 1.835031e-01 5.754453e-03
3.227778e+01 1.882877e-01 5.833354e-03
3.266667e+01 1.926112e-01 5.896262e-03
3.305556e+01 1.964807e-01 5.943955e-03
3.344444e+01 1.999046e-01 5.977215e-03
3.383333e+01 2.028925e-01 5.996824e-03
3.422222e+01 2.054550e-01 6.003556e-03
3.461111e+01 2.076033e-01 5.998170e-03
3.500000e+01 2.093493e-01 5.981410e-03
3.538889e+01 2.107087e-01 5.954092e-03
3.577778e+01 2.116943e-01 5.916921e-03
3.616667e+01 2.123209e-01 5.870624e-03
3.655556e+01 2.126036e-01 5.815903e-03
3.694444e+01 2.125577e-01 5.753440e-03
3.733333e+01 2.121987e-01 5.683894e-03
3.772222e+01 2.115425e-01 5.607900e-03
3.811111e+01 2.106046e-01 5.526069e-03
3.850000e+01 2.094009e-01 5.438984e-03
3.888889e+01 2.079469e-01 5.347207e-03
3.927778e+01 2.062583e-01 5.251272e-03
3.966667e+01 2.043503e-01 5.151689e-03
4.005556e+01 2.022381e-01 5.048939e-03
4.044444e+01 1.999364e-01 4.943483e-03
4.083333e+01 1.974599e-01 4.835752e-03
4.122222e+01 1.948226e-01 4.726155e-03
4.161111e+01 1.920384e-01 4.615075e-03
4.200000e+01 1.891206e-01 4.502872e-03
4.238889e+01 1.860822e-01 4.389881e-03
4.277778e+01 1.829356e-01 4.276417e-03
4.316667e+01 1.796929e-01 4.162771e-03
4.355556e+01 1.763656e-01 4.049211e-03
4.394444e+01 1.729648e-01 3.935988e-03
4.433333e+01 1.695010e-01 3.823331e-03
4.472222e+01 1.659843e-01 3.711450e-03
4.511111e+01 1.624243e-01 3.600539e-03
4.550000e+01 1.588302e-01 3.490773e-03
4.588889e+01 1.552106e-01 3.382312e-03
4.627778e+01 1.515737e-01 3.275303e-03
4.666667e+01 1.479275e-01 3.169875e-03
4.705556e+01 1.442789e-01 3.066139e-03
4.744444e+01 1.406347e-01 2.964196e-03
4.783333e+01 1.370013e-01 2.864138e-03
4.822222e+01 1.333847e-01 2.766041e-03
4.861111e+01 1.297903e-01 2.669972e-03
4.900000e+01 1.262234e-01 2.575987e-03
4.938889e+01 1.226885e-01 2.484132e-03
4.977778e+01 1.191901e-01 2.394443e-03
5.016667e+01 1.157320e-01 2.306951e-03
5.055556e+01 1.123180e-01 2.221675e-03
5.094444e+01 1.089513e-01 2.138630e-03
5.133333e+01 1.056349e-01 2.057823e-03
5.172222e+01 1.023714e-01 1.979255e-03
5.211111e+01 9.916328e-02 1.902920e-03
5.250000e+01 9.601254e-02 1.828810e-03
5.288889e+01 9.292104e-02 1.756910e-03
5.327778e+01 8.989037e-02 1.687202e-03
5.366667e+01 8.692188e-02 1.619662e-03
5.405556e+01 8.401669e-02 1.554266e-03
5.444444e+01 8.117571e-02 1.490982e-03
5.483333e+01 7.839965e-02 1.429781e-03
5.522222e+01 7.568905e-02 1.370627e-03
5.561111e+01 7.304425e-02 1.313483e-03
5.600000e+01 7.046546e-02 1.258312e-03
5.638889e+01 6.795271e-02 1.205073e-03
5.677778e+01 6.550590e-02 1.153724e-03
5.716667e+01 6.312482e-02 1.104224e-03
5.755556e+01 6.080914e-02 1.056529e-03
5.794444e+01 5.855839e-02 1.010595e-03
5.833333e+01 5.637206e-02 9.663782e-04
5.872222e+01 5.424945e-02 9.238316e-04
5.911111e+01 5.218986e-02 8.829111e-04
5.950000e+01 5.019248e-02 8.435711e-04
5.988889e+01 4.825644e-02 8.057661e-04
6.027778e+01 4.638080e-02 7.694511e-04
6.066667e+01 4.456458e-02 7.345810e-04
6.105556e+01 4.280675e-02 7.011114e-04
6.144444e+01 4.110621e-02 6.689981e-04
6.183333e+01 3.946188e-02 6.381975e-04
6.222222e+01 3.787259e-02 6.086666e-04
6.261111e+01 3.633718e-02 5.803631e-04
6.300000e+01 3.485445e-02 5.532453e-04
6.338889e+01 3.342321e-02 5.272723e-04
6.377778e+01 3.204221e-02 5.024040e-04
6.416667e+01 3.071024e-02 4.786012e-04
6.455556e+01 2.942606e-02 4.558253e-04
6.494444e+01 2.818841e-02 4.340389e-04
6.533333e+01 2.699607e-02 4.132052e-04
6.572222e+01 2.584780e-02 3.932886e-04
6.611111e+01 2.474236e-02 3.742541e-04
6.650000e+01 2.367853e-02 3.560681e-04
6.688889e+01 2.265510e-02 3.386975e-04
6.727778e+01 2.167087e-02 3.221104e-04
6.766667e+01 2.072465e-02 3.062757e-04
6.805556e+01 1.981528e-02 2.911633e-04
6.844444e+01 1.894160e-02 2.767441e-04
6.883333e+01 1.810246e-02 2.629898e-04
6.922222e+01 1.729676e-02 2.498729e-04
6.961111e+01 1.652339e-02 2.373671e-04
7.000000e+01 1.578127e-02 2.254467e-04
7.077778e+01 1.438652e-02 2.032632e-04
7.155556e+01 1.310455e-02 1.831381e-04
7.233333e+01 1.192745e-02 1.648957e-04
7.311111e+01 1.084775e-02 1.483735e-04
7.388889e+01 9.858387e-03 1.334218e-04
7.466667e+01 8.952692e-03 1.199021e-04
7.544444e+01 8.124396e-03 1.076871e-04
7.622222e+01 7.367603e-03 9.665952e-05
7.700000e+01 6.676780e-03 8.671143e-05
7.777778e+01 6.046742e-03 7.774382e-05
7.855556e+01 5.472638e-03 6.966583e-05
7.933333e+01 4.949941e-03 6.239422e-05
8.011111e+01 4.474432e-03 5.585283e-05
8.088889e+01 4.042186e-03 4.997208e-05
8.166667e+01 3.649561e-03 4.468850e-05
8.244444e+01 3.293180e-03 3.994423e-05
8.322222e+01 2.969924e-03 3.568667e-05
8.400000e+01 2.676912e-03 3.186800e-05
8.477778e+01 2.411491e-03 2.844485e-05
8.555556e+01 2.171222e-03 2.537792e-05
8.633333e+01 1.953863e-03 2.263161e-05
8.711111e+01 1.757360e-03 2.017378e-05
8.788889e+01 1.579832e-03 1.797533e-05
8.866667e+01 1.419554e-03 1.601001e-05
8.944444e+01 1.274947e-03 1.425407e-05
9.022222e+01 1.144563e-03 1.268605e-05
9.100000e+01 1.027071e-03 1.128649e-05
9.177778e+01 9.212404e-04 1.003773e-05
9.255556e+01 8.259332e-04 8.923648e-06
9.333333e+01 7.400846e-04 7.929477e-06
9.488889e+01 5.940206e-04 6.260170e-06
9.644444e+01 4.755125e-04 4.930430e-06
9.800000e+01 3.798141e-04 3.875654e-06
9.955556e+01 3.028651e-04 3.042171e-06
1.011111e+02 2.412196e-04 2.385689e-06
1.026667e+02 1.919779e-04 1.869915e-06
1.042222e+02 1.527220e-04 1.465350e-06
1.057778e+02 1.214559e-04 1.148217e-06
1.073333e+02 9.654929e-05 8.995275e-07
1.088889e+02 7.668604e-05 7.042596e-07
1.104444e+02 6.081589e-05 5.506469e-07
1.120000e+02 4.811077e-05 4.295605e-07
1.135556e+02 3.792496e-05 3.339771e-07
1.151111e+02 2.975931e-05 2.585268e-07
1.166667e+02 2.322957e-05 1.991106e-07
1.182222e+02 1.803870e-05 1.525830e-07
1.197778e+02 1.395326e-05 1.164929e-07
1.213333e+02 1.078383e-05 8.887771e-08
1.228889e+02 8.369524e-06 6.810644e-08
1.244444e+02 6.566495e-06 5.276648e-08
1.260000e+02 5.240521e-06 4.159143e-08
1.275556e+02 4.263633e-06 3.342569e-08
1.291111e+02 3.514794e-06 2.722302e-08
1.306667e+02 2.884624e-06 2.207621e-08
1.322222e+02 2.284170e-06 1.727524e-08
1.337778e+02 1.657731e-06 1.239167e-08
1.353333e+02 9.997264e-07 7.387141e-09
1.368889e+02 3.756188e-07 2.743968e-09
1.384444e+02 -5.312175e-08 -3.837045e-10
1.400000e+02 0.000000e+00
