# 
# Output from EIGENRAD program.
# 
# Eigenfunction for specific electronic state.
# The first column contains radius $r$ in bohr units.
# The second column holds value of eginefunction.
# 
# Use this file with gnuplot to create the plot.
#
0.000000e+00 0.000000e+00 9.916270e-07
1.111111e-01 4.771831e-08 4.294648e-07
2.222222e-01 4.487685e-07 2.019458e-06
3.333333e-01 2.374650e-06 7.123950e-06
4.444444e-01 7.542824e-06 1.697135e-05
5.555556e-01 1.814528e-05 3.266151e-05
6.666667e-01 3.678066e-05 5.517100e-05
7.777778e-01 6.638997e-05 8.535853e-05
8.888889e-01 1.101958e-04 1.239702e-04
1.000000e+00 1.716451e-04 1.716451e-04
1.111111e+00 2.543557e-04 2.289201e-04
1.222222e+00 3.620661e-04 2.962359e-04
1.333333e+00 4.985891e-04 3.739418e-04
1.444444e+00 6.677686e-04 4.623014e-04
1.555556e+00 8.734408e-04 5.614976e-04
1.666667e+00 1.119398e-03 6.716385e-04
1.777778e+00 1.409355e-03 7.927621e-04
1.888889e+00 1.746924e-03 9.248420e-04
2.000000e+00 2.135585e-03 1.067793e-03
2.111111e+00 2.578670e-03 1.221475e-03
2.222222e+00 3.079336e-03 1.385701e-03
2.333333e+00 3.640561e-03 1.560241e-03
2.444444e+00 4.265127e-03 1.744825e-03
2.555556e+00 4.955611e-03 1.939152e-03
2.666667e+00 5.714388e-03 2.142895e-03
2.777778e+00 6.543624e-03 2.355705e-03
2.888889e+00 7.445285e-03 2.577214e-03
3.000000e+00 8.421138e-03 2.807046e-03
3.111111e+00 9.472768e-03 3.044818e-03
3.222222e+00 1.060159e-02 3.290147e-03
3.333333e+00 1.180885e-02 3.542655e-03
3.444444e+00 1.309502e-02 3.801780e-03
3.555556e+00 1.446090e-02 4.067128e-03
3.666667e+00 1.590695e-02 4.338260e-03
3.777778e+00 1.743343e-02 4.614733e-03
3.888889e+00 1.904038e-02 4.896098e-03
4.000000e+00 2.072764e-02 5.181910e-03
4.111111e+00 2.249486e-02 5.471722e-03
4.222222e+00 2.434149e-02 5.765090e-03
4.333333e+00 2.626683e-02 6.061576e-03
4.444444e+00 2.826998e-02 6.360746e-03
4.555556e+00 3.034990e-02 6.662174e-03
4.666667e+00 3.250538e-02 6.965439e-03
4.777778e+00 3.473506e-02 7.270130e-03
4.888889e+00 3.703746e-02 7.575843e-03
5.000000e+00 3.941093e-02 7.882185e-03
5.111111e+00 4.185372e-02 8.188772e-03
5.222222e+00 4.436397e-02 8.495228e-03
5.333333e+00 4.693968e-02 8.801191e-03
5.444444e+00 4.957878e-02 9.106306e-03
5.555556e+00 5.227907e-02 9.410232e-03
5.666667e+00 5.503828e-02 9.712637e-03
5.777778e+00 5.785406e-02 1.001320e-02
5.888889e+00 6.072399e-02 1.031162e-02
6.000000e+00 6.364557e-02 1.060759e-02
6.111111e+00 6.661624e-02 1.090084e-02
6.222222e+00 6.963342e-02 1.119109e-02
6.333333e+00 7.269445e-02 1.147807e-02
6.444444e+00 7.579665e-02 1.176155e-02
6.555556e+00 7.893731e-02 1.204128e-02
6.666667e+00 8.211369e-02 1.231705e-02
6.888889e+00 8.856221e-02 1.285580e-02
7.111111e+00 9.512066e-02 1.337634e-02
7.333333e+00 1.017664e-01 1.387724e-02
7.555556e+00 1.084770e-01 1.435725e-02
7.777778e+00 1.152304e-01 1.481533e-02
8.000000e+00 1.220048e-01 1.525060e-02
8.222222e+00 1.287792e-01 1.566234e-02
8.444444e+00 1.355330e-01 1.604996e-02
8.666667e+00 1.422463e-01 1.641304e-02
8.888889e+00 1.489000e-01 1.675125e-02
9.111111e+00 1.554757e-01 1.706441e-02
9.333333e+00 1.619559e-01 1.735242e-02
9.555556e+00 1.683241e-01 1.761531e-02
9.777778e+00 1.745646e-01 1.785320e-02
1.000000e+01 1.806627e-01 1.806627e-02
1.022222e+01 1.866048e-01 1.825482e-02
1.044444e+01 1.923782e-01 1.841919e-02
1.066667e+01 1.979712e-01 1.855980e-02
1.088889e+01 2.033733e-01 1.867714e-02
1.111111e+01 2.085748e-01 1.877174e-02
1.133333e+01 2.135673e-01 1.884418e-02
1.155556e+01 2.183431e-01 1.889508e-02
1.177778e+01 2.228958e-01 1.892511e-02
1.200000e+01 2.272195e-01 1.893496e-02
1.222222e+01 2.313097e-01 1.892534e-02
1.244444e+01 2.351624e-01 1.889698e-02
1.266667e+01 2.387746e-01 1.885062e-02
1.288889e+01 2.421439e-01 1.878703e-02
1.311111e+01 2.452689e-01 1.870695e-02
1.333333e+01 2.481484e-01 1.861113e-02
1.355556e+01 2.507831e-01 1.850039e-02
1.377778e+01 2.531735e-01 1.837550e-02
1.400000e+01 2.553208e-01 1.823720e-02
1.422222e+01 2.572269e-01 1.808627e-02
1.444444e+01 2.588943e-01 1.792345e-02
1.466667e+01 2.603259e-01 1.774949e-02
1.488889e+01 2.615251e-01 1.756512e-02
1.511111e+01 2.624958e-01 1.737104e-02
1.533333e+01 2.632422e-01 1.716797e-02
1.555556e+01 2.637691e-01 1.695658e-02
1.577778e+01 2.640813e-01 1.673755e-02
1.600000e+01 2.641841e-01 1.651151e-02
1.622222e+01 2.640832e-01 1.627910e-02
1.644444e+01 2.637842e-01 1.604093e-02
1.666667e+01 2.632931e-01 1.579758e-02
1.688889e+01 2.626161e-01 1.554964e-02
1.711111e+01 2.617594e-01 1.529763e-02
1.733333e+01 2.607296e-01 1.504209e-02
1.755556e+01 2.595332e-01 1.478353e-02
1.777778e+01 2.581767e-01 1.452244e-02
1.800000e+01 2.566668e-01 1.425926e-02
1.822222e+01 2.550101e-01 1.399446e-02
1.844444e+01 2.532136e-01 1.372845e-02
1.866667e+01 2.512837e-01 1.346162e-02
1.888889e+01 2.492271e-01 1.319438e-02
1.911111e+01 2.470506e-01 1.292707e-02
1.933333e+01 2.447607e-01 1.266004e-02
1.955556e+01 2.423639e-01 1.239361e-02
1.977778e+01 2.398666e-01 1.212809e-02
2.000000e+01 2.372752e-01 1.186376e-02
2.022222e+01 2.345959e-01 1.160090e-02
2.044444e+01 2.318348e-01 1.133975e-02
2.066667e+01 2.289980e-01 1.108055e-02
2.088889e+01 2.260913e-01 1.082352e-02
2.111111e+01 2.231204e-01 1.056886e-02
2.133333e+01 2.200910e-01 1.031677e-02
2.155556e+01 2.170086e-01 1.006741e-02
2.177778e+01 2.138784e-01 9.820945e-03
2.200000e+01 2.107055e-01 9.577522e-03
2.222222e+01 2.074950e-01 9.337275e-03
2.244444e+01 2.042517e-01 9.100323e-03
2.266667e+01 2.009802e-01 8.866776e-03
2.288889e+01 1.976852e-01 8.636731e-03
2.311111e+01 1.943708e-01 8.410276e-03
2.333333e+01 1.910414e-01 8.187487e-03
2.355556e+01 1.877008e-01 7.968431e-03
2.377778e+01 1.843531e-01 7.753166e-03
2.400000e+01 1.810018e-01 7.541740e-03
2.422222e+01 1.776504e-01 7.334192e-03
2.444444e+01 1.743025e-01 7.130556e-03
2.466667e+01 1.709611e-01 6.930855e-03
2.488889e+01 1.676293e-01 6.735107e-03
2.511111e+01 1.643101e-01 6.543323e-03
2.533333e+01 1.610061e-01 6.355506e-03
2.555556e+01 1.577201e-01 6.171654e-03
2.577778e+01 1.544543e-01 5.991762e-03
2.600000e+01 1.512112e-01 5.815816e-03
2.622222e+01 1.479930e-01 5.643800e-03
2.644444e+01 1.448016e-01 5.475692e-03
2.666667e+01 1.416391e-01 5.311466e-03
2.688889e+01 1.385071e-01 5.151092e-03
2.711111e+01 1.354074e-01 4.994537e-03
2.733333e+01 1.323415e-01 4.841764e-03
2.755556e+01 1.293109e-01 4.692733e-03
2.777778e+01 1.263167e-01 4.547402e-03
2.800000e+01 1.233603e-01 4.405726e-03
2.822222e+01 1.204428e-01 4.267657e-03
2.844444e+01 1.175651e-01 4.133147e-03
2.866667e+01 1.147281e-01 4.002143e-03
2.888889e+01 1.119327e-01 3.874592e-03
2.911111e+01 1.091795e-01 3.750441e-03
2.933333e+01 1.064693e-01 3.629634e-03
2.955556e+01 1.038024e-01 3.512113e-03
2.977778e+01 1.011796e-01 3.397821e-03
3.000000e+01 9.860096e-02 3.286699e-03
3.022222e+01 9.606700e-02 3.178688e-03
3.044444e+01 9.357792e-02 3.073727e-03
3.066667e+01 9.113391e-02 2.971758e-03
3.088889e+01 8.873509e-02 2.872719e-03
3.111111e+01 8.638152e-02 2.776549e-03
3.133333e+01 8.407323e-02 2.683188e-03
3.155556e+01 8.181015e-02 2.592575e-03
3.177778e+01 7.959219e-02 2.504649e-03
3.200000e+01 7.741923e-02 2.419351e-03
3.222222e+01 7.529106e-02 2.336619e-03
3.244444e+01 7.320746e-02 2.256394e-03
3.266667e+01 7.116817e-02 2.178617e-03
3.288889e+01 6.917287e-02 2.103229e-03
3.311111e+01 6.722125e-02 2.030172e-03
3.333333e+01 6.531291e-02 1.959387e-03
3.355556e+01 6.344747e-02 1.890819e-03
3.377778e+01 6.162450e-02 1.824410e-03
3.400000e+01 5.984355e-02 1.760104e-03
3.422222e+01 5.810413e-02 1.697848e-03
3.444444e+01 5.640576e-02 1.637587e-03
3.466667e+01 5.474792e-02 1.579267e-03
3.488889e+01 5.313006e-02 1.522836e-03
3.511111e+01 5.155165e-02 1.468243e-03
3.533333e+01 5.001212e-02 1.415437e-03
3.555556e+01 4.851089e-02 1.364369e-03
3.577778e+01 4.704737e-02 1.314989e-03
3.600000e+01 4.562096e-02 1.267249e-03
3.622222e+01 4.423106e-02 1.221103e-03
3.644444e+01 4.287704e-02 1.176504e-03
3.666667e+01 4.155830e-02 1.133408e-03
3.688889e+01 4.027419e-02 1.091770e-03
3.711111e+01 3.902410e-02 1.051548e-03
3.733333e+01 3.780739e-02 1.012698e-03
3.755556e+01 3.662342e-02 9.751798e-04
3.777778e+01 3.547156e-02 9.389531e-04
3.800000e+01 3.435117e-02 9.039782e-04
3.822222e+01 3.326162e-02 8.702169e-04
3.844444e+01 3.220228e-02 8.376315e-04
3.866667e+01 3.117250e-02 8.061854e-04
3.888889e+01 3.017167e-02 7.758431e-04
3.911111e+01 2.919916e-02 7.465695e-04
3.933333e+01 2.825435e-02 7.183310e-04
3.955556e+01 2.733662e-02 6.910944e-04
3.977778e+01 2.644536e-02 6.648275e-04
4.000000e+01 2.557996e-02 6.394991e-04
4.044444e+01 2.392434e-02 5.915358e-04
4.088889e+01 2.236511e-02 5.469727e-04
4.133333e+01 2.089764e-02 5.055880e-04
4.177778e+01 1.951742e-02 4.671723e-04
4.222222e+01 1.822010e-02 4.315286e-04
4.266667e+01 1.700146e-02 3.984716e-04
4.311111e+01 1.585743e-02 3.678269e-04
4.355556e+01 1.478409e-02 3.394306e-04
4.400000e+01 1.377766e-02 3.131285e-04
4.444444e+01 1.283450e-02 2.887763e-04
4.488889e+01 1.195114e-02 2.662382e-04
4.533333e+01 1.112422e-02 2.453871e-04
4.577778e+01 1.035054e-02 2.261040e-04
4.622222e+01 9.627051e-03 2.082775e-04
4.666667e+01 8.950827e-03 1.918034e-04
4.711111e+01 8.319084e-03 1.765843e-04
4.755556e+01 7.729176e-03 1.625294e-04
4.800000e+01 7.178584e-03 1.495538e-04
4.844444e+01 6.664920e-03 1.375786e-04
4.888889e+01 6.185919e-03 1.265302e-04
4.933333e+01 5.739438e-03 1.163400e-04
4.977778e+01 5.323447e-03 1.069443e-04
5.022222e+01 4.936031e-03 9.828381e-05
5.066667e+01 4.575379e-03 9.030353e-05
5.111111e+01 4.239782e-03 8.295225e-05
5.155556e+01 3.927624e-03 7.618236e-05
5.200000e+01 3.637380e-03 6.994962e-05
5.244444e+01 3.367608e-03 6.421287e-05
5.288889e+01 3.116939e-03 5.893373e-05
5.333333e+01 2.884075e-03 5.407641e-05
5.377778e+01 2.667893e-03 4.960958e-05
5.422222e+01 2.467239e-03 4.550236e-05
5.466667e+01 2.281062e-03 4.172674e-05
5.511111e+01 2.108377e-03 3.825683e-05
5.555556e+01 1.948258e-03 3.506864e-05
5.600000e+01 1.799839e-03 3.213998e-05
5.644444e+01 1.662308e-03 2.945034e-05
5.688889e+01 1.534906e-03 2.698078e-05
5.733333e+01 1.416923e-03 2.471378e-05
5.777778e+01 1.307694e-03 2.263317e-05
5.822222e+01 1.206600e-03 2.072405e-05
5.866667e+01 1.113061e-03 1.897263e-05
5.911111e+01 1.026538e-03 1.736624e-05
5.955556e+01 9.465252e-04 1.589315e-05
6.000000e+01 8.725545e-04 1.454258e-05
6.044444e+01 8.041880e-04 1.330458e-05
6.088889e+01 7.410178e-04 1.217000e-05
6.133333e+01 6.826644e-04 1.113040e-05
6.177778e+01 6.287746e-04 1.017801e-05
6.222222e+01 5.790195e-04 9.305670e-06
6.266667e+01 5.330932e-04 8.506807e-06
6.311111e+01 4.907114e-04 7.775357e-06
6.355556e+01 4.516097e-04 7.105746e-06
6.400000e+01 4.155423e-04 6.492848e-06
6.444444e+01 3.822811e-04 5.931949e-06
6.488889e+01 3.516147e-04 5.418719e-06
6.533333e+01 3.233467e-04 4.949184e-06
6.577778e+01 2.972958e-04 4.519700e-06
6.622222e+01 2.732943e-04 4.126927e-06
6.666667e+01 2.511877e-04 3.767815e-06
6.711111e+01 2.308275e-04 3.439482e-06
6.755556e+01 2.120794e-04 3.139333e-06
6.800000e+01 1.948200e-04 2.865000e-06
6.844444e+01 1.789347e-04 2.614305e-06
6.888889e+01 1.643171e-04 2.385248e-06
6.933333e+01 1.508689e-04 2.175993e-06
6.977778e+01 1.384988e-04 1.984855e-06
7.022222e+01 1.271225e-04 1.810288e-06
7.066667e+01 1.166620e-04 1.650877e-06
7.111111e+01 1.070453e-04 1.505324e-06
7.155556e+01 9.820581e-05 1.372441e-06
7.200000e+01 9.008221e-05 1.251142e-06
7.244444e+01 8.261780e-05 1.140430e-06
7.288889e+01 7.576032e-05 1.039395e-06
7.333333e+01 6.946156e-05 9.472031e-07
7.377778e+01 6.367707e-05 8.630929e-07
7.422222e+01 5.836584e-05 7.863661e-07
7.466667e+01 5.349004e-05 7.163845e-07
7.511111e+01 4.901478e-05 6.525636e-07
7.555556e+01 4.490785e-05 5.943686e-07
7.600000e+01 4.113953e-05 5.413096e-07
7.644444e+01 3.768242e-05 4.929386e-07
7.688889e+01 3.451121e-05 4.488452e-07
7.733333e+01 3.160260e-05 4.086544e-07
7.777778e+01 2.893513e-05 3.720231e-07
7.822222e+01 2.648907e-05 3.386387e-07
7.866667e+01 2.424636e-05 3.082165e-07
7.911111e+01 2.219053e-05 2.804982e-07
7.955556e+01 2.030662e-05 2.552508e-07
8.000000e+01 1.858123e-05 2.322653e-07
8.088889e+01 1.555572e-05 1.923098e-07
8.177778e+01 1.301097e-05 1.591015e-07
8.266667e+01 1.087502e-05 1.315527e-07
8.355556e+01 9.085318e-06 1.087339e-07
8.444444e+01 7.587739e-06 8.985480e-08
8.533333e+01 6.335761e-06 7.424720e-08
8.622222e+01 5.289623e-06 6.134873e-08
8.711111e+01 4.415561e-06 5.068884e-08
8.800000e+01 3.685081e-06 4.187592e-08
8.888889e+01 3.074293e-06 3.458580e-08
8.977778e+01 2.563284e-06 2.855143e-08
9.066667e+01 2.135543e-06 2.355379e-08
9.155556e+01 1.777440e-06 1.941379e-08
9.244444e+01 1.477748e-06 1.598525e-08
9.333333e+01 1.227214e-06 1.314872e-08
9.422222e+01 1.018188e-06 1.080624e-08
9.511111e+01 8.442887e-07 8.876867e-09
9.600000e+01 7.001299e-07 7.293020e-09
9.688889e+01 5.810866e-07 5.997454e-09
9.777778e+01 4.831169e-07 4.940968e-09
9.866667e+01 4.026300e-07 4.080710e-09
9.955556e+01 3.364047e-07 3.379065e-09
1.004444e+02 2.815560e-07 2.803101e-09
1.013333e+02 2.355518e-07 2.324524e-09
1.022222e+02 1.962784e-07 1.920115e-09
1.031111e+02 1.621554e-07 1.572628e-09
1.040000e+02 1.322993e-07 1.272108e-09
1.048889e+02 1.067371e-07 1.017620e-09
1.057778e+02 8.666845e-08 8.193446e-10
1.066667e+02 7.477742e-08 7.010383e-10
1.075556e+02 6.192592e-08 5.757575e-10
1.084444e+02 5.123604e-08 4.724635e-10
1.093333e+02 4.236611e-08 3.874949e-10
1.102222e+02 3.502112e-08 3.177319e-10
1.111111e+02 2.894794e-08 2.605315e-10
1.120000e+02 2.393092e-08 2.136689e-10
1.128889e+02 1.978759e-08 1.752838e-10
1.137778e+02 1.636476e-08 1.438309e-10
1.146667e+02 1.353480e-08 1.180361e-10
1.155556e+02 1.119220e-08 9.685557e-11
1.164444e+02 9.250403e-09 7.944049e-11
1.173333e+02 7.638896e-09 6.510423e-11
1.182222e+02 6.300540e-09 5.329404e-11
1.191111e+02 5.189185e-09 4.356592e-11
1.200000e+02 4.267539e-09 3.556282e-11
1.208889e+02 3.505286e-09 2.899593e-11
1.217778e+02 2.877481e-09 2.362895e-11
1.226667e+02 2.363198e-09 1.926520e-11
1.235556e+02 1.944435e-09 1.573734e-11
1.244444e+02 1.605286e-09 1.289962e-11
1.253333e+02 1.331370e-09 1.062264e-11
1.262222e+02 1.109523e-09 8.790232e-12
1.271111e+02 9.277450e-10 7.298693e-12
1.280000e+02 7.754178e-10 6.057952e-12
1.288889e+02 6.437722e-10 4.994784e-12
1.297778e+02 5.266224e-10 4.057878e-12
1.306667e+02 4.213593e-10 3.224689e-12
1.315556e+02 3.302044e-10 2.509999e-12
1.324444e+02 2.617238e-10 1.976102e-12
1.333333e+02 2.326035e-10 1.744526e-12
1.342222e+02 1.913770e-10 1.425822e-12
1.351111e+02 1.573049e-10 1.164263e-12
1.360000e+02 1.292232e-10 9.501706e-13
1.368889e+02 1.061308e-10 7.753063e-13
1.377778e+02 8.717248e-11 6.327035e-13
1.386667e+02 7.162295e-11 5.165116e-13
1.395556e+02 5.887203e-11 4.218537e-13
1.404444e+02 4.841058e-11 3.446956e-13
1.413333e+02 3.981741e-11 2.817269e-13
1.422222e+02 3.274717e-11 2.302535e-13
1.431111e+02 2.691912e-11 1.880994e-13
1.440000e+02 2.210689e-11 1.535201e-13
1.448889e+02 1.812914e-11 1.251244e-13
1.457778e+02 1.484113e-11 1.018065e-13
1.466667e+02 1.212733e-11 8.268634e-14
1.475556e+02 9.894846e-12 6.705844e-14
1.484444e+02 8.067859e-12 5.434935e-14
1.493333e+02 6.582970e-12 4.408239e-14
1.502222e+02 5.385490e-12 3.585016e-14
1.511111e+02 4.426667e-12 2.929412e-14
1.520000e+02 3.661845e-12 2.409109e-14
1.528889e+02 3.049565e-12 1.994628e-14
1.537778e+02 2.551595e-12 1.659274e-14
1.546667e+02 2.133908e-12 1.379682e-14
1.555556e+02 1.768585e-12 1.136948e-14
1.564444e+02 1.436660e-12 9.183195e-15
1.573333e+02 1.131901e-12 7.194288e-15
1.582222e+02 8.655295e-13 5.470341e-15
1.591111e+02 6.718700e-13 4.222647e-15
1.600000e+02 6.149441e-13 3.843401e-15
1.605333e+02 5.454124e-13 3.397503e-15
1.610667e+02 4.836912e-13 3.003050e-15
1.616000e+02 4.289246e-13 2.654237e-15
1.621333e+02 3.803430e-13 2.345866e-15
1.626667e+02 3.372562e-13 2.073296e-15
1.632000e+02 2.990467e-13 1.832394e-15
1.637333e+02 2.651634e-13 1.619483e-15
1.642667e+02 2.351155e-13 1.431304e-15
1.648000e+02 2.084670e-13 1.264970e-15
1.653333e+02 1.848312e-13 1.117931e-15
1.658667e+02 1.638656e-13 9.879355e-16
1.664000e+02 1.452673e-13 8.730006e-16
1.669333e+02 1.287688e-13 7.713787e-16
1.674667e+02 1.141337e-13 6.815309e-16
1.680000e+02 1.011531e-13 6.021015e-16
1.685333e+02 8.964201e-14 5.318948e-16
1.690667e+02 7.943676e-14 4.698547e-16
1.696000e+02 7.039181e-14 4.150461e-16
1.701333e+02 6.237752e-14 3.666390e-16
1.706667e+02 5.527809e-14 3.238951e-16
1.712000e+02 4.898976e-14 2.861552e-16
1.717333e+02 4.341944e-14 2.528306e-16
1.722667e+02 3.848354e-14 2.233952e-16
1.728000e+02 3.410730e-14 1.973802e-16
1.733333e+02 3.022426e-14 1.743707e-16
1.738667e+02 2.677620e-14 1.540042e-16
1.744000e+02 2.371334e-14 1.359710e-16
1.749333e+02 2.099489e-14 1.200165e-16
1.754667e+02 1.858990e-14 1.059455e-16
1.760000e+02 1.647849e-14 9.362779e-17
1.765867e+02 1.442639e-14 8.169582e-17
1.771733e+02 1.262376e-14 7.125090e-17
1.777600e+02 1.104234e-14 6.211940e-17
1.783467e+02 9.656599e-15 5.414510e-17
1.789333e+02 8.443495e-15 4.718794e-17
1.795200e+02 7.382347e-15 4.112270e-17
1.801067e+02 6.454643e-15 3.583789e-17
1.806933e+02 5.643877e-15 3.123456e-17
1.812800e+02 4.935399e-15 2.722528e-17
1.818667e+02 4.316252e-15 2.373306e-17
1.824533e+02 3.775032e-15 2.069040e-17
1.830400e+02 3.301742e-15 1.803837e-17
1.836267e+02 2.887662e-15 1.572572e-17
1.842133e+02 2.525210e-15 1.370807e-17
1.848000e+02 2.207825e-15 1.194711e-17
1.853867e+02 1.929846e-15 1.040984e-17
1.859733e+02 1.686396e-15 9.067944e-18
1.865600e+02 1.473277e-15 7.897071e-18
1.871467e+02 1.286870e-15 6.876264e-18
1.877333e+02 1.124032e-15 5.987386e-18
1.883200e+02 9.820123e-16 5.214594e-18
1.889067e+02 8.583641e-16 4.543853e-18
1.894933e+02 7.508654e-16 3.962490e-18
1.900800e+02 6.574456e-16 3.458784e-18
1.906667e+02 5.761177e-16 3.021596e-18
1.912533e+02 5.049155e-16 2.640035e-18
1.918400e+02 4.418368e-16 2.303153e-18
1.924267e+02 3.847927e-16 1.999685e-18
1.930133e+02 3.315618e-16 1.717818e-18
1.936000e+02 2.797504e-16 1.444992e-18
1.942453e+02 2.456773e-16 1.264778e-18
1.948907e+02 2.163098e-16 1.109903e-18
1.955360e+02 1.904156e-16 9.738135e-19
1.961813e+02 1.671320e-16 8.519260e-19
1.968267e+02 1.458961e-16 7.412413e-19
1.974720e+02 1.263810e-16 6.399945e-19
1.981173e+02 1.084379e-16 5.473418e-19
1.987627e+02 9.204384e-17 4.630841e-19
1.994080e+02 7.725581e-17 3.874258e-19
2.000533e+02 6.417050e-17 3.207670e-19
2.006987e+02 5.289009e-17 2.635298e-19
2.013440e+02 4.349397e-17 2.160182e-19
2.019893e+02 3.601637e-17 1.783083e-19
2.026347e+02 3.042995e-17 1.501715e-19
2.032800e+02 2.663530e-17 1.310277e-19
2.039253e+02 2.445641e-17 1.199283e-19
2.045707e+02 2.364201e-17 1.155689e-19
2.052160e+02 2.387290e-17 1.163306e-19
2.058613e+02 2.477525e-17 1.203492e-19
2.065067e+02 2.593969e-17 1.256119e-19
2.071520e+02 2.694650e-17 1.300808e-19
2.077973e+02 2.739664e-17 1.318431e-19
2.084427e+02 2.694874e-17 1.292861e-19
2.090880e+02 2.536199e-17 1.212982e-19
2.097333e+02 2.254506e-17 1.074939e-19
2.103787e+02 1.861082e-17 8.846342e-20
2.110240e+02 1.393709e-17 6.604506e-20
2.116693e+02 9.233335e-18 4.362150e-20
2.123147e+02 5.613187e-18 2.643806e-20
2.129600e+02 4.673026e-18 2.194321e-20
2.136699e+02 5.861595e-18 2.743295e-20
2.143797e+02 6.038101e-18 2.816545e-20
2.150896e+02 5.730912e-18 2.664430e-20
2.157995e+02 5.318593e-18 2.464600e-20
2.165093e+02 5.053084e-18 2.333888e-20
2.172192e+02 5.081298e-18 2.339249e-20
2.179291e+02 5.465121e-18 2.507752e-20
2.186389e+02 6.199842e-18 2.835653e-20
2.193488e+02 7.230984e-18 3.296569e-20
2.200587e+02 8.469553e-18 3.848770e-20
2.207685e+02 9.805705e-18 4.441622e-20
2.214784e+02 1.112082e-17 5.021176e-20
2.221883e+02 1.229800e-17 5.534945e-20
2.228981e+02 1.323096e-17 5.935878e-20
2.236080e+02 1.383137e-17 6.185543e-20
2.243179e+02 1.403456e-17 6.256550e-20
2.250277e+02 1.380370e-17 6.134221e-20
2.257376e+02 1.313233e-17 5.817518e-20
2.264475e+02 1.204535e-17 5.319269e-20
2.271573e+02 1.059842e-17 4.665674e-20
2.278672e+02 8.875743e-18 3.895138e-20
2.285771e+02 6.986289e-18 3.056426e-20
2.292869e+02 5.058430e-18 2.206157e-20
2.299968e+02 3.232985e-18 1.405665e-20
2.307067e+02 1.654672e-18 7.172188e-21
2.314165e+02 4.619874e-19 1.996346e-21
2.321264e+02 -2.245082e-19 -9.671806e-22
2.328363e+02 -3.154914e-19 -1.354993e-21
2.335461e+02 2.322400e-19 9.944076e-22
2.342560e+02 1.399296e-18 5.973363e-21
2.350369e+02 1.256992e-18 5.348063e-21
2.358177e+02 9.092356e-19 3.855672e-21
2.365986e+02 4.903439e-19 2.072472e-21
2.373794e+02 9.323510e-20 3.927683e-22
2.381603e+02 -2.234826e-19 -9.383708e-22
2.389411e+02 -4.289768e-19 -1.795324e-21
2.397220e+02 -5.142096e-19 -2.145025e-21
2.405028e+02 -4.865103e-19 -2.022888e-21
2.412837e+02 -3.647014e-19 -1.511505e-21
2.420645e+02 -1.747781e-19 -7.220309e-22
2.428454e+02 5.385927e-20 2.217842e-22
2.436262e+02 2.916180e-19 1.196989e-21
2.444071e+02 5.113738e-19 2.092303e-21
2.451879e+02 6.905769e-19 2.816520e-21
2.459688e+02 8.128054e-19 3.304506e-21
2.467497e+02 8.687651e-19 3.520836e-21
2.475305e+02 8.567351e-19 3.461129e-21
2.483114e+02 7.824608e-19 3.151128e-21
2.490922e+02 6.584931e-19 2.643572e-21
2.498731e+02 5.029739e-19 2.012918e-21
2.506539e+02 3.378683e-19 1.347947e-21
2.514348e+02 1.866435e-19 7.423140e-22
2.522156e+02 7.139384e-20 2.830667e-22
2.529965e+02 9.412394e-21 3.720366e-23
2.537773e+02 9.209535e-21 3.628983e-23
2.545582e+02 6.597746e-20 2.591842e-22
2.553390e+02 1.565015e-19 6.129165e-22
2.561199e+02 2.335180e-19 9.117526e-22
2.569007e+02 2.195183e-19 8.544868e-22
2.576816e+02 0.000000e+00
