# 
# Output from EIGENRAD program.
# 
# Eigenfunction for specific electronic state.
# The first column contains radius $r$ in bohr units.
# The second column holds value of eginefunction.
# 
# Use this file with gnuplot to create the plot.
#
0.000000e+00 0.000000e+00 -6.009283e-07
1.111111e-01 -3.104274e-08 -2.793847e-07
2.222222e-01 -3.032215e-07 -1.364497e-06
3.333333e-01 -1.592006e-06 -4.776018e-06
4.444444e-01 -5.040018e-06 -1.134004e-05
5.555556e-01 -1.210705e-05 -2.179268e-05
6.666667e-01 -2.452252e-05 -3.678378e-05
7.777778e-01 -4.424044e-05 -5.688057e-05
8.888889e-01 -7.339681e-05 -8.257141e-05
1.000000e+00 -1.142694e-04 -1.142694e-04
1.111111e+00 -1.692402e-04 -1.523162e-04
1.222222e+00 -2.407601e-04 -1.969855e-04
1.333333e+00 -3.313161e-04 -2.484871e-04
1.444444e+00 -4.434011e-04 -3.069700e-04
1.555556e+00 -5.794861e-04 -3.725268e-04
1.666667e+00 -7.419944e-04 -4.451967e-04
1.777778e+00 -9.332795e-04 -5.249697e-04
1.888889e+00 -1.155604e-03 -6.117902e-04
2.000000e+00 -1.411121e-03 -7.055605e-04
2.111111e+00 -1.701860e-03 -8.061444e-04
2.222222e+00 -2.029714e-03 -9.133714e-04
2.333333e+00 -2.396427e-03 -1.027040e-03
2.444444e+00 -2.803585e-03 -1.146921e-03
2.555556e+00 -3.252616e-03 -1.272763e-03
2.666667e+00 -3.744780e-03 -1.404293e-03
2.777778e+00 -4.281173e-03 -1.541222e-03
2.888889e+00 -4.862724e-03 -1.683251e-03
3.000000e+00 -5.490205e-03 -1.830068e-03
3.111111e+00 -6.164234e-03 -1.981361e-03
3.222222e+00 -6.885282e-03 -2.136812e-03
3.333333e+00 -7.653690e-03 -2.296107e-03
3.444444e+00 -8.469268e-03 -2.458820e-03
3.555556e+00 -9.331989e-03 -2.624622e-03
3.666667e+00 -1.024160e-02 -2.793163e-03
3.777778e+00 -1.119766e-02 -2.964087e-03
3.888889e+00 -1.219959e-02 -3.137038e-03
4.000000e+00 -1.324664e-02 -3.311660e-03
4.111111e+00 -1.433790e-02 -3.487598e-03
4.222222e+00 -1.547233e-02 -3.664500e-03
4.333333e+00 -1.664875e-02 -3.842019e-03
4.444444e+00 -1.786583e-02 -4.019812e-03
4.555556e+00 -1.912214e-02 -4.197543e-03
4.666667e+00 -2.041612e-02 -4.374883e-03
4.777778e+00 -2.174609e-02 -4.551507e-03
4.888889e+00 -2.311028e-02 -4.727103e-03
5.000000e+00 -2.450681e-02 -4.901362e-03
5.111111e+00 -2.593371e-02 -5.073987e-03
5.222222e+00 -2.738893e-02 -5.244689e-03
5.333333e+00 -2.887034e-02 -5.413188e-03
5.444444e+00 -3.037572e-02 -5.579214e-03
5.555556e+00 -3.190281e-02 -5.742506e-03
5.666667e+00 -3.344929e-02 -5.902815e-03
5.777778e+00 -3.501276e-02 -6.059900e-03
5.888889e+00 -3.659080e-02 -6.213532e-03
6.000000e+00 -3.818096e-02 -6.363493e-03
6.111111e+00 -3.978072e-02 -6.509573e-03
6.222222e+00 -4.138758e-02 -6.651576e-03
6.333333e+00 -4.299900e-02 -6.789316e-03
6.444444e+00 -4.461243e-02 -6.922618e-03
6.555556e+00 -4.622531e-02 -7.051318e-03
6.666667e+00 -4.783510e-02 -7.175265e-03
6.888889e+00 -5.103485e-02 -7.408285e-03
7.111111e+00 -5.419205e-02 -7.620757e-03
7.333333e+00 -5.728642e-02 -7.811784e-03
7.555556e+00 -6.029824e-02 -7.980649e-03
7.777778e+00 -6.320849e-02 -8.126806e-03
8.000000e+00 -6.599892e-02 -8.249866e-03
8.222222e+00 -6.865215e-02 -8.349586e-03
8.444444e+00 -7.115172e-02 -8.425862e-03
8.666667e+00 -7.348219e-02 -8.478715e-03
8.888889e+00 -7.562920e-02 -8.508285e-03
9.111111e+00 -7.757949e-02 -8.514822e-03
9.333333e+00 -7.932099e-02 -8.498677e-03
9.555556e+00 -8.084284e-02 -8.460297e-03
9.777778e+00 -8.213542e-02 -8.400214e-03
1.000000e+01 -8.319038e-02 -8.319038e-03
1.022222e+01 -8.400063e-02 -8.217453e-03
1.044444e+01 -8.456038e-02 -8.096207e-03
1.066667e+01 -8.486513e-02 -7.956106e-03
1.088889e+01 -8.491165e-02 -7.798009e-03
1.111111e+01 -8.469797e-02 -7.622817e-03
1.133333e+01 -8.422334e-02 -7.431472e-03
1.155556e+01 -8.348826e-02 -7.224945e-03
1.177778e+01 -8.249434e-02 -7.004236e-03
1.200000e+01 -8.124433e-02 -6.770361e-03
1.222222e+01 -7.974205e-02 -6.524349e-03
1.244444e+01 -7.799229e-02 -6.267237e-03
1.266667e+01 -7.600078e-02 -6.000062e-03
1.288889e+01 -7.377410e-02 -5.723852e-03
1.311111e+01 -7.131956e-02 -5.439628e-03
1.333333e+01 -6.864517e-02 -5.148388e-03
1.355556e+01 -6.576059e-02 -4.851191e-03
1.377778e+01 -6.267533e-02 -4.549016e-03
1.400000e+01 -5.939966e-02 -4.242833e-03
1.422222e+01 -5.594443e-02 -3.933593e-03
1.444444e+01 -5.232101e-02 -3.622224e-03
1.466667e+01 -4.854118e-02 -3.309626e-03
1.488889e+01 -4.461714e-02 -2.996673e-03
1.511111e+01 -4.056138e-02 -2.684209e-03
1.533333e+01 -3.638668e-02 -2.373044e-03
1.555556e+01 -3.210600e-02 -2.063957e-03
1.577778e+01 -2.773248e-02 -1.757693e-03
1.600000e+01 -2.327934e-02 -1.454959e-03
1.622222e+01 -1.875986e-02 -1.156429e-03
1.644444e+01 -1.418731e-02 -8.627416e-04
1.666667e+01 -9.574930e-03 -5.744958e-04
1.688889e+01 -4.935876e-03 -2.922558e-04
1.711111e+01 -2.831677e-04 -1.654876e-05
1.733333e+01 4.370341e-03 2.521351e-04
1.755556e+01 9.012000e-03 5.133418e-04
1.777778e+01 1.362940e-02 7.666536e-04
1.800000e+01 1.821040e-02 1.011689e-03
1.822222e+01 2.274317e-02 1.248101e-03
1.844444e+01 2.721620e-02 1.475577e-03
1.866667e+01 3.161837e-02 1.693841e-03
1.888889e+01 3.593890e-02 1.902648e-03
1.911111e+01 4.016746e-02 2.101785e-03
1.933333e+01 4.429411e-02 2.291075e-03
1.955556e+01 4.830939e-02 2.470366e-03
1.977778e+01 5.220427e-02 2.639542e-03
2.000000e+01 5.597023e-02 2.798511e-03
2.022222e+01 5.959910e-02 2.947208e-03
2.044444e+01 6.308342e-02 3.085602e-03
2.066667e+01 6.641605e-02 3.213680e-03
2.088889e+01 6.959040e-02 3.331455e-03
2.111111e+01 7.260039e-02 3.438966e-03
2.133333e+01 7.544045e-02 3.536271e-03
2.155556e+01 7.810555e-02 3.623453e-03
2.177778e+01 8.059114e-02 3.700613e-03
2.200000e+01 8.289319e-02 3.767872e-03
2.222222e+01 8.500819e-02 3.825369e-03
2.244444e+01 8.693311e-02 3.873257e-03
2.266667e+01 8.866541e-02 3.911709e-03
2.288889e+01 9.020304e-02 3.940910e-03
2.311111e+01 9.154443e-02 3.961057e-03
2.333333e+01 9.268848e-02 3.972363e-03
2.355556e+01 9.363452e-02 3.975050e-03
2.377778e+01 9.438237e-02 3.969352e-03
2.400000e+01 9.493225e-02 3.955511e-03
2.422222e+01 9.528484e-02 3.933778e-03
2.444444e+01 9.544119e-02 3.904412e-03
2.466667e+01 9.540278e-02 3.867680e-03
2.488889e+01 9.517147e-02 3.823854e-03
2.511111e+01 9.474949e-02 3.773210e-03
2.533333e+01 9.413941e-02 3.716029e-03
2.555556e+01 9.334415e-02 3.652597e-03
2.577778e+01 9.236695e-02 3.583201e-03
2.600000e+01 9.121136e-02 3.508129e-03
2.622222e+01 8.988119e-02 3.427673e-03
2.644444e+01 8.838054e-02 3.342121e-03
2.666667e+01 8.671374e-02 3.251765e-03
2.688889e+01 8.488548e-02 3.156898e-03
2.711111e+01 8.290058e-02 3.057808e-03
2.733333e+01 8.076407e-02 2.954783e-03
2.755556e+01 7.848120e-02 2.848108e-03
2.777778e+01 7.605739e-02 2.738066e-03
2.800000e+01 7.349823e-02 2.624937e-03
2.822222e+01 7.080945e-02 2.508996e-03
2.844444e+01 6.799692e-02 2.390517e-03
2.866667e+01 6.506663e-02 2.269766e-03
2.888889e+01 6.202467e-02 2.147008e-03
2.911111e+01 5.887722e-02 2.022500e-03
2.933333e+01 5.563053e-02 1.896495e-03
2.955556e+01 5.229091e-02 1.769241e-03
2.977778e+01 4.886473e-02 1.640980e-03
3.000000e+01 4.535839e-02 1.511946e-03
3.022222e+01 4.177829e-02 1.382370e-03
3.044444e+01 3.813087e-02 1.252474e-03
3.066667e+01 3.442256e-02 1.122475e-03
3.088889e+01 3.065977e-02 9.925823e-04
3.111111e+01 2.684887e-02 8.629995e-04
3.133333e+01 2.299624e-02 7.339226e-04
3.155556e+01 1.910817e-02 6.055406e-04
3.177778e+01 1.519092e-02 4.780359e-04
3.200000e+01 1.125067e-02 3.515835e-04
3.222222e+01 7.293546e-03 2.263514e-04
3.244444e+01 3.325572e-03 1.025005e-04
3.266667e+01 -6.473086e-04 -1.981557e-05
3.288889e+01 -4.619252e-03 -1.404502e-04
3.311111e+01 -8.584521e-03 -2.592641e-04
3.333333e+01 -1.253749e-02 -3.761247e-04
3.355556e+01 -1.647264e-02 -4.909064e-04
3.377778e+01 -2.038459e-02 -6.034911e-04
3.400000e+01 -2.426808e-02 -7.137670e-04
3.422222e+01 -2.811798e-02 -8.216293e-04
3.444444e+01 -3.192931e-02 -9.269800e-04
3.466667e+01 -3.569722e-02 -1.029728e-03
3.488889e+01 -3.941702e-02 -1.129787e-03
3.511111e+01 -4.308416e-02 -1.227081e-03
3.533333e+01 -4.669426e-02 -1.321536e-03
3.555556e+01 -5.024307e-02 -1.413086e-03
3.577778e+01 -5.372651e-02 -1.501673e-03
3.600000e+01 -5.714068e-02 -1.587241e-03
3.622222e+01 -6.048181e-02 -1.669743e-03
3.644444e+01 -6.374631e-02 -1.749137e-03
3.666667e+01 -6.693076e-02 -1.825384e-03
3.688889e+01 -7.003190e-02 -1.898455e-03
3.711111e+01 -7.304662e-02 -1.968322e-03
3.733333e+01 -7.597200e-02 -2.034964e-03
3.755556e+01 -7.880527e-02 -2.098365e-03
3.777778e+01 -8.154384e-02 -2.158513e-03
3.800000e+01 -8.418528e-02 -2.215402e-03
3.822222e+01 -8.672731e-02 -2.269029e-03
3.844444e+01 -8.916784e-02 -2.319395e-03
3.866667e+01 -9.150493e-02 -2.366507e-03
3.888889e+01 -9.373679e-02 -2.410375e-03
3.911111e+01 -9.586180e-02 -2.451012e-03
3.933333e+01 -9.787850e-02 -2.488436e-03
3.955556e+01 -9.978557e-02 -2.522669e-03
3.977778e+01 -1.015819e-01 -2.553734e-03
4.000000e+01 -1.032664e-01 -2.581659e-03
4.044444e+01 -1.062965e-01 -2.628210e-03
4.088889e+01 -1.088714e-01 -2.662615e-03
4.133333e+01 -1.109878e-01 -2.685190e-03
4.177778e+01 -1.126450e-01 -2.696291e-03
4.222222e+01 -1.138442e-01 -2.696309e-03
4.266667e+01 -1.145884e-01 -2.685667e-03
4.311111e+01 -1.148829e-01 -2.664811e-03
4.355556e+01 -1.147344e-01 -2.634209e-03
4.400000e+01 -1.141513e-01 -2.594347e-03
4.444444e+01 -1.131432e-01 -2.545723e-03
4.488889e+01 -1.117215e-01 -2.488846e-03
4.533333e+01 -1.098985e-01 -2.424233e-03
4.577778e+01 -1.076877e-01 -2.352402e-03
4.622222e+01 -1.051036e-01 -2.273877e-03
4.666667e+01 -1.021616e-01 -2.189177e-03
4.711111e+01 -9.887776e-02 -2.098820e-03
4.755556e+01 -9.526899e-02 -2.003320e-03
4.800000e+01 -9.135269e-02 -1.903181e-03
4.844444e+01 -8.714674e-02 -1.798901e-03
4.888889e+01 -8.266942e-02 -1.690965e-03
4.933333e+01 -7.793928e-02 -1.579850e-03
4.977778e+01 -7.297511e-02 -1.466018e-03
5.022222e+01 -6.779576e-02 -1.349916e-03
5.066667e+01 -6.242016e-02 -1.231977e-03
5.111111e+01 -5.686717e-02 -1.112619e-03
5.155556e+01 -5.115553e-02 -9.922409e-04
5.200000e+01 -4.530377e-02 -8.712264e-04
5.244444e+01 -3.933017e-02 -7.499396e-04
5.288889e+01 -3.325263e-02 -6.287263e-04
5.333333e+01 -2.708869e-02 -5.079130e-04
5.377778e+01 -2.085606e-02 -3.878193e-04
5.422222e+01 -1.457123e-02 -2.687318e-04
5.466667e+01 -8.250653e-03 -1.509266e-04
5.511111e+01 -1.910222e-03 -3.466128e-05
5.555556e+01 4.434724e-03 7.982502e-05
5.600000e+01 1.076943e-02 1.923112e-04
5.644444e+01 1.707974e-02 3.025938e-04
5.688889e+01 2.335210e-02 4.104862e-04
5.733333e+01 2.957359e-02 5.158185e-04
5.777778e+01 3.573191e-02 6.184370e-04
5.822222e+01 4.181541e-02 7.182035e-04
5.866667e+01 4.781305e-02 8.149951e-04
5.911111e+01 5.371447e-02 9.087034e-04
5.955556e+01 5.950994e-02 9.992341e-04
6.000000e+01 6.519039e-02 1.086507e-03
6.044444e+01 7.074738e-02 1.170453e-03
6.088889e+01 7.617310e-02 1.251018e-03
6.133333e+01 8.146041e-02 1.328159e-03
6.177778e+01 8.660275e-02 1.401843e-03
6.222222e+01 9.159421e-02 1.472050e-03
6.266667e+01 9.642947e-02 1.538768e-03
6.311111e+01 1.011038e-01 1.601997e-03
6.355556e+01 1.056130e-01 1.661743e-03
6.400000e+01 1.099535e-01 1.718024e-03
6.444444e+01 1.141223e-01 1.770863e-03
6.488889e+01 1.181167e-01 1.820291e-03
6.533333e+01 1.219347e-01 1.866347e-03
6.577778e+01 1.255747e-01 1.909074e-03
6.622222e+01 1.290355e-01 1.948522e-03
6.666667e+01 1.323163e-01 1.984745e-03
6.711111e+01 1.354172e-01 2.017806e-03
6.755556e+01 1.383381e-01 2.047768e-03
6.800000e+01 1.410795e-01 2.074699e-03
6.844444e+01 1.436424e-01 2.098672e-03
6.888889e+01 1.460280e-01 2.119761e-03
6.933333e+01 1.482377e-01 2.138044e-03
6.977778e+01 1.502735e-01 2.153602e-03
7.022222e+01 1.521375e-01 2.166515e-03
7.066667e+01 1.538320e-01 2.176868e-03
7.111111e+01 1.553597e-01 2.184745e-03
7.155556e+01 1.567234e-01 2.190233e-03
7.200000e+01 1.579262e-01 2.193419e-03
7.244444e+01 1.589713e-01 2.194389e-03
7.288889e+01 1.598622e-01 2.193231e-03
7.333333e+01 1.606023e-01 2.190032e-03
7.377778e+01 1.611955e-01 2.184879e-03
7.422222e+01 1.616456e-01 2.177860e-03
7.466667e+01 1.619565e-01 2.169060e-03
7.511111e+01 1.621322e-01 2.158565e-03
7.555556e+01 1.621769e-01 2.146459e-03
7.600000e+01 1.620947e-01 2.132825e-03
7.644444e+01 1.618898e-01 2.117745e-03
7.688889e+01 1.615667e-01 2.101300e-03
7.733333e+01 1.611294e-01 2.083570e-03
7.777778e+01 1.605825e-01 2.064632e-03
7.822222e+01 1.599301e-01 2.044561e-03
7.866667e+01 1.591767e-01 2.023433e-03
7.911111e+01 1.583266e-01 2.001320e-03
7.955556e+01 1.573841e-01 1.978291e-03
8.000000e+01 1.563533e-01 1.954417e-03
8.088889e+01 1.540450e-01 1.904403e-03
8.177778e+01 1.514334e-01 1.851767e-03
8.266667e+01 1.485518e-01 1.796998e-03
8.355556e+01 1.454320e-01 1.740543e-03
8.444444e+01 1.421045e-01 1.682817e-03
8.533333e+01 1.385983e-01 1.624199e-03
8.622222e+01 1.349410e-01 1.565037e-03
8.711111e+01 1.311584e-01 1.505645e-03
8.800000e+01 1.272752e-01 1.446310e-03
8.888889e+01 1.233144e-01 1.387287e-03
8.977778e+01 1.192975e-01 1.328809e-03
9.066667e+01 1.152444e-01 1.271078e-03
9.155556e+01 1.111736e-01 1.214275e-03
9.244444e+01 1.071021e-01 1.158557e-03
9.333333e+01 1.030455e-01 1.104059e-03
9.422222e+01 9.901787e-02 1.050897e-03
9.511111e+01 9.503195e-02 9.991677e-04
9.600000e+01 9.109913e-02 9.489493e-04
9.688889e+01 8.722951e-02 9.003046e-04
9.777778e+01 8.343195e-02 8.532813e-04
9.866667e+01 7.971412e-02 8.079134e-04
9.955556e+01 7.608261e-02 7.642226e-04
1.004444e+02 7.254295e-02 7.222197e-04
1.013333e+02 6.909975e-02 6.819054e-04
1.022222e+02 6.575672e-02 6.432723e-04
1.031111e+02 6.251684e-02 6.063055e-04
1.040000e+02 5.938239e-02 5.709845e-04
1.048889e+02 5.635511e-02 5.372838e-04
1.057778e+02 5.343627e-02 5.051748e-04
1.066667e+02 5.062683e-02 4.746266e-04
1.075556e+02 4.792527e-02 4.455862e-04
1.084444e+02 4.533170e-02 4.180177e-04
1.093333e+02 4.284506e-02 3.918756e-04
1.102222e+02 4.046399e-02 3.671128e-04
1.111111e+02 3.818680e-02 3.436812e-04
1.120000e+02 3.601155e-02 3.215317e-04
1.128889e+02 3.393608e-02 3.006149e-04
1.137778e+02 3.195800e-02 2.808808e-04
1.146667e+02 3.007477e-02 2.622800e-04
1.155556e+02 2.828372e-02 2.447630e-04
1.164444e+02 2.658205e-02 2.282810e-04
1.173333e+02 2.496687e-02 2.127859e-04
1.182222e+02 2.343524e-02 1.982304e-04
1.191111e+02 2.198416e-02 1.845685e-04
1.200000e+02 2.061060e-02 1.717550e-04
1.208889e+02 1.931154e-02 1.597462e-04
1.217778e+02 1.808397e-02 1.484998e-04
1.226667e+02 1.692489e-02 1.379746e-04
1.235556e+02 1.583134e-02 1.281313e-04
1.244444e+02 1.480041e-02 1.189319e-04
1.253333e+02 1.382924e-02 1.103397e-04
1.262222e+02 1.291506e-02 1.023200e-04
1.271111e+02 1.205513e-02 9.483928e-05
1.280000e+02 1.124681e-02 8.786566e-05
1.288889e+02 1.048752e-02 8.136872e-05
1.297778e+02 9.774788e-03 7.531943e-05
1.306667e+02 9.106181e-03 6.969016e-05
1.315556e+02 8.479356e-03 6.445456e-05
1.324444e+02 7.892037e-03 5.958752e-05
1.333333e+02 7.342007e-03 5.506505e-05
1.342222e+02 6.827320e-03 5.086580e-05
1.351111e+02 6.345953e-03 4.696840e-05
1.360000e+02 5.895999e-03 4.335293e-05
1.368889e+02 5.475636e-03 4.000059e-05
1.377778e+02 5.083132e-03 3.689370e-05
1.386667e+02 4.716834e-03 3.401563e-05
1.395556e+02 4.375172e-03 3.135076e-05
1.404444e+02 4.056654e-03 2.888440e-05
1.413333e+02 3.759860e-03 2.660279e-05
1.422222e+02 3.483448e-03 2.449299e-05
1.431111e+02 3.226141e-03 2.254291e-05
1.440000e+02 2.986733e-03 2.074120e-05
1.448889e+02 2.764082e-03 1.907725e-05
1.457778e+02 2.557110e-03 1.754115e-05
1.466667e+02 2.364798e-03 1.612362e-05
1.475556e+02 2.186186e-03 1.481602e-05
1.484444e+02 2.020368e-03 1.361026e-05
1.493333e+02 1.866493e-03 1.249884e-05
1.502222e+02 1.723760e-03 1.147473e-05
1.511111e+02 1.591416e-03 1.053143e-05
1.520000e+02 1.468755e-03 9.662859e-06
1.528889e+02 1.355113e-03 8.863382e-06
1.537778e+02 1.249869e-03 8.127759e-06
1.546667e+02 1.152440e-03 7.451123e-06
1.555556e+02 1.062282e-03 6.828957e-06
1.564444e+02 9.788831e-04 6.257065e-06
1.573333e+02 9.017646e-04 5.731555e-06
1.582222e+02 8.304782e-04 5.248809e-06
1.591111e+02 7.646034e-04 4.805468e-06
1.600000e+02 7.037453e-04 4.398408e-06
1.605333e+02 6.694925e-04 4.170427e-06
1.610667e+02 6.368425e-04 3.953906e-06
1.616000e+02 6.057241e-04 3.748293e-06
1.621333e+02 5.760689e-04 3.553057e-06
1.626667e+02 5.478116e-04 3.367694e-06
1.632000e+02 5.208893e-04 3.191724e-06
1.637333e+02 4.952421e-04 3.024687e-06
1.642667e+02 4.708122e-04 2.866146e-06
1.648000e+02 4.475447e-04 2.715684e-06
1.653333e+02 4.253867e-04 2.572903e-06
1.658667e+02 4.042876e-04 2.437425e-06
1.664000e+02 3.841991e-04 2.308889e-06
1.669333e+02 3.650749e-04 2.186950e-06
1.674667e+02 3.468707e-04 2.071282e-06
1.680000e+02 3.295441e-04 1.961572e-06
1.685333e+02 3.130546e-04 1.857523e-06
1.690667e+02 2.973634e-04 1.758853e-06
1.696000e+02 2.824335e-04 1.665292e-06
1.701333e+02 2.682293e-04 1.576583e-06
1.706667e+02 2.547171e-04 1.492483e-06
1.712000e+02 2.418645e-04 1.412760e-06
1.717333e+02 2.296405e-04 1.337192e-06
1.722667e+02 2.180155e-04 1.265570e-06
1.728000e+02 2.069612e-04 1.197692e-06
1.733333e+02 1.964508e-04 1.133370e-06
1.738667e+02 1.864585e-04 1.072422e-06
1.744000e+02 1.769595e-04 1.014676e-06
1.749333e+02 1.679305e-04 9.599686e-07
1.754667e+02 1.593491e-04 9.081443e-07
1.760000e+02 1.511938e-04 8.590556e-07
1.765867e+02 1.426908e-04 8.080499e-07
1.771733e+02 1.346529e-04 7.600064e-07
1.777600e+02 1.270554e-04 7.147579e-07
1.783467e+02 1.198750e-04 6.721461e-07
1.789333e+02 1.130897e-04 6.320212e-07
1.795200e+02 1.066783e-04 5.942419e-07
1.801067e+02 1.006210e-04 5.586743e-07
1.806933e+02 9.489872e-05 5.251922e-07
1.812800e+02 8.949362e-05 4.936762e-07
1.818667e+02 8.438861e-05 4.640136e-07
1.824533e+02 7.956754e-05 4.360981e-07
1.830400e+02 7.501510e-05 4.098290e-07
1.836267e+02 7.071675e-05 3.851116e-07
1.842133e+02 6.665875e-05 3.618562e-07
1.848000e+02 6.282803e-05 3.399785e-07
1.853867e+02 5.921225e-05 3.193987e-07
1.859733e+02 5.579969e-05 3.000414e-07
1.865600e+02 5.257926e-05 2.818356e-07
1.871467e+02 4.954043e-05 2.647145e-07
1.877333e+02 4.667326e-05 2.486147e-07
1.883200e+02 4.396831e-05 2.334766e-07
1.889067e+02 4.141664e-05 2.192439e-07
1.894933e+02 3.900980e-05 2.058637e-07
1.900800e+02 3.673977e-05 1.932858e-07
1.906667e+02 3.459897e-05 1.814632e-07
1.912533e+02 3.258024e-05 1.703512e-07
1.918400e+02 3.067679e-05 1.599082e-07
1.924267e+02 2.888220e-05 1.500946e-07
1.930133e+02 2.719042e-05 1.408733e-07
1.936000e+02 2.559575e-05 1.322095e-07
1.942453e+02 2.394722e-05 1.232834e-07
1.948907e+02 2.240272e-05 1.149502e-07
1.955360e+02 2.095584e-05 1.071713e-07
1.961813e+02 1.960058e-05 9.991054e-08
1.968267e+02 1.833127e-05 9.313410e-08
1.974720e+02 1.714259e-05 8.681025e-08
1.981173e+02 1.602953e-05 8.090929e-08
1.987627e+02 1.498738e-05 7.540342e-08
1.994080e+02 1.401173e-05 7.026663e-08
2.000533e+02 1.309841e-05 6.547461e-08
2.006987e+02 1.224354e-05 6.100458e-08
2.013440e+02 1.144344e-05 5.683528e-08
2.019893e+02 1.069469e-05 5.294681e-08
2.026347e+02 9.994055e-06 4.932056e-08
2.032800e+02 9.338511e-06 4.593915e-08
2.039253e+02 8.725216e-06 4.278633e-08
2.045707e+02 8.151506e-06 3.984689e-08
2.052160e+02 7.614877e-06 3.710664e-08
2.058613e+02 7.112983e-06 3.455230e-08
2.065067e+02 6.643619e-06 3.217145e-08
2.071520e+02 6.204717e-06 2.995249e-08
2.077973e+02 5.794338e-06 2.788456e-08
2.084427e+02 5.410659e-06 2.595754e-08
2.090880e+02 5.051973e-06 2.416195e-08
2.097333e+02 4.716679e-06 2.248894e-08
2.103787e+02 4.403278e-06 2.093025e-08
2.110240e+02 4.110364e-06 1.947818e-08
2.116693e+02 3.836626e-06 1.812557e-08
2.123147e+02 3.580842e-06 1.686573e-08
2.129600e+02 3.341871e-06 1.569248e-08
2.136699e+02 3.097092e-06 1.449475e-08
2.143797e+02 2.869964e-06 1.338729e-08
2.150896e+02 2.659240e-06 1.236341e-08
2.157995e+02 2.463759e-06 1.141689e-08
2.165093e+02 2.282438e-06 1.054199e-08
2.172192e+02 2.114269e-06 9.733342e-09
2.179291e+02 1.958311e-06 8.986002e-09
2.186389e+02 1.813692e-06 8.295374e-09
2.193488e+02 1.679598e-06 7.657201e-09
2.200587e+02 1.555274e-06 7.067543e-09
2.207685e+02 1.440018e-06 6.522752e-09
2.214784e+02 1.333179e-06 6.019452e-09
2.221883e+02 1.234148e-06 5.554516e-09
2.228981e+02 1.142365e-06 5.125055e-09
2.236080e+02 1.057307e-06 4.728393e-09
2.243179e+02 9.784865e-07 4.362053e-09
2.250277e+02 9.054541e-07 4.023744e-09
2.257376e+02 8.377901e-07 3.711345e-09
2.264475e+02 7.751051e-07 3.422892e-09
2.271573e+02 7.170370e-07 3.156565e-09
2.278672e+02 6.632490e-07 2.910682e-09
2.285771e+02 6.134282e-07 2.683682e-09
2.292869e+02 5.672838e-07 2.474122e-09
2.299968e+02 5.245455e-07 2.280664e-09
2.307067e+02 4.849624e-07 2.102073e-09
2.314165e+02 4.483018e-07 1.937207e-09
2.321264e+02 4.143487e-07 1.785013e-09
2.328363e+02 3.829045e-07 1.644523e-09
2.335461e+02 3.537870e-07 1.514848e-09
2.342560e+02 3.268297e-07 1.395182e-09
2.350369e+02 2.994669e-07 1.274128e-09
2.358177e+02 2.743153e-07 1.163252e-09
2.365986e+02 2.511953e-07 1.061694e-09
2.373794e+02 2.299405e-07 9.686624e-10
2.381603e+02 2.103974e-07 8.834277e-10
2.389411e+02 1.924239e-07 8.053191e-10
2.397220e+02 1.758888e-07 7.337198e-10
2.405028e+02 1.606710e-07 6.680629e-10
2.412837e+02 1.466589e-07 6.078277e-10
2.420645e+02 1.337493e-07 5.525358e-10
2.428454e+02 1.218471e-07 5.017477e-10
2.436262e+02 1.108644e-07 4.550593e-10
2.444071e+02 1.007200e-07 4.120994e-10
2.451879e+02 9.133884e-08 3.725258e-10
2.459688e+02 8.265133e-08 3.360236e-10
2.467497e+02 7.459294e-08 3.023021e-10
2.475305e+02 6.710363e-08 2.710924e-10
2.483114e+02 6.012743e-08 2.421453e-10
2.490922e+02 5.361203e-08 2.152296e-10
2.498731e+02 4.750831e-08 1.901298e-10
2.506539e+02 4.177009e-08 1.666445e-10
2.514348e+02 3.635367e-08 1.445849e-10
2.522156e+02 3.121765e-08 1.237737e-10
2.529965e+02 2.632258e-08 1.040433e-10
2.537773e+02 2.163076e-08 8.523520e-11
2.545582e+02 1.710604e-08 6.719892e-11
2.553390e+02 1.271361e-08 4.979108e-11
2.561199e+02 8.419914e-09 3.287489e-11
2.569007e+02 4.192511e-09 1.631958e-11
2.576816e+02 0.000000e+00
